0.001 -0.0002640574592946525
0.0512462311557789 -0.013525941647981942
0.1014924623115578 -0.02675317528056905
0.1517386934673367 -0.03991186835452859
0.2019849246231156 -0.0529682972246842
0.2522311557788945 -0.06588898641011848
0.3024773869346734 -0.07864078974536856
0.3527236180904523 -0.09119097066160876
0.4029698492462312 -0.10350728138591359
0.4532160804020101 -0.1155580408496864
0.503462311557789 -0.12731221110088556
0.5537085427135678 -0.13873947201882553
0.6039547738693468 -0.14981029413499056
0.6542010050251257 -0.16049600936853914
0.7044472361809045 -0.17076887949092232
0.7546934673366835 -0.1806021621403012
0.8049396984924624 -0.18997017421321782
0.8551859296482412 -0.19884835246820037
0.9054321608040202 -0.2072133111836904
0.9556783919597991 -0.2150428967208078
1.0059246231155778 -0.2223162388500161
1.0561708542713568 -0.22901379870970637
1.1064170854271356 -0.23511741327401373
1.1566633165829145 -0.24061033621685496
1.2069095477386935 -0.24547727506914582
1.2571557788944723 -0.24970442457642653
1.3074020100502513 -0.2532794961746704
1.3576482412060302 -0.25619174351281987
1.407894472361809 -0.2584319839615863
1.458140703517588 -0.2599926160592137
1.508386934673367 -0.26086763285623255
1.5586331658291457 -0.26105263113266264
1.6088793969849247 -0.2605448164726605
1.6591256281407036 -0.2593430041931891
1.7093718592964824 -0.2574476161349122
1.7596180904522614 -0.2548606733351109
1.8098643216080403 -0.251585784614009
1.860110552763819 -0.2476281311173707
1.910356783919598 -0.24299444686965394
1.960603015075377 -0.23769299540323113
2.010849246231156 -0.23173354254029652
2.0610954773869348 -0.22512732541493968
2.1113417085427137 -0.21788701783351527
2.1615879396984927 -0.2100266920817896
2.2118341708542713 -0.20156177729742186
2.2620804020100502 -0.19250901453603597
2.312326633165829 -0.1828864086685016
2.362572864321608 -0.17271317725597626
2.412819095477387 -0.16200969655777286
2.463065326633166 -0.15079744483515378
2.5133115577889447 -0.13909894312170615
2.5635577889447236 -0.12693769363797036
2.6138040201005026 -0.11433811603447325
2.6640502512562816 -0.1013254816532137
2.7142964824120606 -0.08792584600295278
2.7645427135678395 -0.07416597964833815
2.814788944723618 -0.06007329771693639
2.865035175879397 -0.04567578823163064
2.915281407035176 -0.031001939478553137
2.965527638190955 -0.016080666622745855
3.015773869346734 -0.0009412377850802132
3.066020100502513 0.014386800205414867
3.1162663316582915 0.02987369616973279
3.1665125628140705 0.04548956883429548
3.2167587939698494 0.061204480771788965
3.2670050251256284 0.07698851181784057
3.3172512562814074 0.09281183175683971
3.367497487437186 0.1086447720737918
3.417743718592965 0.12445789657334935
3.467989949748744 0.14022207067207718
3.518236180904523 0.15590852917556036
3.568482412060302 0.17148894235812837
3.618728643216081 0.186935480169725
3.6689748743718593 0.20222087440177647
3.7192211055276383 0.21731847865176013
3.7694673366834173 0.23220232593452225
3.8197135678391962 0.24684718379723744
3.869959798994975 0.2612286068041158
3.920206030150754 0.2753229862666348
3.9704522613065327 0.2891075971050508
4.020698492462312 0.30256064173724856
4.070944723618092 0.31566129090155953
4.12119095477387 0.3283897213309742
4.171437185929649 0.34072715020715566
4.221683417085428 0.352655866333766
4.271929648241207 0.36415925797982557
4.322175879396986 0.37522183735509723
4.3724221105527645 0.3858292616907187
4.422668341708543 0.3959683509095578
4.4729145728643225 0.40562710188189116
4.523160804020101 0.4147946992730231
4.57340703517588 0.423461523000334
4.623653266331659 0.43161915232789877
4.673899497487438 0.43926036663721285
4.724145728643217 0.44637914292274394
4.774391959798995 0.45297065007082865
4.824638190954775 0.45903123998994233
4.874884422110553 0.46455843566949667
4.925130653266333 0.46955091625303313
4.975376884422111 0.47400849921998955
5.02562311557789 0.4779321197780716
5.075869346733669 0.48132380757562815
5.126115577889448 0.4841866608503477
5.176361809045227 0.48652481813695764
5.226608040201006 0.4883434276624882
5.276854271356784 0.4896486145630035
5.327100502512564 0.4904474460604775
5.377346733668342 0.4907478947427438
5.427592964824122 0.4905588000931364
5.4778391959799 0.4898898284195413
5.52808542713568 0.4887514313351666
5.578331658291458 0.4871548029452992
5.628577889447237 0.4851118358957892
5.678824120603016 0.482635076439844
5.729070351758795 0.4797376786800751
5.779316582914574 0.4764333581424936
5.829562814070353 0.4727363448384154
5.879809045226131 0.46866133596895543
5.9300552763819105 0.46422344842500063
5.980301507537689 0.45943817123326386
6.0305477386934685 0.454321318096251
6.080793969849247 0.44888898017073936
6.1310402010050264 0.4431574792256755
6.181286432160805 0.43714332131628825
6.2315326633165835 0.4308631511066944
6.281778894472363 0.4243337069683486
6.3320251256281415 0.4175717769764385
6.382271356783921 0.4105941559206777
6.432517587939699 0.40341760344105404
6.482763819095478 0.3960588033928328
6.533010050251257 0.38853432453865727
6.583256281407036 0.38086058265884914
6.633502512562815 0.37305380416408757
6.683748743718594 0.3651299912875375
6.733994974874372 0.35710488892623143
6.784241206030152 0.34899395319413656
6.83448743718593 0.3408123217418612
6.88473366834171 0.3325747858904203
6.934979899497488 0.32429576461893245
6.985226130653268 0.3159892804385356
7.035472361809046 0.3076689371773049
7.085718592964825 0.29934789969345554
7.135964824120604 0.29103887552675833
7.186211055276383 0.2827540984908212
7.236457286432162 0.2745053142017665
7.286703517587941 0.26630376753191326
7.336949748743719 0.25816019197031465
7.387195979899499 0.2500848008654986
7.437442211055277 0.24208728051949324
7.487688442211057 0.2341767850962292
7.537934673366835 0.22636193330172036
7.5881809045226145 0.2186508067880373
7.638427135678393 0.2110509502280541
7.688673366834172 0.20356937300323602
7.738919597989951 0.1962125524424143
7.7891658291457295 0.18898643854552763
7.839412060301509 0.18189646012274036
7.8896582914572875 0.17494753227617074
7.939904522613066 0.16814406514867708
7.990150753768845 0.1614899738617866
8.040396984924623 0.15498868956287432
8.090643216080402 0.14864317150013914
8.140889447236182 0.14245592004276772
8.19113567839196 0.1364289905629115
8.241381909547739 0.13056400809572943
8.291628140703518 0.12486218269376918
8.341874371859296 0.11932432539233372
8.392120603015076 0.11395086470323086
8.442366834170855 0.10874186355538817
8.492613065326633 0.1036970366022325
8.542859296482412 0.09881576781746824
8.59310552763819 0.09409712830290548
8.64335175879397 0.08953989423429026
8.69359798994975 0.08514256487363898
8.743844221105528 0.08090338057935528
8.794090452261306 0.07682034074840641
8.844336683417085 0.07289122162800284
8.894582914572865 0.06911359393756886
8.944829145728644 0.06548484024526828
8.995075376884422 0.06200217204694001
9.0453216080402 0.05866264649898775
9.09556783919598 0.055463182760518724
9.14581407035176 0.05240057790382673
9.196060301507538 0.0494715223561419
9.246306532663317 0.046672614839391564
9.296552763819095 0.044000376778529283
9.346798994974876 0.04145126615275658
9.397045226130654 0.03902169076767568
9.447291457286433 0.036708020930049885
9.497537688442211 0.03450660151039815
9.54778391959799 0.03241376338208838
9.59803015075377 0.030425834228918418
9.648276381909549 0.028539148716361554
9.698522613065327 0.0267500580246975
9.748768844221106 0.025054938745144355
9.799015075376884 0.023450201142833894
9.849261306532664 0.021932296793036633
9.899507537688443 0.020497725599429167
9.949753768844221 0.019143042205405296
10.0 0.01786486181146217
