0.001 0.26963304950855965
0.0512462311557789 0.2542906810004567
0.1014924623115578 0.23882603476902894
0.1517386934673367 0.22324459279811384
0.2019849246231156 0.207552026539713
0.2522311557788945 0.1917541940510683
0.3024773869346734 0.17585713681140877
0.3527236180904523 0.1598670762160778
0.4029698492462312 0.1437904097484944
0.4532160804020101 0.1276337068294917
0.503462311557789 0.11140370434406469
0.5537085427135678 0.09510730184845334
0.6039547738693468 0.07875155645644624
0.6542010050251257 0.06234367741120067
0.7044472361809045 0.04589102034266317
0.7546934673366835 0.02940108121553577
0.8049396984924624 0.012881489972919545
0.8551859296482412 -0.003659996120511802
0.9054321608040202 -0.020215499428838477
0.9556783919597991 -0.036777029182658696
1.0059246231155778 -0.05333648899758758
1.0561708542713568 -0.06988568466450497
1.1064170854271356 -0.0864163322044365
1.1566633165829145 -0.10292006617780358
1.2069095477386935 -0.11938844823868751
1.2571557788944723 -0.13581297592418468
1.3074020100502513 -0.15218509166662744
1.3576482412060302 -0.16849619201845972
1.407894472361809 -0.1847376370763688
1.458140703517588 -0.20090076009218968
1.508386934673367 -0.21697687725849785
1.5586331658291457 -0.2329572976520582
1.6088793969849247 -0.24883333332405896
1.6591256281407036 -0.2645963095197435
1.7093718592964824 -0.28023757500684343
1.7596180904522614 -0.295748512390253
1.8098643216080403 -0.31112054699611386
1.860110552763819 -0.32634513979641616
1.910356783919598 -0.34141364758547277
1.960603015075377 -0.35631632908376665
2.010849246231156 -0.3710371432346464
2.0610954773869348 -0.3855330216017908
2.1113417085427137 -0.3996720714817198
2.1615879396984927 -0.41310194450381027
2.2118341708542713 -0.4250730498393914
2.2620804020100502 -0.43436785355316093
2.312326633165829 -0.43955674500789604
2.362572864321608 -0.4395984704408518
2.412819095477387 -0.43440636956951484
2.463065326633166 -0.424897642982379
2.5133115577889447 -0.41248034209634965
2.5635577889447236 -0.39842490372659256
2.6138040201005026 -0.3835473691842769
2.6640502512562816 -0.36824331141570543
2.7142964824120606 -0.35266173078091384
2.7645427135678395 -0.33684770169601197
2.814788944723618 -0.3208134049416602
2.865035175879397 -0.30456311856838164
2.915281407035176 -0.2880997713972009
2.965527638190955 -0.2714262577778373
3.015773869346734 -0.25454564272632496
3.066020100502513 -0.23746118734138472
3.1162663316582915 -0.22017635147396852
3.1665125628140705 -0.20269479394098214
3.2167587939698494 -0.1850203723147015
3.2670050251256284 -0.16715714244254765
3.3172512562814074 -0.14910935770435532
3.367497487437186 -0.13088146800371642
3.417743718592965 -0.11247811848997508
3.467989949748744 -0.0939041480099491
3.518236180904523 -0.07516458728528053
3.568482412060302 -0.056264656815654165
3.618728643216081 -0.037209764505755576
3.6689748743718593 -0.018005503015709582
3.7192211055276383 0.0013423531648977015
3.7694673366834173 0.020827850919704793
3.8197135678391962 0.040444861983073434
3.869959798994975 0.060187086691717566
3.920206030150754 0.08004805800822556
3.9704522613065327 0.10002114581376424
4.020698492462312 0.12009956146766974
4.070944723618092 0.1402763626293914
4.12119095477387 0.1605444583394828
4.171437185929649 0.18089661435475732
4.221683417085428 0.20132545873225927
4.271929648241207 0.22182348765712837
4.322175879396986 0.24238307150722546
4.3724221105527645 0.2629964611494008
4.422668341708543 0.2836557944542135
4.4729145728643225 0.304353103038579
4.523160804020101 0.32508031919994346
4.57340703517588 0.34582928306140037
4.623653266331659 0.36659174990193955
4.673899497487438 0.3873593976682722
4.724145728643217 0.40812383465648455
4.774391959798995 0.42887660735437366
4.824638190954775 0.44960920843166063
4.874884422110553 0.4703130848422668
4.925130653266333 0.49097964565376506
4.975376884422111 0.5116002651946977
5.02562311557789 0.5321662410695905
5.075869346733669 0.5526684196007899
5.126115577889448 0.573094932879162
5.176361809045227 0.5934207985034659
5.226608040201006 0.6135716963839059
5.276854271356784 0.6333311776575619
5.327100502512564 0.6521778369576661
5.377346733668342 0.6691318218352548
5.427592964824122 0.6828165720788254
5.4778391959799 0.6919007622134533
5.52808542713568 0.695749223052215
5.578331658291458 0.6947866708729715
5.628577889447237 0.6902470068896528
5.678824120603016 0.6835366077789963
5.729070351758795 0.6757225094273425
5.779316582914574 0.6674006532298635
5.829562814070353 0.6588254283335899
5.879809045226131 0.6500814342997906
5.9300552763819105 0.6411909644388318
5.980301507537689 0.6321589255621368
6.0305477386934685 0.6229865186408821
6.080793969849247 0.6136743892423825
6.1310402010050264 0.6042231872623202
6.181286432160805 0.594633645028473
6.2315326633165835 0.5849065864043059
6.281778894472363 0.5750429281172221
6.3320251256281415 0.5650436803150527
6.382271356783921 0.5549099469733081
6.432517587939699 0.5446429261948408
6.482763819095478 0.5342439104024551
6.533010050251257 0.5237142864228754
6.583256281407036 0.5130555354605314
6.633502512562815 0.5022692329597995
6.683748743718594 0.4913570483545232
6.733994974874372 0.4803207447038125
6.784241206030152 0.4691621782133179
6.83448743718593 0.4578832976413617
6.88473366834171 0.4464861435895045
6.934979899497488 0.4349728476773388
6.985226130653268 0.42334563160148053
7.035472361809046 0.41160680607896183
7.085718592964825 0.3997587696753827
7.135964824120604 0.387804007518499
7.186211055276383 0.3757450898979415
7.236457286432162 0.3635846707521974
7.286703517587941 0.35132548604399727
7.336949748743719 0.3389703520255912
7.387195979899499 0.32652216339552304
7.437442211055277 0.3139838913487569
7.487688442211057 0.3013585815222078
7.537934673366835 0.2886493518379112
7.5881809045226145 0.2758593902462825
7.638427135678393 0.2629919523720978
7.688673366834172 0.2500503590660229
7.738919597989951 0.2370379938646989
7.7891658291457295 0.22395830036257086
7.839412060301509 0.2108147794988255
7.8896582914572875 0.19761098676296948
7.939904522613066 0.1843505293228685
7.990150753768845 0.17103706308183284
8.040396984924623 0.15767428971527814
8.090643216080402 0.14426595431368286
8.140889447236182 0.1308158501607045
8.19113567839196 0.11732788380046519
8.241381909547739 0.10380653301532151
8.291628140703518 0.09025926640358585
8.341874371859296 0.07670630733503574
8.392120603015076 0.06321016952077904
8.442366834170855 0.04993970281216568
8.492613065326633 0.037258559523970274
8.542859296482412 0.025765717618999706
8.59310552763819 0.016177026630905735
8.64335175879397 0.00903039284014923
8.69359798994975 0.004395605494806512
8.743844221105528 0.001834341450764683
8.794090452261306 0.0006471112289056615
8.844336683417085 0.0001908031830964755
8.894582914572865 4.660056794873843e-05
8.944829145728644 9.360910949819273e-06
8.995075376884422 1.5379584482568915e-06
9.0453216080402 2.0575848767567742e-07
9.09556783919598 2.2337611480634238e-08
9.14581407035176 1.9622879854874127e-09
9.196060301507538 1.3917200087403816e-10
9.246306532663317 7.95449158487073e-12
9.296552763819095 3.6582972341791743e-13
9.346798994974876 1.352099784086918e-14
9.397045226130654 4.0118564419475787e-16
9.447291457286433 9.547806620235876e-18
9.497537688442211 1.8211903745672063e-19
9.54778391959799 2.782396411304397e-21
9.59803015075377 3.4029156738263965e-23
9.648276381909549 3.3299684605825156e-25
9.698522613065327 2.606156410762435e-27
9.748768844221106 1.6306818645798008e-29
9.799015075376884 8.154594599794718e-32
9.849261306532664 3.258157713069618e-34
9.899507537688443 1.0398355921405183e-36
9.949753768844221 2.6501993017862293e-39
10.0 5.3929044915897116e-42
