#./overdamped_3d --dev=0 --amp=40.0 --omega=1.0 --force=0 --Dg=0.01 --block=256 --paths=262144 --periods=1000 --trans=100 --samples=100 --spp=500 --algorithm=euler --pav=1 --mode=moments --domain=1d --domainx=s:-2:3:300:1 --domainy=a:0:10:100:0 --domainz=D:-6:-1:100:1 --q=2 --eps=0 --phi=1.57079632679 --lambda=30 --zeta=0.0333333333333 --comp=0 --mean=1.0 --second=50 --skew=0.99 --distribution=s>> journal_4_s_30_s:-2:3:300:1_1.0_0.99_40.0.dat
#s <<v>> qnu(q) mu_q Dx Gx EBx
1.000000e-02 4.861240e-08 6.812767e-05 7.489880e+00 5.962334e-04 -2.412513e-01 2.167463e-03
1.039122e-02 -8.263686e-09 -2.605038e-04 7.480460e+00 5.954579e-04 -2.395082e-01 2.181411e-03
1.079775e-02 6.130306e-08 1.545714e-04 7.492172e+00 5.963704e-04 -2.415190e-01 2.168894e-03
1.122018e-02 2.280946e-08 8.190726e-05 7.499487e+00 5.969570e-04 -2.432528e-01 2.157688e-03
1.165914e-02 -5.438854e-09 5.310274e-05 7.497337e+00 5.968008e-04 -2.426737e-01 2.178431e-03
1.211527e-02 6.935593e-08 2.593871e-04 7.482413e+00 5.956108e-04 -2.388759e-01 2.160072e-03
1.258925e-02 6.661542e-09 -1.869494e-04 7.460903e+00 5.939745e-04 -2.345423e-01 2.207518e-03
1.308177e-02 3.786117e-08 2.276561e-05 7.499126e+00 5.969221e-04 -2.429808e-01 2.164721e-03
1.359356e-02 -4.650432e-08 1.880687e-04 7.525951e+00 5.990287e-04 -2.488016e-01 2.200007e-03
1.412537e-02 4.991941e-08 9.525413e-05 7.502498e+00 5.971860e-04 -2.434185e-01 2.191901e-03
1.467799e-02 -5.894200e-08 -1.621362e-04 7.471398e+00 5.947446e-04 -2.366705e-01 2.185702e-03
1.525222e-02 -1.007664e-07 5.383595e-05 7.527625e+00 5.991950e-04 -2.491299e-01 2.218604e-03
1.584893e-02 1.280028e-07 5.567039e-06 7.488039e+00 5.960301e-04 -2.400566e-01 2.205610e-03
1.646897e-02 5.877336e-08 1.807603e-04 7.520108e+00 5.985601e-04 -2.470261e-01 2.216578e-03
1.711327e-02 -2.445376e-09 4.664919e-05 7.457425e+00 5.936735e-04 -2.326397e-01 2.193451e-03
1.778278e-02 -1.839092e-07 -2.952828e-04 7.519297e+00 5.985672e-04 -2.473525e-01 2.195597e-03
1.847849e-02 5.565339e-09 4.320268e-05 7.473239e+00 5.949138e-04 -2.360550e-01 2.219796e-03
1.920141e-02 -2.226136e-08 -1.423046e-04 7.503622e+00 5.972781e-04 -2.433504e-01 2.202511e-03
1.995261e-02 8.685302e-09 6.424968e-06 7.507049e+00 5.975366e-04 -2.436985e-01 2.210855e-03
2.073320e-02 -1.186008e-07 -1.204891e-04 7.497292e+00 5.967967e-04 -2.415701e-01 2.187967e-03
2.154433e-02 -5.265992e-08 2.605359e-04 7.486809e+00 5.959374e-04 -2.384847e-01 2.184629e-03
2.238719e-02 5.674960e-08 -4.428551e-05 7.491435e+00 5.963375e-04 -2.397551e-01 2.231121e-03
2.326303e-02 -1.467226e-07 -1.908994e-04 7.498856e+00 5.969140e-04 -2.416629e-01 2.189398e-03
2.417313e-02 -6.151387e-08 1.070813e-04 7.488106e+00 5.960541e-04 -2.385934e-01 2.216578e-03
2.511884e-02 -4.625134e-08 1.866623e-04 7.474556e+00 5.950362e-04 -2.350200e-01 2.172589e-03
2.610155e-02 1.056993e-07 2.078089e-04 7.508160e+00 5.976391e-04 -2.427614e-01 2.207518e-03
2.712270e-02 -3.419311e-08 2.607599e-04 7.486984e+00 5.959565e-04 -2.375791e-01 2.200723e-03
2.818380e-02 -3.339204e-08 5.168871e-05 7.489963e+00 5.962273e-04 -2.384850e-01 2.225876e-03
2.928642e-02 1.270753e-07 -1.860072e-04 7.467058e+00 5.943862e-04 -2.333461e-01 2.195239e-03
3.043217e-02 -1.071749e-07 5.825244e-05 7.477120e+00 5.952100e-04 -2.351413e-01 2.214193e-03
3.162274e-02 -2.424296e-08 -1.117617e-04 7.499469e+00 5.969685e-04 -2.404181e-01 2.167702e-03
3.285990e-02 -6.691056e-08 -5.515862e-05 7.502554e+00 5.971674e-04 -2.408438e-01 2.204895e-03
3.414545e-02 7.475263e-08 2.512335e-05 7.478607e+00 5.953189e-04 -2.350156e-01 2.230763e-03
3.548130e-02 6.648894e-08 1.826226e-05 7.513445e+00 5.980452e-04 -2.428682e-01 2.164364e-03
3.686940e-02 -5.346099e-08 -1.430809e-04 7.516139e+00 5.982431e-04 -2.434584e-01 2.190590e-03
3.831182e-02 5.637014e-08 -1.355387e-04 7.493547e+00 5.964412e-04 -2.380004e-01 2.179265e-03
3.981066e-02 1.576846e-08 -1.252326e-05 7.508133e+00 5.976217e-04 -2.409005e-01 2.201557e-03
4.136815e-02 -4.827510e-08 -1.902621e-04 7.471771e+00 5.947371e-04 -2.325397e-01 2.201915e-03
4.298656e-02 1.741277e-08 -3.626049e-04 7.469811e+00 5.945924e-04 -2.321071e-01 2.181411e-03
4.466829e-02 -4.026439e-08 -4.090959e-04 7.488379e+00 5.960793e-04 -2.362671e-01 2.162099e-03
4.641582e-02 6.990403e-08 3.119123e-04 7.528416e+00 5.992238e-04 -2.440678e-01 2.200723e-03
4.823171e-02 2.239627e-07 1.068058e-03 7.517779e+00 5.983770e-04 -2.344284e-01 2.186298e-03
5.011865e-02 8.055829e-07 2.507510e-03 7.551969e+00 6.010923e-04 -2.308294e-01 2.202988e-03
5.207940e-02 6.131149e-07 1.754601e-03 7.514761e+00 5.981604e-04 -2.256229e-01 2.187133e-03
5.411686e-02 1.363930e-06 3.900990e-03 7.575573e+00 6.029671e-04 -2.264476e-01 2.218485e-03
5.623404e-02 2.026416e-06 5.192788e-03 7.613250e+00 6.060158e-04 -2.249023e-01 2.199769e-03
5.843404e-02 2.168965e-06 6.422916e-03 7.606269e+00 6.054263e-04 -2.170557e-01 2.213120e-03
6.072012e-02 4.508979e-06 1.208485e-02 7.683536e+00 6.116056e-04 -1.895311e-01 2.213001e-03
6.309562e-02 4.763931e-06 1.365248e-02 7.684706e+00 6.117032e-04 -1.762120e-01 2.266645e-03
6.556407e-02 6.511953e-06 1.799154e-02 7.747441e+00 6.167062e-04 -1.714032e-01 2.249479e-03
6.812909e-02 1.014355e-05 2.691113e-02 7.912580e+00 6.298239e-04 -1.424718e-01 2.285480e-03
7.079445e-02 1.248702e-05 3.406204e-02 8.025766e+00 6.388203e-04 -1.152444e-01 2.312422e-03
7.356408e-02 1.896857e-05 5.283085e-02 8.284054e+00 6.593937e-04 -5.548728e-02 2.346277e-03
7.644208e-02 2.674310e-05 6.925416e-02 8.569777e+00 6.821193e-04 -1.480937e-02 2.390265e-03
7.943267e-02 3.705040e-05 9.258778e-02 8.988292e+00 7.154347e-04 4.552019e-02 2.470374e-03
8.254025e-02 5.404497e-05 1.286944e-01 9.612499e+00 7.651367e-04 1.160866e-01 2.589822e-03
8.576941e-02 7.238264e-05 1.645645e-01 1.033782e+01 8.228517e-04 1.835343e-01 2.697706e-03
8.912491e-02 9.767280e-05 2.071929e-01 1.127192e+01 8.971989e-04 2.109462e-01 2.810478e-03
9.261168e-02 1.440665e-04 2.692290e-01 1.301563e+01 1.035983e-03 2.491884e-01 3.031611e-03
9.623486e-02 1.937987e-04 3.426793e-01 1.523939e+01 1.212619e-03 4.142647e-01 3.242254e-03
9.999978e-02 2.547062e-04 3.931601e-01 1.744573e+01 1.387831e-03 3.289970e-01 3.440499e-03
1.039120e-01 3.445829e-04 4.602089e-01 2.088320e+01 1.661014e-03 2.798111e-01 3.730893e-03
1.079773e-01 4.518979e-04 5.343094e-01 2.554903e+01 2.031576e-03 2.819366e-01 4.068494e-03
1.122016e-01 5.806935e-04 5.900502e-01 3.060715e+01 2.433450e-03 3.179934e-01 4.359484e-03
1.165912e-01 7.680065e-04 6.520054e-01 3.812679e+01 3.032355e-03 2.755028e-01 4.800320e-03
1.211525e-01 9.956565e-04 6.867338e-01 4.597110e+01 3.657716e-03 1.680877e-01 5.148530e-03
1.258922e-01 1.260731e-03 7.266958e-01 5.555944e+01 4.423556e-03 1.383778e-01 5.509019e-03
1.308174e-01 1.595348e-03 7.562674e-01 6.739072e+01 5.363884e-03 1.047274e-01 5.864143e-03
1.359353e-01 2.005289e-03 7.874573e-01 8.210477e+01 6.530174e-03 8.135939e-02 6.302834e-03
1.412534e-01 2.534741e-03 8.286907e-01 1.045816e+02 8.315928e-03 5.590093e-02 6.878853e-03
1.467796e-01 3.175139e-03 8.561760e-01 1.300499e+02 1.034664e-02 1.069587e-01 7.445693e-03
1.525219e-01 3.940690e-03 8.740744e-01 1.584179e+02 1.261394e-02 4.286003e-02 7.820606e-03
1.584889e-01 4.914993e-03 9.029807e-01 1.979319e+02 1.573628e-02 6.101453e-02 8.278370e-03
1.646893e-01 6.094598e-03 9.108846e-01 2.416868e+02 1.920917e-02 6.514847e-02 8.655310e-03
1.711324e-01 7.527234e-03 9.246144e-01 2.987598e+02 2.375049e-02 3.405547e-02 9.010792e-03
1.778274e-01 9.183092e-03 9.491825e-01 3.714814e+02 2.954568e-02 5.459571e-02 9.430885e-03
1.847845e-01 1.125848e-02 9.578676e-01 4.522019e+02 3.585653e-02 5.287576e-02 9.608388e-03
1.920137e-01 1.371299e-02 9.638186e-01 5.427811e+02 4.312908e-02 2.903032e-02 9.589314e-03
1.995257e-01 1.660916e-02 9.835944e-01 6.795448e+02 5.399549e-02 4.022861e-02 9.832740e-03
2.073316e-01 1.992533e-02 9.902648e-01 8.083777e+02 6.439231e-02 3.777742e-03 9.652376e-03
2.154428e-01 2.398192e-02 9.928770e-01 9.710696e+02 7.723817e-02 1.734209e-02 9.470940e-03
2.238715e-01 2.864170e-02 1.005245e+00 1.194823e+03 9.462538e-02 2.112150e-02 9.373784e-03
2.326298e-01 3.410165e-02 1.005528e+00 1.415307e+03 1.123914e-01 -7.247925e-04 9.009242e-03
2.417308e-01 4.047276e-02 1.000733e+00 1.679720e+03 1.321981e-01 -3.992301e-02 8.664727e-03
2.511879e-01 4.782583e-02 9.928446e-01 1.937120e+03 1.556187e-01 -3.529692e-02 8.053064e-03
2.610149e-01 5.628953e-02 1.007887e+00 2.304128e+03 1.878320e-01 -2.817070e-02 7.715344e-03
2.712264e-01 6.602620e-02 1.011298e+00 2.704109e+03 2.172054e-01 -1.778221e-02 7.246256e-03
2.818374e-01 7.710193e-02 9.983683e-01 3.149682e+03 2.550781e-01 -2.425671e-02 6.811976e-03
2.928635e-01 8.979461e-02 1.009353e+00 3.689118e+03 2.964310e-01 -1.856416e-02 6.364107e-03
3.043210e-01 1.041939e-01 1.017374e+00 4.313619e+03 3.335564e-01 -1.727939e-02 5.980730e-03
3.162267e-01 1.203839e-01 1.012174e+00 4.925869e+03 3.911680e-01 1.066697e-02 5.532384e-03
3.285983e-01 1.387046e-01 1.009280e+00 5.673900e+03 4.411427e-01 1.518464e-02 5.136728e-03
3.414538e-01 1.591117e-01 1.010040e+00 6.478605e+03 5.103701e-01 2.486062e-02 4.718542e-03
3.548123e-01 1.821022e-01 1.001252e+00 7.187172e+03 5.820197e-01 3.701222e-02 4.299760e-03
3.686934e-01 2.076132e-01 9.998491e-01 8.168875e+03 6.802580e-01 2.496612e-02 3.904462e-03
3.831175e-01 2.359714e-01 9.965791e-01 9.294532e+03 7.251099e-01 2.011466e-02 3.665805e-03
3.981059e-01 2.675148e-01 9.950982e-01 1.051770e+04 8.458687e-01 2.050686e-02 3.356695e-03
4.136808e-01 3.023843e-01 9.848445e-01 1.173784e+04 8.751731e-01 3.806365e-02 3.140688e-03
4.298649e-01 3.405616e-01 9.830492e-01 1.308718e+04 1.032438e+00 2.818084e-02 2.863526e-03
4.466822e-01 3.824606e-01 9.797380e-01 1.467911e+04 1.134058e+00 4.671192e-02 2.647281e-03
4.641575e-01 4.282103e-01 9.717076e-01 1.603028e+04 1.192389e+00 2.983022e-02 2.421260e-03
4.823164e-01 4.781108e-01 9.804862e-01 1.823587e+04 1.414171e+00 3.708589e-02 2.276421e-03
5.011858e-01 5.319913e-01 9.710222e-01 2.010159e+04 1.653381e+00 2.206862e-02 2.120495e-03
5.207933e-01 5.902593e-01 9.778519e-01 2.269131e+04 1.830441e+00 1.083529e-02 2.011895e-03
5.411680e-01 6.533092e-01 9.770972e-01 2.527261e+04 1.818027e+00 -2.039635e-02 1.904845e-03
5.623397e-01 7.207235e-01 9.829182e-01 2.802723e+04 2.252361e+00 -9.460151e-03 1.796722e-03
5.843398e-01 7.930597e-01 9.993402e-01 3.159613e+04 2.622078e+00 -5.314708e-03 1.706719e-03
6.072005e-01 8.701259e-01 9.969212e-01 3.461200e+04 2.874816e+00 -1.079780e-02 1.589775e-03
6.309556e-01 9.517320e-01 9.933825e-01 3.814423e+04 3.090152e+00 3.150702e-04 1.486301e-03
6.556400e-01 1.038085e+00 9.996775e-01 4.205917e+04 3.345437e+00 -1.795435e-02 1.423717e-03
6.812901e-01 1.129904e+00 9.998257e-01 4.575051e+04 3.653242e+00 3.246069e-03 1.336336e-03
7.079438e-01 1.226007e+00 9.961879e-01 4.946902e+04 4.126569e+00 8.418560e-04 1.262665e-03
7.356402e-01 1.326731e+00 9.924490e-01 5.338337e+04 4.527640e+00 -1.851380e-03 1.191020e-03
7.644201e-01 1.431952e+00 9.861216e-01 5.777282e+04 4.534006e+00 -1.884580e-02 1.136422e-03
7.943260e-01 1.541359e+00 9.923538e-01 6.306477e+04 4.661966e+00 -2.268040e-02 1.105547e-03
8.254018e-01 1.655140e+00 9.750486e-01 6.614995e+04 5.821887e+00 -8.823633e-03 1.007795e-03
8.576935e-01 1.771989e+00 9.845135e-01 7.226857e+04 5.861358e+00 -9.136677e-03 9.608269e-04
8.912484e-01 1.893078e+00 9.885885e-01 7.847112e+04 6.404395e+00 -4.954576e-03 9.418726e-04
9.261161e-01 2.017102e+00 9.807525e-01 8.368504e+04 7.205262e+00 1.311207e-02 8.925200e-04
9.623479e-01 2.143804e+00 9.814140e-01 9.088095e+04 7.131414e+00 9.639263e-04 8.438826e-04
9.999971e-01 2.272838e+00 9.804757e-01 9.737510e+04 7.635617e+00 7.028818e-03 8.161068e-04
1.039119e+00 2.403659e+00 9.889020e-01 1.057183e+05 8.640203e+00 -1.071370e-02 7.663965e-04
1.079772e+00 2.535793e+00 9.836000e-01 1.122770e+05 8.523066e+00 -9.105682e-03 7.270575e-04
1.122015e+00 2.669430e+00 9.864298e-01 1.212679e+05 9.760654e+00 -1.531208e-02 7.523298e-04
1.165911e+00 2.803395e+00 9.831944e-01 1.289098e+05 9.793758e+00 -4.232585e-03 7.022619e-04
1.211524e+00 2.936838e+00 9.859206e-01 1.378119e+05 1.081999e+01 4.602551e-03 6.847382e-04
1.258922e+00 3.070107e+00 9.835976e-01 1.461229e+05 1.218745e+01 -8.813620e-03 6.511211e-04
1.308174e+00 3.201986e+00 9.850904e-01 1.551695e+05 1.339193e+01 -3.828645e-03 6.400347e-04
1.359353e+00 3.332092e+00 9.856104e-01 1.671033e+05 1.452766e+01 1.594877e-02 5.922318e-04
1.412534e+00 3.459659e+00 9.943796e-01 1.792984e+05 1.430867e+01 9.654641e-03 6.273985e-04
1.467795e+00 3.584068e+00 9.942078e-01 1.907778e+05 1.437487e+01 3.651261e-03 5.781651e-04
1.525219e+00 3.704878e+00 9.936990e-01 2.030867e+05 1.751468e+01 1.203585e-02 5.697012e-04
1.584889e+00 3.821665e+00 1.002116e+00 2.188792e+05 1.891015e+01 -8.424520e-03 5.701780e-04
1.646893e+00 3.934597e+00 1.004278e+00 2.347965e+05 1.683223e+01 5.618453e-03 5.881786e-04
1.711323e+00 4.042042e+00 1.005865e+00 2.501549e+05 2.175202e+01 1.718760e-02 5.542040e-04
1.778274e+00 4.144630e+00 1.003907e+00 2.637785e+05 2.066722e+01 3.980398e-03 5.760193e-04
1.847844e+00 4.241991e+00 9.983439e-01 2.773091e+05 2.104410e+01 -9.661496e-03 5.450249e-04
1.920137e+00 4.332330e+00 1.005895e+00 2.958254e+05 2.160433e+01 -9.932578e-03 5.303621e-04
1.995257e+00 4.416831e+00 1.007795e+00 3.136527e+05 2.441564e+01 -1.931822e-02 5.202293e-04
2.073316e+00 4.494966e+00 1.010160e+00 3.322728e+05 2.404895e+01 -2.716994e-02 5.252361e-04
2.154429e+00 4.566513e+00 1.014036e+00 3.526802e+05 2.524070e+01 -2.968413e-02 5.615950e-04
2.238715e+00 4.631888e+00 1.003134e+00 3.678095e+05 2.974287e+01 -1.957649e-02 4.993677e-04
2.326299e+00 4.690469e+00 1.002919e+00 3.885153e+05 3.126058e+01 -1.705110e-02 5.308390e-04
2.417309e+00 4.742167e+00 1.009249e+00 4.140156e+05 3.236066e+01 -1.204216e-02 5.117655e-04
2.511880e+00 4.787236e+00 1.008773e+00 4.359220e+05 3.368992e+01 -1.056916e-02 4.628897e-04
2.610151e+00 4.825655e+00 1.007112e+00 4.531084e+05 3.587480e+01 -1.260346e-02 5.189180e-04
2.712266e+00 4.857200e+00 1.006634e+00 4.755106e+05 3.660309e+01 3.428936e-03 5.121231e-04
2.818376e+00 4.881580e+00 1.010998e+00 5.040871e+05 3.878797e+01 -8.681417e-04 5.130768e-04
2.928637e+00 4.899476e+00 1.005258e+00 5.297288e+05 4.264334e+01 1.434183e-02 5.078316e-04
3.043212e+00 4.910913e+00 1.010446e+00 5.565066e+05 4.628989e+01 1.645136e-02 5.171299e-04
3.162270e+00 4.915808e+00 1.010672e+00 5.842411e+05 4.604034e+01 1.473701e-02 4.835129e-04
3.285985e+00 4.913043e+00 1.009266e+00 6.103652e+05 4.831689e+01 1.858509e-02 4.827976e-04
3.414541e+00 4.904428e+00 1.007114e+00 6.394521e+05 4.963597e+01 3.384209e-02 5.190372e-04
3.548125e+00 4.889040e+00 1.002509e+00 6.701324e+05 5.203984e+01 2.912498e-02 4.845858e-04
3.686936e+00 4.866107e+00 1.002290e+00 6.993080e+05 5.419416e+01 2.732944e-02 4.974604e-04
3.831177e+00 4.835360e+00 1.003209e+00 7.303009e+05 5.732124e+01 2.190018e-02 4.981756e-04
3.981061e+00 4.799459e+00 9.943874e-01 7.572984e+05 6.165535e+01 2.454674e-02 4.839897e-04
4.136810e+00 4.755226e+00 1.004182e+00 7.961818e+05 6.234290e+01 1.622963e-02 5.085468e-04
4.298651e+00 4.703980e+00 1.001101e+00 8.304517e+05 6.616262e+01 1.492143e-02 4.863739e-04
4.466824e+00 4.644846e+00 1.000324e+00 8.657498e+05 6.604038e+01 1.226258e-02 4.897118e-04
4.641576e+00 4.576118e+00 9.963792e-01 8.941091e+05 6.919292e+01 2.218485e-03 4.981756e-04
4.823165e+00 4.498857e+00 9.991208e-01 9.412454e+05 7.559477e+01 -2.820432e-03 5.037785e-04
5.011858e+00 4.413868e+00 9.966849e-01 9.788891e+05 7.845702e+01 -1.545912e-02 5.018711e-04
5.207934e+00 4.316527e+00 9.969437e-01 1.021216e+06 8.143640e+01 -1.319951e-02 5.208254e-04
5.411680e+00 4.208840e+00 9.945459e-01 1.058487e+06 8.259250e+01 -9.131432e-03 5.007982e-04
5.623397e+00 4.088833e+00 9.900799e-01 1.088076e+06 8.882119e+01 -7.810175e-03 4.754066e-04
5.843397e+00 3.958655e+00 9.942465e-01 1.148942e+06 9.261035e+01 -5.957723e-03 4.894733e-04
6.072004e+00 3.817369e+00 9.889672e-01 1.183070e+06 9.300760e+01 -1.329273e-02 4.897118e-04
6.309555e+00 3.668038e+00 9.917152e-01 1.238697e+06 9.800124e+01 -1.499772e-02 5.098581e-04
6.556399e+00 3.511501e+00 9.986755e-01 1.302790e+06 1.045813e+02 -1.762927e-02 4.693270e-04
6.812900e+00 3.350209e+00 1.003796e+00 1.366898e+06 1.082305e+02 -1.950234e-02 4.994869e-04
7.079436e+00 3.186140e+00 9.982257e-01 1.424226e+06 1.141969e+02 -1.752812e-02 5.023479e-04
7.356400e+00 3.022101e+00 1.003135e+00 1.480552e+06 1.170133e+02 -1.307064e-02 4.987717e-04
7.644198e+00 2.856257e+00 1.009770e+00 1.558349e+06 1.243115e+02 -4.881144e-03 4.812479e-04
7.943257e+00 2.690258e+00 1.004091e+00 1.618970e+06 1.283043e+02 -1.401669e-02 4.514456e-04
8.254015e+00 2.525904e+00 1.005234e+00 1.690963e+06 1.349647e+02 -1.539296e-02 4.707575e-04
8.576931e+00 2.366467e+00 1.005212e+00 1.754229e+06 1.392708e+02 -1.073593e-02 4.941225e-04
8.912479e+00 2.206721e+00 1.008959e+00 1.842583e+06 1.468796e+02 -1.578599e-02 4.940033e-04
9.261156e+00 2.051691e+00 1.006117e+00 1.906198e+06 1.519841e+02 -1.010811e-02 4.563332e-04
9.623473e+00 1.899402e+00 1.007692e+00 1.974998e+06 1.573342e+02 -5.548060e-03 4.619360e-04
9.999966e+00 1.750839e+00 1.004076e+00 2.053333e+06 1.636450e+02 -2.883852e-03 4.813671e-04
1.039119e+01 1.606673e+00 1.006999e+00 2.128909e+06 1.695172e+02 -4.362822e-03 4.718304e-04
1.079772e+01 1.468801e+00 1.005856e+00 2.212928e+06 1.760655e+02 -8.894742e-03 4.743338e-04
1.122015e+01 1.332237e+00 1.007297e+00 2.299974e+06 1.831097e+02 -1.220852e-02 4.817247e-04
1.165910e+01 1.200267e+00 1.006032e+00 2.398792e+06 1.909589e+02 -7.739902e-03 4.717112e-04
1.211523e+01 1.072247e+00 1.007882e+00 2.479728e+06 1.974164e+02 -9.200454e-03 4.476309e-04
1.258921e+01 9.500232e-01 1.011793e+00 2.584171e+06 2.055935e+02 -2.059340e-04 4.655123e-04
1.308173e+01 8.289099e-01 1.008441e+00 2.696620e+06 2.146274e+02 -5.797446e-03 4.822016e-04
1.359352e+01 7.139961e-01 1.004684e+00 2.782552e+06 2.214525e+02 -6.319404e-03 4.727840e-04
1.412532e+01 6.051895e-01 1.002388e+00 2.890146e+06 2.300071e+02 -1.049620e-02 4.673004e-04
1.467794e+01 4.992594e-01 1.007355e+00 3.009668e+06 2.394869e+02 -1.766825e-02 4.562140e-04
1.525217e+01 4.002151e-01 1.006141e+00 3.124128e+06 2.485929e+02 -1.254314e-02 4.807711e-04
1.584887e+01 3.063439e-01 1.004496e+00 3.218848e+06 2.561406e+02 -1.662862e-02 4.538298e-04
1.646892e+01 2.215253e-01 9.955050e-01 3.312276e+06 2.635735e+02 -8.466840e-04 4.693270e-04
1.711322e+01 1.420757e-01 1.004092e+00 3.494150e+06 2.780498e+02 -2.473831e-03 4.659891e-04
1.778273e+01 7.011731e-02 1.005338e+00 3.628845e+06 2.887769e+02 -2.322972e-03 4.628897e-04
1.847843e+01 7.109822e-03 1.001480e+00 3.744237e+06 2.979557e+02 -1.641995e-02 4.786253e-04
1.920134e+01 -4.306928e-02 1.005871e+00 3.907674e+06 3.109662e+02 -3.416717e-03 4.703999e-04
1.995255e+01 -8.530523e-02 1.002838e+00 4.030936e+06 3.207644e+02 2.193332e-03 5.018711e-04
2.073313e+01 -1.156202e-01 1.002680e+00 4.170504e+06 3.318704e+02 -3.154755e-03 4.286766e-04
2.154426e+01 -1.330042e-01 9.980892e-01 4.325078e+06 3.441654e+02 2.516747e-03 4.583597e-04
2.238712e+01 -1.401222e-01 9.984315e-01 4.473923e+06 3.560148e+02 -1.413047e-03 4.684925e-04
2.326295e+01 -1.318638e-01 9.957016e-01 4.635702e+06 3.688945e+02 -2.626896e-03 4.504919e-04
2.417306e+01 -1.102327e-01 1.000912e+00 4.847094e+06 3.857192e+02 -4.805028e-03 4.751682e-04
2.511876e+01 -7.455150e-02 1.005448e+00 5.043354e+06 4.013408e+02 -4.503965e-03 4.498959e-04
2.610146e+01 -2.409494e-02 1.000121e+00 5.207980e+06 4.144320e+02 1.199865e-02 4.957914e-04
2.712261e+01 4.227876e-02 1.001169e+00 5.420168e+06 4.313197e+02 6.269813e-03 4.619360e-04
2.818371e+01 1.249105e-01 1.001928e+00 5.608917e+06 4.463408e+02 5.617261e-03 4.776716e-04
2.928632e+01 2.210952e-01 1.001186e+00 5.792229e+06 4.609200e+02 8.825302e-03 4.695654e-04
3.043207e+01 3.289640e-01 1.000983e+00 5.957538e+06 4.740607e+02 1.173913e-02 4.379749e-04
3.162264e+01 4.548768e-01 9.984038e-01 6.177606e+06 4.915853e+02 4.439592e-03 4.955530e-04
3.285979e+01 5.906675e-01 9.977183e-01 6.401886e+06 5.094128e+02 3.762841e-03 4.475117e-04
3.414534e+01 7.375156e-01 1.000929e+00 6.630192e+06 5.275152e+02 1.618743e-03 4.712343e-04
3.548118e+01 8.899281e-01 9.997234e-01 6.878761e+06 5.473833e+02 -4.427135e-03 4.789829e-04
3.686928e+01 1.050999e+00 9.982419e-01 7.124248e+06 5.669055e+02 -1.223028e-03 4.456043e-04
3.831170e+01 1.212881e+00 9.966776e-01 7.397167e+06 5.887485e+02 -7.955432e-03 4.495382e-04
3.981053e+01 1.366910e+00 9.999396e-01 7.675522e+06 6.108799e+02 -6.571710e-03 4.438162e-04
4.136801e+01 1.513301e+00 1.000533e+00 7.939953e+06 6.319553e+02 2.385497e-03 4.540682e-04
4.298642e+01 1.642163e+00 1.002452e+00 8.252240e+06 6.567904e+02 -4.026830e-03 4.782677e-04
4.466815e+01 1.747348e+00 9.996449e-01 8.500513e+06 6.766084e+02 1.289487e-03 4.738569e-04
4.641567e+01 1.825561e+00 9.977275e-01 8.850380e+06 7.045617e+02 -6.943226e-03 4.842281e-04
4.823155e+01 1.867961e+00 9.973399e-01 9.197741e+06 7.319205e+02 -3.781557e-03 4.738569e-04
5.011848e+01 1.871636e+00 9.993230e-01 9.562093e+06 7.610140e+02 6.421804e-04 4.893541e-04
5.207923e+01 1.840213e+00 1.002000e+00 9.984580e+06 7.945626e+02 -1.366949e-02 4.873276e-04
5.411669e+01 1.771922e+00 9.999894e-01 1.036717e+07 8.248306e+02 -9.667277e-03 5.017519e-04
5.623386e+01 1.676155e+00 1.000024e+00 1.069955e+07 8.513840e+02 -1.031095e-02 5.004406e-04
5.843385e+01 1.558253e+00 1.003706e+00 1.122954e+07 8.937193e+02 -1.320720e-02 4.926920e-04
6.071991e+01 1.429347e+00 1.006914e+00 1.170931e+07 9.321367e+02 -6.907523e-03 4.780293e-04
6.309542e+01 1.295549e+00 1.003513e+00 1.212790e+07 9.651849e+02 -8.911669e-03 4.765987e-04
6.556385e+01 1.163862e+00 1.001969e+00 1.255940e+07 9.995599e+02 -4.162192e-03 4.862547e-04
6.812886e+01 1.031677e+00 9.988587e-01 1.300298e+07 1.034700e+03 -1.133674e-02 4.955530e-04
7.079421e+01 9.090566e-01 1.002279e+00 1.361375e+07 1.083294e+03 -1.048535e-02 4.777908e-04
7.356384e+01 7.963562e-01 9.997239e-01 1.411494e+07 1.123149e+03 -8.003712e-03 4.807711e-04
7.644183e+01 6.992983e-01 1.001828e+00 1.473442e+07 1.172541e+03 -1.156020e-02 4.403591e-04
7.943240e+01 6.163642e-01 1.001283e+00 1.527096e+07 1.215156e+03 -1.116407e-02 4.603863e-04
8.253998e+01 5.539445e-01 1.002302e+00 1.594378e+07 1.268661e+03 -1.036316e-02 4.534721e-04
8.576913e+01 5.119153e-01 1.004813e+00 1.662992e+07 1.323295e+03 -1.007122e-02 4.791021e-04
8.912461e+01 4.900535e-01 1.007342e+00 1.729772e+07 1.376440e+03 -5.085766e-03 4.589558e-04
9.261137e+01 4.961491e-01 1.005681e+00 1.789555e+07 1.424025e+03 -8.610368e-03 4.966259e-04
9.623454e+01 5.271571e-01 1.002225e+00 1.851840e+07 1.473584e+03 -1.122975e-02 4.688501e-04
9.999945e+01 5.860359e-01 1.001553e+00 1.931740e+07 1.537151e+03 -9.980440e-03 4.422665e-04
1.039117e+02 6.660887e-01 1.000026e+00 1.996801e+07 1.588922e+03 -6.576002e-03 4.748106e-04
1.079769e+02 7.671820e-01 1.005675e+00 2.079992e+07 1.655060e+03 -4.535258e-03 4.879236e-04
1.122012e+02 8.911384e-01 1.001802e+00 2.146381e+07 1.707917e+03 -7.371545e-03 5.133152e-04
1.165908e+02 1.018339e+00 1.004501e+00 2.246922e+07 1.788088e+03 -6.168544e-03 4.750490e-04
1.211521e+02 1.150860e+00 1.002880e+00 2.325084e+07 1.850230e+03 -2.115071e-03 4.806519e-04
1.258918e+02 1.268710e+00 1.009221e+00 2.433180e+07 1.935992e+03 -2.816260e-03 4.466772e-04
1.308170e+02 1.361373e+00 1.006732e+00 2.511953e+07 1.998843e+03 -3.958106e-03 4.665852e-04
1.359349e+02 1.414165e+00 1.003203e+00 2.598862e+07 2.067956e+03 -2.240360e-03 4.755259e-04
1.412529e+02 1.423927e+00 9.969590e-01 2.689193e+07 2.139803e+03 -8.111715e-03 4.482269e-04
1.467791e+02 1.390107e+00 1.005016e+00 2.812603e+07 2.237966e+03 -1.000655e-02 5.002022e-04
1.525214e+02 1.314185e+00 1.005373e+00 2.926056e+07 2.328299e+03 -4.708767e-03 4.675388e-04
1.584884e+02 1.216037e+00 1.003267e+00 3.031341e+07 2.412028e+03 -4.596233e-03 4.594326e-04
1.646888e+02 1.109928e+00 1.003769e+00 3.147619e+07 2.504687e+03 -8.927882e-03 4.628897e-04
1.711318e+02 9.952127e-01 1.003038e+00 3.278396e+07 2.608698e+03 -1.179266e-02 4.773140e-04
1.778269e+02 8.941269e-01 1.003149e+00 3.396560e+07 2.702847e+03 -8.708954e-03 4.745722e-04
1.847839e+02 8.110272e-01 1.003536e+00 3.530168e+07 2.809203e+03 -8.925676e-03 4.792213e-04
1.920130e+02 7.524011e-01 1.007835e+00 3.694346e+07 2.939806e+03 -1.256883e-02 4.574060e-04
1.995250e+02 7.184809e-01 1.005217e+00 3.846537e+07 3.060946e+03 -1.280802e-02 4.758835e-04
2.073309e+02 7.257301e-01 1.005665e+00 3.981082e+07 3.168030e+03 -6.844461e-03 4.690886e-04
2.154421e+02 7.567607e-01 1.001171e+00 4.118409e+07 3.277339e+03 -1.309937e-02 4.888773e-04
2.238707e+02 8.253624e-01 1.005402e+00 4.269049e+07 3.397188e+03 -8.214355e-03 4.466772e-04
2.326290e+02 9.115657e-01 1.002549e+00 4.448684e+07 3.540030e+03 -5.844295e-03 4.606247e-04
2.417300e+02 1.016014e+00 1.005499e+00 4.643265e+07 3.694750e+03 -9.608626e-03 4.538298e-04
2.511870e+02 1.113446e+00 1.002647e+00 4.804176e+07 3.822875e+03 -6.310463e-03 4.512072e-04
2.610140e+02 1.189966e+00 1.004315e+00 4.970532e+07 3.955359e+03 -1.200485e-02 4.663467e-04
2.712255e+02 1.229980e+00 1.006842e+00 5.199101e+07 4.137020e+03 -1.145285e-02 4.658699e-04
2.818365e+02 1.225788e+00 1.006471e+00 5.402216e+07 4.298854e+03 -9.132206e-03 4.661083e-04
2.928625e+02 1.179397e+00 1.004119e+00 5.583973e+07 4.443580e+03 -8.945704e-03 4.860163e-04
3.043200e+02 1.105571e+00 9.997188e-01 5.795442e+07 4.611567e+03 -6.838143e-03 4.553795e-04
3.162257e+02 1.023842e+00 1.000477e+00 6.041270e+07 4.807203e+03 -5.815864e-03 4.904270e-04
3.285971e+02 9.389164e-01 1.003628e+00 6.267162e+07 4.987094e+03 -6.770730e-03 4.656315e-04
3.414526e+02 8.717526e-01 1.001550e+00 6.507954e+07 5.178682e+03 -6.804228e-03 4.451275e-04
3.548110e+02 8.453962e-01 1.006526e+00 6.805906e+07 5.415743e+03 -1.304233e-02 4.411936e-04
3.686920e+02 8.436195e-01 1.005417e+00 7.082338e+07 5.635721e+03 -5.384862e-03 4.537106e-04
3.831161e+02 8.819100e-01 1.005933e+00 7.359894e+07 5.856494e+03 -1.263839e-02 4.669428e-04
3.981045e+02 9.494325e-01 1.004674e+00 7.649507e+07 6.087106e+03 -1.051325e-02 4.671812e-04
4.136792e+02 1.022082e+00 1.003032e+00 7.912315e+07 6.296222e+03 -7.094860e-03 4.397631e-04
4.298633e+02 1.091276e+00 1.003093e+00 8.211602e+07 6.534433e+03 -4.765332e-03 4.585981e-04
4.466805e+02 1.129564e+00 1.002513e+00 8.504731e+07 6.767595e+03 -7.256687e-03 4.405975e-04
4.641557e+02 1.130495e+00 1.003610e+00 8.870315e+07 7.058506e+03 -9.764194e-03 4.700422e-04
4.823145e+02 1.096184e+00 1.000650e+00 9.154086e+07 7.284539e+03 -9.576917e-03 4.591942e-04
5.011837e+02 1.030732e+00 1.003600e+00 9.628755e+07 7.662248e+03 -7.113993e-03 4.718304e-04
5.207911e+02 9.795172e-01 1.001982e+00 9.917529e+07 7.891778e+03 -1.346308e-02 4.681349e-04
5.411657e+02 9.236737e-01 1.002987e+00 1.034361e+08 8.231084e+03 -7.253110e-03 4.717112e-04
5.623373e+02 9.081050e-01 1.006218e+00 1.079762e+08 8.592514e+03 -1.021153e-02 4.650354e-04
5.843372e+02 9.260600e-01 1.003998e+00 1.121530e+08 8.924571e+03 -9.550929e-03 4.701614e-04
6.071978e+02 9.605926e-01 1.004710e+00 1.160648e+08 9.235892e+03 -1.227939e-02 4.765987e-04
6.309528e+02 1.019606e+00 1.006062e+00 1.209979e+08 9.628628e+03 -9.323716e-03 4.315376e-04
6.556371e+02 1.057359e+00 1.002523e+00 1.255258e+08 9.988628e+03 -1.238930e-02 4.554987e-04
6.812871e+02 1.072013e+00 1.000256e+00 1.292704e+08 1.028669e+04 -5.598962e-03 4.396439e-04
7.079406e+02 1.067205e+00 1.000582e+00 1.350320e+08 1.074468e+04 -6.273866e-03 4.900694e-04
7.356368e+02 1.023354e+00 1.003965e+00 1.406243e+08 1.119002e+04 -7.340491e-03 4.848242e-04
7.644166e+02 9.898897e-01 1.002930e+00 1.456966e+08 1.159379e+04 -7.734060e-03 4.521608e-04
7.943223e+02 9.668269e-01 1.005162e+00 1.525186e+08 1.213698e+04 -6.185591e-03 4.905462e-04
8.253980e+02 9.571567e-01 9.985240e-01 1.566609e+08 1.246611e+04 -5.562663e-03 4.537106e-04
8.576895e+02 9.896374e-01 1.002675e+00 1.635003e+08 1.301065e+04 -1.380420e-02 4.870892e-04
8.912442e+02 1.012231e+00 1.002354e+00 1.700344e+08 1.353053e+04 -7.737339e-03 4.979372e-04
9.261117e+02 1.048442e+00 1.001477e+00 1.758296e+08 1.399197e+04 -6.823480e-03 4.813671e-04
9.623433e+02 1.043759e+00 9.982846e-01 1.830768e+08 1.456828e+04 -8.786798e-03 4.559755e-04
