%a vratio
0.0 0.0002625
0.0625 0.00021875
0.125 0.00020625
0.1875 0.000175
0.25 0.00015
0.3125 0.000125
0.375 0.00011875
0.4375 0.000125
0.5 0.00011875
0.5625 0.0001125
0.625 0.0001125
0.6875 0.0001125
0.75 0.000125
0.8125 0.0001375
0.875 0.0001375
0.9375 0.00013125
1.0 0.00011875
1.0625 0.00010625
1.125 0.0001
1.1875 8.75e-05
1.25 7.5e-05
1.3125 4.375e-05
1.375 1.875e-05
1.4375 0.0
1.5 0.0
1.5625 0.0
1.625 0.0
1.6875 0.0
1.75 0.0
1.8125 0.0
1.875 0.0
1.9375 0.0
2.0 0.0
2.0625 0.0
2.125 0.0
2.1875 0.0
2.25 0.0
2.3125 0.0
2.375 0.0
2.4375 0.0
2.5 0.0
2.5625 0.0
2.625 0.0
2.6875 6.25e-06
2.75 1.25e-05
2.8125 6.25e-05
2.875 7.5e-05
2.9375 0.000175
3.0 0.00025625
3.0625 0.00033125
3.125 0.0003875
3.1875 0.0004875
3.25 0.00060625
3.3125 0.00081875
3.375 0.000875
3.4375 0.001025
3.5 0.00114375
3.5625 0.0009875
3.625 0.00113125
3.6875 0.0009125
3.75 0.00079375
3.8125 0.00074375
3.875 0.0007625
3.9375 0.0008
4.0 0.000775
4.0625 0.0007875
4.125 0.00094375
4.1875 0.001325
4.25 0.0015
4.3125 0.00171875
4.375 0.00176875
4.4375 0.001625
4.5 0.00146875
4.5625 0.00105625
4.625 0.00100625
4.6875 0.00095625
4.75 0.00089375
4.8125 0.00104375
4.875 0.00105625
4.9375 0.00101875
5.0 0.00128125
5.0625 0.00126875
5.125 0.00143125
5.1875 0.0015
5.25 0.00145625
5.3125 0.001525
5.375 0.00185
5.4375 0.0018875
5.5 0.00168125
5.5625 0.002025
5.625 0.001975
5.6875 0.00209375
5.75 0.0022625
5.8125 0.00240625
5.875 0.0024625
5.9375 0.00266875
6.0 0.002775
6.0625 0.00284375
6.125 0.00306875
6.1875 0.00315
6.25 0.00346875
6.3125 0.0036375
6.375 0.0039625
6.4375 0.004275
6.5 0.00405625
6.5625 0.0042375
6.625 0.00433125
6.6875 0.003775
6.75 0.00395
6.8125 0.00366875
6.875 0.003525
6.9375 0.0035625
7.0 0.0036375
7.0625 0.00385
7.125 0.00385
7.1875 0.0043375
7.25 0.00440625
7.3125 0.00426875
7.375 0.0046375
7.4375 0.00469375
7.5 0.00480625
7.5625 0.00481875
7.625 0.00495625
7.6875 0.00503125
7.75 0.00504375
7.8125 0.00495625
7.875 0.0048375
7.9375 0.0048125
8.0 0.00466875
8.0625 0.00479375
8.125 0.0049625
8.1875 0.00496875
8.25 0.00509375
8.3125 0.00514375
8.375 0.00505625
8.4375 0.005025
8.5 0.00529375
8.5625 0.00511875
8.625 0.00509375
8.6875 0.00518125
8.75 0.00505625
8.8125 0.0050625
8.875 0.00508125
8.9375 0.00516875
9.0 0.005125
9.0625 0.0050375
9.125 0.004925
9.1875 0.00489375
9.25 0.00493125
9.3125 0.00500625
9.375 0.0048125
9.4375 0.0048375
9.5 0.00486875
9.5625 0.0049375
9.625 0.004825
9.6875 0.00506875
9.75 0.00524375
9.8125 0.00525625
9.875 0.00535625
9.9375 0.00538125
10.0 0.005125
10.0625 0.0054125
10.125 0.005025
10.1875 0.00515625
10.25 0.004925
10.3125 0.00498125
10.375 0.00511875
10.4375 0.00505625
10.5 0.00505625
10.5625 0.00514375
10.625 0.0051
10.6875 0.0052125
10.75 0.00535625
10.8125 0.0053625
10.875 0.005375
10.9375 0.005225
11.0 0.00530625
11.0625 0.00530625
11.125 0.00556875
11.1875 0.0056125
11.25 0.00543125
11.3125 0.00558125
11.375 0.00563125
11.4375 0.0054625
11.5 0.00551875
11.5625 0.00548125
11.625 0.00541875
11.6875 0.00539375
11.75 0.00534375
11.8125 0.00539375
11.875 0.0054625
11.9375 0.00548125
12.0 0.00526875
12.0625 0.00535625
12.125 0.00540625
12.1875 0.00564375
12.25 0.0054875
12.3125 0.00531875
12.375 0.00534375
12.4375 0.0055
12.5 0.00553125
12.5625 0.005375
12.625 0.00531875
12.6875 0.00554375
12.75 0.0053625
12.8125 0.00550625
12.875 0.00570625
12.9375 0.00558125
13.0 0.00559375
13.0625 0.00578125
13.125 0.00563125
13.1875 0.005725
13.25 0.0060625
13.3125 0.00591875
13.375 0.005925
13.4375 0.006375
13.5 0.00620625
13.5625 0.0062125
13.625 0.00639375
13.6875 0.00650625
13.75 0.00648125
13.8125 0.00674375
13.875 0.00680625
13.9375 0.00679375
14.0 0.00705
14.0625 0.00706875
14.125 0.0070875
14.1875 0.0070875
14.25 0.00729375
14.3125 0.007525
14.375 0.0075875
14.4375 0.007525
14.5 0.00755
14.5625 0.0075875
14.625 0.00780625
14.6875 0.00764375
14.75 0.00784375
14.8125 0.00815
14.875 0.0082375
14.9375 0.00825
15.0 0.0082875
15.0625 0.00855
15.125 0.0086875
15.1875 0.00880625
15.25 0.00883125
15.3125 0.00908125
15.375 0.00903125
15.4375 0.00934375
15.5 0.00915625
15.5625 0.00943125
15.625 0.00951875
15.6875 0.00978125
15.75 0.009825
15.8125 0.0100625
15.875 0.010075
15.9375 0.0102125
16.0 0.01035625
16.0625 0.01041875
16.125 0.01054375
16.1875 0.01065625
16.25 0.010775
16.3125 0.01086875
16.375 0.01105625
16.4375 0.010925
16.5 0.01111875
16.5625 0.01115
16.625 0.01149375
16.6875 0.01133125
16.75 0.01151875
16.8125 0.0117875
16.875 0.01175
16.9375 0.01151875
17.0 0.0117375
17.0625 0.01189375
17.125 0.0121375
17.1875 0.01194375
17.25 0.01200625
17.3125 0.0120125
17.375 0.01196875
17.4375 0.0121375
17.5 0.01225
17.5625 0.0120875
17.625 0.0122625
17.6875 0.0124625
17.75 0.01218125
17.8125 0.0120875
17.875 0.01214375
17.9375 0.0123125
18.0 0.01214375
18.0625 0.01220625
18.125 0.01225
18.1875 0.01219375
18.25 0.0121125
18.3125 0.01215625
18.375 0.0119625
18.4375 0.01200625
18.5 0.01209375
18.5625 0.01213125
18.625 0.011975
18.6875 0.011975
18.75 0.0119
18.8125 0.01189375
18.875 0.0119375
18.9375 0.011925
19.0 0.01195
19.0625 0.01191875
19.125 0.01165625
19.1875 0.01168125
19.25 0.0118125
19.3125 0.01176875
19.375 0.01165625
19.4375 0.01159375
19.5 0.0116625
19.5625 0.011475
19.625 0.01163125
19.6875 0.01155
19.75 0.01145
19.8125 0.01150625
19.875 0.0115125
19.9375 0.01131875
20.0 0.01124375
20.0625 0.01126875
20.125 0.0111375
20.1875 0.01113125
20.25 0.01106875
20.3125 0.01095625
20.375 0.0109625
20.4375 0.01095
20.5 0.01113125
20.5625 0.011275
20.625 0.0108375
20.6875 0.01075
20.75 0.0106875
20.8125 0.01083125
20.875 0.01089375
20.9375 0.01085
21.0 0.01059375
21.0625 0.01058125
21.125 0.0105375
21.1875 0.01058125
21.25 0.0105125
21.3125 0.01055625
21.375 0.0104125
21.4375 0.01039375
21.5 0.01035
21.5625 0.01034375
21.625 0.0104
21.6875 0.0102625
21.75 0.01038125
21.8125 0.01038125
21.875 0.01026875
21.9375 0.0103125
22.0 0.01033125
22.0625 0.01031875
22.125 0.010225
22.1875 0.01016875
22.25 0.01010625
22.3125 0.01028125
22.375 0.0102125
22.4375 0.01015
22.5 0.010175
22.5625 0.0101625
22.625 0.01009375
22.6875 0.010025
22.75 0.01
22.8125 0.0099875
22.875 0.0101375
22.9375 0.00996875
23.0 0.00995
23.0625 0.00994375
23.125 0.0098625
23.1875 0.00995
23.25 0.009975
23.3125 0.00993125
23.375 0.009925
23.4375 0.009925
23.5 0.0098375
23.5625 0.009775
23.625 0.00971875
23.6875 0.00964375
23.75 0.0096625
23.8125 0.009675
23.875 0.0097
23.9375 0.00965625
24.0 0.0096125
24.0625 0.0096125
24.125 0.0095125
24.1875 0.0094875
24.25 0.0094625
24.3125 0.00935
24.375 0.00934375
24.4375 0.0093125
24.5 0.00938125
24.5625 0.009425
24.625 0.0092875
24.6875 0.0092375
24.75 0.009175
24.8125 0.00909375
24.875 0.00911875
24.9375 0.009175
