%m vratio
0.01 0.0
0.01023293 0.0
0.01047129 0.00060625
0.01071519 0.0
0.01096478 0.0
0.01122018 0.0
0.01148153 0.0
0.01174897 0.0
0.01202264 0.0
0.01230269 0.0
0.01258925 0.0
0.01288249 0.0
0.01318256 0.0
0.01348963 0.0
0.01380384 0.0
0.01412537 0.0
0.01445439 0.0
0.01479108 0.0
0.01513561 0.0
0.01548816 0.0
0.01584893 0.0
0.01621809 1.875e-05
0.01659586 5e-05
0.01698243 4.375e-05
0.017378 8.125e-05
0.01778278 0.00018125
0.018197 0.00016875
0.01862086 0.000225
0.0190546 0.000275
0.01949843 0.000375
0.01995261 0.00043125
0.02041737 0.0006625
0.02089295 0.000775
0.0213796 0.000925
0.0218776 0.00103125
0.02238719 0.00145625
0.02290866 0.0017375
0.02344227 0.00208125
0.02398831 0.00243125
0.02454707 0.0026375
0.02511884 0.00296875
0.02570393 0.00328125
0.02630266 0.0036125
0.02691532 0.0042375
0.02754226 0.0043625
0.0281838 0.00495625
0.02884029 0.0053
0.02951206 0.00570625
0.03019948 0.00636875
0.03090292 0.007025
0.03162274 0.0071375
0.03235933 0.00781875
0.03311307 0.0086625
0.03388438 0.00914375
0.03467364 0.0092875
0.0354813 0.010575
0.03630776 0.01099375
0.03715347 0.011325
0.03801889 0.01221875
0.03890447 0.0126
0.03981066 0.01374375
0.04073797 0.01438125
0.04168688 0.01464375
0.04265789 0.01536875
0.04365152 0.0161
0.04466829 0.0167
0.04570875 0.01719375
0.04677344 0.01809375
0.04786294 0.0189
0.04897781 0.01964375
0.05011865 0.02048125
0.05128606 0.02193125
0.05248066 0.022775
0.05370309 0.02393125
0.054954 0.02490625
0.05623404 0.02563125
0.0575439 0.02660625
0.05888427 0.02791875
0.06025586 0.0286875
0.06165939 0.0297375
0.06309562 0.03035
0.06456531 0.03151875
0.06606922 0.03285
0.06760818 0.0341125
0.06918297 0.03501875
0.07079445 0.03560625
0.07244346 0.0364375
0.07413089 0.03809375
0.07585761 0.03883125
0.07762456 0.04068125
0.07943267 0.04150625
0.08128289 0.04261875
0.08317621 0.0436375
0.08511363 0.044725
0.08709618 0.04605625
0.08912491 0.04676875
0.09120089 0.04783125
0.09332523 0.04936875
0.09549905 0.05013125
0.09772351 0.05088125
0.1 0.05226875
0.1011579 0.05265
0.1023293 0.0529625
0.1035142 0.05340625
0.1047129 0.05500625
0.1059254 0.05401875
0.1071519 0.054375
0.1083927 0.05483125
0.1096478 0.055625
0.1109175 0.0548875
0.1122018 0.0553
0.1135011 0.05569375
0.1148153 0.0555375
0.1161448 0.05664375
0.1174897 0.05631875
0.1188502 0.056375
0.1202264 0.0565125
0.1216186 0.05645
0.1230269 0.057
0.1244514 0.057
0.1258925 0.0573125
0.1273503 0.05773125
0.1288249 0.05775
0.1303166 0.05831875
0.1318256 0.058925
0.1333521 0.0587
0.1348962 0.0590375
0.1364583 0.0591375
0.1380384 0.05908125
0.1396368 0.060075
0.1412537 0.06030625
0.1428894 0.06105
0.1445439 0.061075
0.1462177 0.06113125
0.1479108 0.06134375
0.1496235 0.06098125
0.1513561 0.0612375
0.1531087 0.061225
0.1548816 0.0615875
0.156675 0.06184375
0.1584892 0.06211875
0.1603245 0.06235
0.1621809 0.062275
0.1640589 0.06190625
0.1659586 0.0618625
0.1678803 0.06146875
0.1698243 0.06135625
0.1717907 0.0606625
0.17378 0.0605625
0.1757923 0.060275
0.1778278 0.059425
0.179887 0.0592375
0.18197 0.05859375
0.1840771 0.05844375
0.1862086 0.05828125
0.1883648 0.05773125
0.190546 0.0575
0.1927524 0.05650625
0.1949843 0.0566
0.1972421 0.05588125
0.1995261 0.05608125
0.2018365 0.0551125
0.2041737 0.05464375
0.2065379 0.054175
0.2089295 0.053725
0.2113488 0.05341875
0.213796 0.0525
0.2162717 0.0517
0.218776 0.05108125
0.2213093 0.05054375
0.2238719 0.04983125
0.2264643 0.04915625
0.2290866 0.0482
0.2317393 0.04781875
0.2344227 0.0471
0.2371372 0.046875
0.2398831 0.04623125
0.2426608 0.0457875
0.2454707 0.0452125
0.2483131 0.0454
0.2511884 0.04490625
0.254097 0.0442625
0.2570393 0.0441625
0.2600157 0.0434625
0.2630266 0.04315
0.2660722 0.0430625
0.2691532 0.042825
0.2722699 0.04173125
0.2754226 0.04165
0.2786118 0.041175
0.281838 0.0405
0.2851015 0.03963125
0.2884029 0.039225
0.2917424 0.0389625
0.2951206 0.0382625
0.2985379 0.0378375
0.3019949 0.03688125
0.3054918 0.03675625
0.3090292 0.03629375
0.3126076 0.0359625
0.3162274 0.03590625
0.3198892 0.034825
0.3235933 0.03425
0.3273403 0.0337875
0.3311307 0.0333625
0.3349651 0.03265625
0.3388438 0.032375
0.3427674 0.0322375
0.3467364 0.03243125
0.3507515 0.0321875
0.3548129 0.031925
0.3589215 0.03175
0.3630776 0.0318625
0.3672819 0.0317
0.3715348 0.03138125
0.3758369 0.03114375
0.3801889 0.0312375
0.3845913 0.03115
0.3890446 0.0305
0.3935496 0.03058125
0.3981066 0.03008125
0.4027165 0.03009375
0.4073797 0.0298
0.412097 0.0295375
0.4168688 0.02925
0.4216959 0.0292875
0.4265789 0.02860625
0.4315185 0.0287
0.4365152 0.0287875
0.4415698 0.0290625
0.446683 0.0291
0.4518553 0.02953125
0.4570875 0.028825
0.4623803 0.02881875
0.4677345 0.0293
0.4731506 0.02959375
0.4786294 0.0298625
0.4841716 0.0301
0.4897781 0.03013125
0.4954494 0.03039375
0.5011865 0.03081875
0.5069899 0.03061875
0.5128606 0.030425
0.5187992 0.03031875
0.5248066 0.03026875
0.5308836 0.0299875
0.5370309 0.03074375
0.5432494 0.03059375
0.54954 0.0305625
0.5559034 0.031025
0.5623404 0.03158125
0.568852 0.03261875
0.575439 0.03293125
0.5821022 0.0325625
0.5888426 0.0335625
0.5956611 0.03401875
0.6025586 0.0346625
0.6095359 0.03495625
0.616594 0.03553125
0.6237338 0.036025
0.6309562 0.03598125
0.6382623 0.0364625
0.6456531 0.0355
0.6531294 0.03548125
0.6606923 0.03573125
0.6683427 0.03549375
0.6760817 0.03584375
0.6839104 0.03534375
0.6918297 0.03515
0.6998407 0.03478125
0.7079445 0.03534375
0.7161421 0.03513125
0.7244346 0.034125
0.7328231 0.03274375
0.7413088 0.03135
0.7498928 0.03045
0.7585761 0.0296875
0.76736 0.028325
0.7762457 0.0277125
0.7852342 0.0272375
0.7943267 0.026575
0.8035246 0.0257375
0.812829 0.0253875
0.8222411 0.024225
0.8317622 0.02375
0.8413936 0.0232
0.8511364 0.02215625
0.8609921 0.0218875
0.870962 0.0205875
0.8810472 0.0204375
0.8912493 0.02
0.9015695 0.01914375
0.9120091 0.0192
0.9225697 0.0186375
0.9332526 0.01820625
0.9440591 0.0177875
0.9549908 0.0175625
0.9660491 0.0170125
0.9772354 0.0165625
0.9885513 0.0162
0.9999982 0.01585
1.011578 0.01570625
1.023291 0.01479375
1.03514 0.01474375
1.047127 0.0143125
1.059252 0.01406875
1.071517 0.01365
1.083925 0.01333125
1.096476 0.0131375
1.109173 0.012725
1.122016 0.01265
1.135009 0.012575
1.148151 0.012375
1.161446 0.0122125
1.174895 0.01195
1.1885 0.01174375
1.202262 0.01141875
1.216184 0.0115
1.230266 0.0113375
1.244512 0.0114125
1.258923 0.01096875
1.273501 0.01079375
1.288247 0.01059375
1.303164 0.01055625
1.318254 0.0106625
1.333519 0.01058125
1.34896 0.01025
1.364581 0.00958125
1.380382 0.0096625
1.396366 0.00915
1.412535 0.00929375
1.428891 0.0093
1.445437 0.0089625
1.462174 0.0085625
1.479106 0.008525
1.496233 0.00843125
1.513558 0.0085375
1.531084 0.0079625
1.548814 0.00838125
1.566748 0.0077875
1.58489 0.007775
1.603242 0.00758125
1.621807 0.007425
1.640586 0.0074375
1.659584 0.00705
1.678801 0.00690625
1.69824 0.00689375
1.717905 0.00708125
1.737797 0.00655625
1.75792 0.0064875
1.778276 0.0062375
1.798867 0.00611875
1.819697 0.00605
1.840768 0.00604375
1.862083 0.0055625
1.883645 0.00536875
1.905457 0.0053125
1.927521 0.00526875
1.94984 0.00501875
1.972418 0.00460625
1.995258 0.00456875
2.018362 0.00460625
2.041734 0.0046125
2.065376 0.004325
2.089292 0.0042875
2.113484 0.00404375
2.137957 0.0041875
2.162714 0.00409375
2.187757 0.00385
2.21309 0.00381875
2.238716 0.00374375
2.264639 0.00373125
2.290862 0.00375625
2.317389 0.0036
2.344223 0.00365625
2.371368 0.00335
2.398827 0.00329375
2.426604 0.00330625
2.454703 0.0031875
2.483127 0.00328125
2.51188 0.0030375
2.540967 0.00308125
2.57039 0.00314375
2.600153 0.00294375
2.630262 0.0030125
2.660718 0.0033
2.691528 0.0030625
2.722695 0.00303125
2.754222 0.0031875
2.786114 0.00316875
2.818376 0.00301875
2.851011 0.00305625
2.884024 0.00315
2.91742 0.00289375
2.951202 0.00294375
2.985375 0.0030875
3.019944 0.0027875
3.054913 0.00289375
3.090287 0.00293125
3.126071 0.00270625
3.162269 0.00276875
3.198887 0.00285625
3.235928 0.00280625
3.273398 0.0028375
3.311302 0.00281875
3.349645 0.00273125
3.388433 0.00261875
3.427669 0.002825
3.467359 0.0027875
3.507509 0.00284375
3.548124 0.00275
3.58921 0.00273125
3.630771 0.00285
3.672813 0.002875
3.715342 0.00275
3.758364 0.0028
3.801883 0.0027
3.845907 0.00255625
3.89044 0.002775
3.93549 0.0026125
3.981061 0.00260625
4.027159 0.0024875
4.073791 0.00245
4.120964 0.00238125
4.168682 0.0023375
4.216953 0.0023125
4.265783 0.002225
4.315178 0.0023
4.365146 0.0022375
4.415691 0.0021875
4.466823 0.00228125
4.518546 0.0021125
4.570868 0.00213125
4.623796 0.002
4.677338 0.002075
4.731498 0.00195625
4.786286 0.00181875
4.841709 0.00174375
4.897773 0.00180625
4.954487 0.0016875
5.011857 0.0016875
5.069891 0.001725
5.128598 0.0016125
5.187984 0.0016875
5.248058 0.0015625
5.308828 0.00150625
5.370301 0.00153125
5.432487 0.0016
5.495391 0.00155
5.559025 0.00146875
5.623395 0.0015625
5.688511 0.001425
5.754381 0.00155625
5.821013 0.0015625
5.888418 0.00155
5.956602 0.00158125
6.025577 0.0015875
6.095349 0.0015125
6.16593 0.0015125
6.237328 0.001575
6.309553 0.00149375
6.382614 0.00151875
6.456521 0.00150625
6.531284 0.00146875
6.606913 0.00151875
6.683417 0.00146875
6.760807 0.00146875
6.839094 0.0013875
6.918286 0.00138125
6.998396 0.0013875
7.079434 0.0013875
7.16141 0.0013125
7.244335 0.00143125
7.32822 0.0014375
7.413077 0.001375
7.498916 0.00135
7.58575 0.0013625
7.673588 0.00131875
7.762444 0.0014
7.852329 0.0013375
7.943254 0.001375
8.035233 0.00131875
8.128277 0.0013625
8.222398 0.0012875
8.317608 0.001325
8.413921 0.001275
8.51135 0.0012625
8.609907 0.0012125
8.709605 0.0012
8.810457 0.0012375
8.912477 0.001175
9.015678 0.00123125
9.120075 0.001125
9.22568 0.001125
9.332509 0.00111875
9.440575 0.0011125
9.549891 0.00105
9.660473 0.0011125
9.772336 0.00105
9.885494 0.0010125
