%w vratio
0.0 0.000000
0.05 0.000000
0.1 0.000005
0.15 0.000890
0.2 0.000960
0.25 0.002820
0.3 0.004090
0.35 0.000000
0.4 0.000085
0.45 0.000390
0.5000001 0.000320
0.5500001 0.000525
0.6000001 0.000780
0.6500001 0.000595
0.7000001 0.000970
0.7500001 0.001845
0.8000001 0.002070
0.8500001 0.001620
0.9000002 0.001165
0.9500002 0.001175
1.0 0.000960
1.05 0.000625
1.1 0.000470
1.15 0.000435
1.2 0.000465
1.25 0.000415
1.3 0.000330
1.35 0.000245
1.4 0.000170
1.45 0.000190
1.5 0.000225
1.55 0.000460
1.6 0.000680
1.649999 0.000760
1.699999 0.000870
1.749999 0.001195
1.799999 0.001380
1.849999 0.001580
1.899999 0.001560
1.949999 0.001690
1.999999 0.001695
2.049999 0.001730
2.099999 0.001735
2.149999 0.001745
2.199999 0.001840
2.249999 0.001860
2.299999 0.001965
2.349999 0.001955
2.399999 0.002010
2.449999 0.002115
2.499999 0.002100
2.549999 0.002070
2.599999 0.002170
2.649999 0.002120
2.699999 0.002140
2.749999 0.002175
2.799999 0.002210
2.849998 0.002195
2.899998 0.002180
2.949998 0.002225
2.999998 0.002545
3.049998 0.002000
3.099998 0.001800
3.149998 0.001855
3.199998 0.001830
3.249998 0.001720
3.299998 0.001730
3.349998 0.001785
3.399998 0.001840
3.449998 0.001805
3.499998 0.001805
3.549998 0.001820
3.599998 0.001835
3.649998 0.001810
3.699998 0.001860
3.749998 0.001905
3.799998 0.001940
3.849998 0.002025
3.899997 0.002095
3.949997 0.002075
3.999997 0.002100
4.049997 0.002045
4.099998 0.002240
4.149998 0.002220
4.199998 0.002205
4.249998 0.002425
4.299998 0.002475
4.349998 0.002595
4.399999 0.002935
4.449999 0.003095
4.499999 0.003455
4.549999 0.003660
4.599999 0.003980
4.65 0.004170
4.7 0.004255
4.75 0.004410
4.8 0.004395
4.85 0.004350
4.900001 0.004370
4.950001 0.004225
5.000001 0.004290
5.050001 0.004375
5.100001 0.004395
5.150002 0.004405
5.200002 0.004305
5.250002 0.004445
5.300002 0.004300
5.350002 0.004195
5.400002 0.004080
5.450003 0.004040
5.500003 0.004090
5.550003 0.004010
5.600003 0.004095
5.650003 0.004140
5.700004 0.004090
5.750004 0.004375
5.800004 0.004660
5.850004 0.005010
5.900004 0.005320
5.950005 0.005440
6.000005 0.005235
6.050005 0.004950
6.100005 0.004580
6.150005 0.004455
6.200006 0.004805
6.250006 0.005055
6.300006 0.005180
6.350006 0.005275
6.400006 0.005485
6.450006 0.005785
6.500007 0.005885
6.550007 0.006135
6.600007 0.006300
6.650007 0.006455
6.700007 0.006680
6.750008 0.006915
6.800008 0.006865
6.850008 0.007015
6.900008 0.007200
6.950008 0.007240
7.000009 0.007415
7.050009 0.007700
7.100009 0.007890
7.150009 0.008235
7.200009 0.008475
7.25001 0.008520
7.30001 0.008540
7.35001 0.008535
7.40001 0.008350
7.45001 0.008295
7.50001 0.008270
7.550011 0.008365
7.600011 0.008580
7.650011 0.008890
7.700011 0.008895
7.750011 0.009130
7.800012 0.009400
7.850012 0.009525
7.900012 0.009775
7.950012 0.009910
8.000012 0.010125
8.050013 0.010145
8.100013 0.010245
8.150013 0.010440
8.200013 0.010550
8.250013 0.010480
8.300014 0.010670
8.350014 0.010785
8.400014 0.011010
8.450014 0.011170
8.500014 0.011305
8.550014 0.011545
8.600015 0.011635
8.650015 0.012060
8.700015 0.012520
8.750015 0.012955
8.800015 0.013275
8.850016 0.013960
8.900016 0.014295
8.950016 0.014750
9.000016 0.015235
9.050016 0.015535
9.100017 0.015905
9.150017 0.016105
9.200017 0.016270
9.250017 0.016580
9.300017 0.016760
9.350018 0.017145
9.400018 0.017665
9.450018 0.017855
9.500018 0.018090
9.550018 0.018305
9.600019 0.018650
9.650019 0.018970
9.700019 0.018930
9.750019 0.019180
9.800019 0.019340
9.850019 0.019790
9.90002 0.019800
9.95002 0.019945
10.00002 0.020130
10.05002 0.020675
10.10002 0.020690
10.15002 0.020770
10.20002 0.021150
10.25002 0.021495
10.30002 0.021785
10.35002 0.022085
10.40002 0.022380
10.45002 0.022900
10.50002 0.023160
10.55002 0.023585
10.60002 0.024005
10.65002 0.024510
10.70002 0.024780
10.75002 0.025405
10.80002 0.025875
10.85002 0.025900
10.90002 0.026345
10.95002 0.026860
11.00002 0.027020
11.05002 0.027055
11.10002 0.027165
11.15002 0.027295
11.20002 0.027165
11.25002 0.027085
11.30002 0.026635
11.35003 0.026630
11.40003 0.026500
11.45003 0.026390
11.50003 0.026275
11.55003 0.026140
11.60003 0.025765
11.65003 0.025545
11.70003 0.025325
11.75003 0.025100
11.80003 0.024670
11.85003 0.024190
11.90003 0.023715
11.95003 0.023310
12.00003 0.022660
12.05003 0.021970
12.10003 0.021380
12.15003 0.020585
12.20003 0.020005
12.25003 0.019390
12.30003 0.018750
12.35003 0.018035
12.40003 0.017465
12.45003 0.016835
12.50003 0.016390
12.55003 0.015480
12.60003 0.014780
12.65003 0.014260
12.70003 0.013805
12.75003 0.013125
12.80003 0.012345
12.85003 0.011805
12.90003 0.011055
12.95003 0.010445
13.00003 0.009915
13.05003 0.009310
13.10003 0.008680
13.15003 0.008080
13.20003 0.007600
13.25003 0.007125
13.30003 0.006580
13.35003 0.005775
13.40003 0.005405
13.45003 0.004775
13.50003 0.004250
13.55003 0.003820
13.60003 0.003115
13.65003 0.002815
13.70003 0.002605
13.75003 0.002425
13.80003 0.002130
13.85003 0.001920
13.90003 0.001785
13.95004 0.001490
14.00004 0.001300
14.05004 0.001310
14.10004 0.001150
14.15004 0.001210
14.20004 0.001355
14.25004 0.001305
14.30004 0.001150
14.35004 0.000940
14.40004 0.000845
14.45004 0.000730
14.50004 0.000650
14.55004 0.000585
14.60004 0.000495
14.65004 0.000470
14.70004 0.000390
14.75004 0.000295
14.80004 0.000250
14.85004 0.000195
14.90004 0.000110
14.95004 0.000095
15.00004 0.000050
15.05004 0.000030
15.10004 0.000010
15.15004 0.000000
15.20004 0.000000
15.25004 0.000000
15.30004 0.000000
15.35004 0.000000
15.40004 0.000000
15.45004 0.000000
15.50004 0.000000
15.55004 0.000000
15.60004 0.000000
15.65004 0.000000
15.70004 0.000000
15.75004 0.000000
15.80004 0.000000
15.85004 0.000000
15.90004 0.000000
15.95004 0.000000
16.00004 0.000000
16.05004 0.000000
16.10004 0.000000
16.15004 0.000000
16.20004 0.000000
16.25004 0.000000
16.30004 0.000000
16.35004 0.000000
16.40004 0.000000
16.45004 0.000000
16.50003 0.000000
16.55003 0.000000
16.60003 0.000000
16.65003 0.000000
16.70003 0.000000
16.75003 0.000000
16.80003 0.000000
16.85003 0.000000
16.90003 0.000000
16.95003 0.000000
17.00003 0.000000
17.05003 0.000000
17.10003 0.000000
17.15002 0.000000
17.20002 0.000000
17.25002 0.000000
17.30002 0.000000
17.35002 0.000000
17.40002 0.000000
17.45002 0.000000
17.50002 0.000000
17.55002 0.000000
17.60002 0.000000
17.65002 0.000000
17.70002 0.000000
17.75002 0.000000
17.80001 0.000000
17.85001 0.000000
17.90001 0.000000
17.95001 0.000000
18.00001 0.000000
18.05001 0.000000
18.10001 0.000000
18.15001 0.000000
18.20001 0.000000
18.25001 0.000000
18.30001 0.000000
18.35001 0.000000
18.40001 0.000000
18.45 0.000000
18.5 0.000000
18.55 0.000000
18.6 0.000000
18.65 0.000000
18.7 0.000000
18.75 0.000000
18.8 0.000000
18.85 0.000000
18.9 0.000000
18.95 0.000000
19.0 0.000000
19.05 0.000000
19.09999 0.000000
19.14999 0.000000
19.19999 0.000000
19.24999 0.000000
19.29999 0.000000
19.34999 0.000000
19.39999 0.000000
19.44999 0.000000
19.49999 0.000000
19.54999 0.000000
19.59999 0.000000
19.64999 0.000000
19.69999 0.000000
19.74998 0.000000
19.79998 0.000000
19.84998 0.000000
19.89998 0.000000
19.94998 0.000000
