%m vratio
0.01 0.0
0.01023293 0.0
0.01047129 0.00068125
0.01071519 0.0
0.01096478 0.0
0.01122018 0.0
0.01148153 0.0
0.01174897 0.0
0.01202264 0.0
0.01230269 0.0
0.01258925 0.0
0.01288249 0.0
0.01318256 0.0
0.01348963 0.0
0.01380384 0.0
0.01412537 0.0
0.01445439 0.0
0.01479108 0.0
0.01513561 0.0
0.01548816 0.0
0.01584893 0.0
0.01621809 0.0
0.01659586 0.0
0.01698243 0.0
0.017378 0.0
0.01778278 0.0
0.018197 0.0
0.01862086 0.0
0.0190546 0.0
0.01949843 0.0
0.01995261 0.0
0.02041737 0.0
0.02089295 0.0
0.0213796 0.0
0.0218776 6.25e-05
0.02238719 6.25e-06
0.02290866 0.00018125
0.02344227 4.375e-05
0.02398831 0.0002125
0.02454707 0.000225
0.02511884 0.00020625
0.02570393 0.00031875
0.02630266 0.0002125
0.02691532 0.00014375
0.02754226 0.00024375
0.0281838 0.00013125
0.02884029 0.0002375
0.02951206 0.00034375
0.03019948 0.0003
0.03090292 0.0003625
0.03162274 0.0004625
0.03235933 0.00035
0.03311307 0.00064375
0.03388438 0.0004
0.03467364 0.000425
0.0354813 0.00051875
0.03630776 0.00044375
0.03715347 0.00056875
0.03801889 0.000725
0.03890447 0.00055625
0.03981066 0.00085625
0.04073797 0.0007625
0.04168688 0.00061875
0.04265789 0.00085
0.04365152 0.000575
0.04466829 0.00046875
0.04570875 0.00043125
0.04677344 0.00048125
0.04786294 0.00029375
0.04897781 0.000225
0.05011865 0.00029375
0.05128606 0.0004125
0.05248066 0.00050625
0.05370309 0.0007375
0.054954 0.00089375
0.05623404 0.00119375
0.0575439 0.00151875
0.05888427 0.0016125
0.06025586 0.0018875
0.06165939 0.00225
0.06309562 0.00254375
0.06456531 0.00271875
0.06606922 0.00286875
0.06760818 0.00303125
0.06918297 0.00310625
0.07079445 0.0033375
0.07244346 0.0035625
0.07413089 0.0036
0.07585761 0.00368125
0.07762456 0.00375
0.07943267 0.00393125
0.08128289 0.004225
0.08317621 0.00445625
0.08511363 0.0047375
0.08709618 0.00478125
0.08912491 0.00470625
0.09120089 0.00495625
0.09332523 0.0048375
0.09549905 0.0043625
0.09772351 0.00440625
0.09999999 0.0041
0.1011579 0.0040375
0.1023293 0.00393125
0.1035142 0.0036375
0.1047129 0.00478125
0.1059254 0.00339375
0.1071519 0.0033
0.1083927 0.00346875
0.1096478 0.00333125
0.1109175 0.0032875
0.1122018 0.00325
0.1135011 0.0031375
0.1148153 0.003125
0.1161449 0.00301875
0.1174897 0.00309375
0.1188502 0.00290625
0.1202264 0.00275625
0.1216186 0.0027625
0.1230268 0.0026375
0.1244514 0.0026625
0.1258925 0.002575
0.1273503 0.0023625
0.1288249 0.00233125
0.1303166 0.00248125
0.1318256 0.002325
0.1333521 0.00235
0.1348962 0.00231875
0.1364583 0.00223125
0.1380384 0.00214375
0.1396368 0.002225
0.1412537 0.0022875
0.1428893 0.00220625
0.1445439 0.0021375
0.1462177 0.00225625
0.1479108 0.002025
0.1496235 0.00206875
0.1513561 0.0022
0.1531087 0.00205625
0.1548816 0.00206875
0.156675 0.00208125
0.1584892 0.00205
0.1603245 0.002125
0.1621809 0.0022
0.1640589 0.00214375
0.1659586 0.0020625
0.1678803 0.00209375
0.1698243 0.0019875
0.1717908 0.002125
0.17378 0.001975
0.1757923 0.00196875
0.1778278 0.00193125
0.179887 0.00204375
0.18197 0.00204375
0.1840771 0.00201875
0.1862086 0.00215
0.1883648 0.00215
0.190546 0.00223125
0.1927524 0.00228125
0.1949843 0.0023375
0.1972422 0.00238125
0.1995261 0.002425
0.2018365 0.00253125
0.2041737 0.0025
0.2065379 0.00265625
0.2089295 0.0025625
0.2113487 0.00273125
0.2137961 0.0026875
0.2162717 0.0028125
0.218776 0.0026625
0.2213093 0.002725
0.2238719 0.00276875
0.2264642 0.00268125
0.2290866 0.00256875
0.2317393 0.00265
0.2344227 0.0026625
0.2371372 0.00260625
0.2398831 0.00258125
0.2426608 0.002475
0.2454707 0.00251875
0.2483131 0.0024
0.2511884 0.00236875
0.254097 0.00235625
0.2570393 0.00235
0.2600157 0.002425
0.2630266 0.00245
0.2660722 0.00263125
0.2691532 0.00284375
0.2722699 0.0029625
0.2754226 0.00326875
0.2786118 0.00330625
0.281838 0.0036875
0.2851015 0.0038125
0.2884029 0.00406875
0.2917424 0.00439375
0.2951206 0.00450625
0.2985379 0.0048
0.3019949 0.0052625
0.3054918 0.00554375
0.3090292 0.0058625
0.3126076 0.0062625
0.3162274 0.006675
0.3198892 0.007125
0.3235933 0.00748125
0.3273403 0.00795
0.3311307 0.0086375
0.3349651 0.0090125
0.3388438 0.00951875
0.3427674 0.0100375
0.3467365 0.01045
0.3507515 0.01115625
0.3548129 0.0115875
0.3589215 0.0122875
0.3630776 0.0127375
0.3672818 0.01348125
0.3715348 0.01396875
0.3758369 0.0145375
0.3801889 0.01514375
0.3845913 0.015825
0.3890446 0.01646875
0.3935496 0.01715625
0.3981066 0.0176
0.4027165 0.01804375
0.4073797 0.01868125
0.412097 0.01923125
0.4168688 0.01966875
0.4216959 0.02035625
0.4265789 0.02083125
0.4315185 0.021475
0.4365152 0.022025
0.4415698 0.02235625
0.4466829 0.0228
0.4518553 0.02365
0.4570875 0.02420625
0.4623803 0.02465625
0.4677345 0.02508125
0.4731506 0.0258
0.4786294 0.0261875
0.4841716 0.02645625
0.4897781 0.027125
0.4954494 0.0273125
0.5011865 0.02774375
0.50699 0.028125
0.5128606 0.02850625
0.5187992 0.02889375
0.5248066 0.029225
0.5308836 0.029725
0.5370309 0.02991875
0.5432495 0.03005
0.54954 0.03046875
0.5559034 0.0305875
0.5623404 0.0309125
0.568852 0.0312125
0.575439 0.03135625
0.5821022 0.03154375
0.5888426 0.031675
0.5956612 0.03148125
0.6025586 0.03135
0.6095359 0.0315625
0.6165939 0.0314625
0.6237338 0.03106875
0.6309562 0.03099375
0.6382623 0.0306625
0.6456531 0.03043125
0.6531294 0.0303
0.6606923 0.0299375
0.6683427 0.02985
0.6760817 0.0293875
0.6839104 0.02940625
0.6918297 0.02894375
0.6998407 0.028775
0.7079445 0.0283125
0.7161421 0.0279125
0.7244346 0.0274375
0.7328231 0.02668125
0.7413088 0.02625
0.7498928 0.02571875
0.7585762 0.02505625
0.76736 0.0242375
0.7762457 0.02324375
0.7852342 0.02275625
0.7943267 0.02184375
0.8035246 0.0209625
0.812829 0.02049375
0.8222411 0.01961875
0.8317622 0.01911875
0.8413936 0.01829375
0.8511364 0.017675
0.8609921 0.0171875
0.870962 0.016375
0.8810472 0.0162875
0.8912493 0.015375
0.9015695 0.01469375
0.9120091 0.0143
0.9225697 0.0138625
0.9332526 0.01341875
0.9440591 0.01305
0.9549908 0.0126625
0.9660491 0.0122875
0.9772354 0.0119
0.9885513 0.011675
0.9999982 0.01126875
1.011578 0.0109625
1.023291 0.01080625
1.03514 0.01058125
1.047127 0.010275
1.059252 0.01013125
1.071517 0.0102375
1.083925 0.00996875
1.096476 0.0098375
1.109173 0.009725
1.122016 0.00976875
1.135009 0.0095375
1.148151 0.0095
1.161446 0.0092375
1.174895 0.0091875
1.1885 0.0090125
1.202262 0.0088375
1.216184 0.00884375
1.230266 0.00868125
1.244512 0.00871875
1.258923 0.00861875
1.273501 0.0084625
1.288247 0.00828125
1.303164 0.00828125
1.318254 0.00821875
1.333519 0.00799375
1.34896 0.00809375
1.364581 0.0080875
1.380382 0.00800625
1.396366 0.0079375
1.412535 0.00789375
1.428891 0.00781875
1.445437 0.0077375
1.462174 0.00761875
1.479106 0.00756875
1.496233 0.0075375
1.513558 0.0072875
1.531085 0.00739375
1.548814 0.0071625
1.566748 0.00721875
1.58489 0.0073125
1.603242 0.00703125
1.621807 0.00694375
1.640586 0.00708125
1.659584 0.00683125
1.678801 0.0067875
1.69824 0.00665625
1.717905 0.00676875
1.737797 0.00655
1.75792 0.0064875
1.778276 0.00661875
1.798867 0.00635625
1.819697 0.006275
1.840768 0.0061375
1.862083 0.00605
1.883645 0.00601875
1.905457 0.005825
1.927521 0.0057875
1.94984 0.0057375
1.972418 0.00560625
1.995258 0.0055375
2.018362 0.005475
2.041734 0.00535625
2.065376 0.0053375
2.089291 0.005275
2.113484 0.0051375
2.137957 0.00495625
2.162714 0.0050875
2.187757 0.00501875
2.21309 0.00499375
2.238716 0.004925
2.264639 0.0047
2.290862 0.00468125
2.317389 0.0045875
2.344223 0.00450625
2.371368 0.0044875
2.398827 0.00430625
2.426604 0.00414375
2.454703 0.00399375
2.483127 0.00379375
2.51188 0.0036
2.540967 0.00361875
2.57039 0.0034
2.600153 0.0033125
2.630262 0.00311875
2.660718 0.00315625
2.691528 0.0028125
2.722695 0.00275625
2.754222 0.0026375
2.786114 0.00261875
2.818376 0.0024
2.851011 0.00231875
2.884024 0.00204375
2.91742 0.0019625
2.951202 0.0018875
2.985375 0.00174375
3.019944 0.00165625
3.054913 0.00140625
3.090287 0.0013625
3.126071 0.001225
3.162269 0.0011625
3.198887 0.001
3.235928 0.00104375
3.273398 0.00090625
3.311302 0.00089375
3.349646 0.000925
3.388433 0.0009375
3.427669 0.00089375
3.467359 0.00093125
3.507509 0.0009
3.548124 0.00090625
3.58921 0.000825
3.630771 0.00088125
3.672813 0.00081875
3.715342 0.00083125
3.758364 0.0008125
3.801883 0.0008
3.845907 0.00076875
3.890441 0.0008
3.93549 0.00070625
3.981061 0.000725
4.027159 0.000725
4.073791 0.0007125
4.120964 0.0007375
4.168682 0.0006625
4.216953 0.000625
4.265783 0.00061875
4.315178 0.0006375
4.365146 0.00060625
4.415691 0.0006
4.466823 0.000575
4.518546 0.0006
4.570868 0.00054375
4.623796 0.0005375
4.677338 0.00055
4.731498 0.00050625
4.786287 0.0005125
4.841709 0.0004625
4.897773 0.00043125
4.954487 0.00043125
5.011857 0.0004625
5.069891 0.00045
5.128598 0.00039375
5.187984 0.000375
5.248058 0.00040625
5.308828 0.00035
5.370301 0.00035
5.432486 0.00030625
5.495392 0.0003625
5.559025 0.00034375
5.623395 0.0003375
5.688511 0.0003125
5.754381 0.0002875
5.821013 0.00029375
5.888418 0.0003
5.956603 0.0002875
6.025576 0.0002625
6.095349 0.00025625
6.16593 0.00025
6.237328 0.0002375
6.309553 0.0002625
6.382614 0.00023125
6.456521 0.000225
6.531284 0.0002
6.606913 0.00020625
6.683417 0.00019375
6.760808 0.00016875
6.839094 0.00014375
6.918286 0.00014375
6.998397 0.00015
7.079434 0.00013125
7.16141 0.0001125
7.244335 0.0001
7.32822 0.00010625
7.413077 8.75e-05
7.498917 9.375e-05
7.585749 8.75e-05
7.673588 6.875e-05
7.762445 6.25e-05
7.852328 6.25e-05
7.943254 6.25e-05
8.035233 6.875e-05
8.128276 5.625e-05
8.222398 3.125e-05
8.317609 3.75e-05
8.41392 5e-05
8.51135 4.375e-05
8.609907 3.125e-05
8.709604 1.875e-05
8.810457 1.875e-05
8.912478 2.5e-05
9.015678 2.5e-05
9.120075 1.25e-05
9.225681 1.25e-05
9.332508 1.25e-05
9.440575 1.25e-05
9.549891 1.875e-05
9.660473 6.25e-06
9.772336 1.25e-05
9.885495 6.25e-06
