%w vratio
0.0 0.000000
0.05 0.000000
0.1 0.000050
0.15 0.000525
0.2 0.000425
0.25 0.002850
0.3 0.005515
0.35 0.001220
0.4 0.000005
0.45 0.000135
0.5000001 0.000170
0.5500001 0.000405
0.6000001 0.000585
0.6500001 0.000630
0.7000001 0.000865
0.7500001 0.001620
0.8000001 0.002010
0.8500001 0.001555
0.9000002 0.001180
0.9500002 0.001070
1.0 0.000970
1.05 0.000660
1.1 0.000830
1.15 0.000865
1.2 0.000920
1.25 0.000925
1.3 0.000810
1.35 0.000750
1.4 0.000860
1.45 0.000885
1.5 0.001110
1.55 0.001285
1.6 0.001380
1.649999 0.001735
1.699999 0.002055
1.749999 0.002350
1.799999 0.002590
1.849999 0.002890
1.899999 0.003215
1.949999 0.003625
1.999999 0.003810
2.049999 0.004135
2.099999 0.004395
2.149999 0.004610
2.199999 0.004700
2.249999 0.005035
2.299999 0.005790
2.349999 0.006170
2.399999 0.006590
2.449999 0.006690
2.499999 0.007165
2.549999 0.007240
2.599999 0.007650
2.649999 0.007485
2.699999 0.007550
2.749999 0.007640
2.799999 0.007840
2.849998 0.008095
2.899998 0.007855
2.949998 0.007850
2.999998 0.008440
3.049998 0.007540
3.099998 0.007490
3.149998 0.006980
3.199998 0.007510
3.249998 0.008035
3.299998 0.008730
3.349998 0.009015
3.399998 0.009370
3.449998 0.009840
3.499998 0.010195
3.549998 0.010150
3.599998 0.010585
3.649998 0.011535
3.699998 0.012050
3.749998 0.012360
3.799998 0.012320
3.849998 0.012750
3.899997 0.012910
3.949997 0.013270
3.999997 0.013490
4.049997 0.014000
4.099998 0.014845
4.149998 0.015560
4.199998 0.015950
4.249998 0.016455
4.299998 0.016790
4.349998 0.016810
4.399999 0.017075
4.449999 0.016905
4.499999 0.016445
4.549999 0.015875
4.599999 0.015915
4.65 0.016845
4.7 0.017435
4.75 0.017760
4.8 0.018470
4.85 0.018680
4.900001 0.018865
4.950001 0.018775
5.000001 0.018835
5.050001 0.018665
5.100001 0.018755
5.150002 0.018850
5.200002 0.018460
5.250002 0.018280
5.300002 0.018125
5.350002 0.018205
5.400002 0.018855
5.450003 0.019365
5.500003 0.019835
5.550003 0.020330
5.600003 0.020645
5.650003 0.021095
5.700004 0.021320
5.750004 0.021605
5.800004 0.021710
5.850004 0.021595
5.900004 0.021560
5.950005 0.021135
6.000005 0.020925
6.050005 0.021020
6.100005 0.020710
6.150005 0.020275
6.200006 0.019820
6.250006 0.019395
6.300006 0.018865
6.350006 0.018940
6.400006 0.019125
6.450006 0.019765
6.500007 0.020435
6.550007 0.020970
6.600007 0.021590
6.650007 0.022200
6.700007 0.022810
6.750008 0.023200
6.800008 0.023765
6.850008 0.023795
6.900008 0.023955
6.950008 0.024310
7.000009 0.024045
7.050009 0.024860
7.100009 0.024855
7.150009 0.025035
7.200009 0.025270
7.25001 0.025120
7.30001 0.025000
7.35001 0.024875
7.40001 0.024235
7.45001 0.023930
7.50001 0.023355
7.550011 0.023050
7.600011 0.022145
7.650011 0.021065
7.700011 0.019615
7.750011 0.018935
7.800012 0.018605
7.850012 0.017890
7.900012 0.017685
7.950012 0.017700
8.000012 0.017740
8.050013 0.017990
8.100013 0.017945
8.150013 0.018250
8.200013 0.018580
8.250013 0.018955
8.300014 0.019005
8.350014 0.019340
8.400014 0.019710
8.450014 0.020090
8.500014 0.020965
8.550014 0.021360
8.600015 0.022100
8.650015 0.022975
8.700015 0.023700
8.750015 0.024145
8.800015 0.024935
8.850016 0.025305
8.900016 0.025660
8.950016 0.026160
9.000016 0.026590
9.050016 0.027150
9.100017 0.027510
9.150017 0.028010
9.200017 0.028470
9.250017 0.028960
9.300017 0.029165
9.350018 0.029630
9.400018 0.029830
9.450018 0.030295
9.500018 0.030780
9.550018 0.031100
9.600019 0.031490
9.650019 0.031860
9.700019 0.032210
9.750019 0.032485
9.800019 0.032470
9.850019 0.032815
9.90002 0.032830
9.95002 0.033070
10.00002 0.033155
10.05002 0.033465
10.10002 0.033605
10.15002 0.033505
10.20002 0.033565
10.25002 0.033750
10.30002 0.033825
10.35002 0.033275
10.40002 0.033230
10.45002 0.033080
10.50002 0.032820
10.55002 0.032575
10.60002 0.032515
10.65002 0.032320
10.70002 0.032155
10.75002 0.032175
10.80002 0.031960
10.85002 0.031665
10.90002 0.031705
10.95002 0.031590
11.00002 0.031520
11.05002 0.031330
11.10002 0.031135
11.15002 0.031075
11.20002 0.030920
11.25002 0.030880
11.30002 0.030930
11.35003 0.030710
11.40003 0.030480
11.45003 0.030270
11.50003 0.029985
11.55003 0.029925
11.60003 0.029760
11.65003 0.029555
11.70003 0.029340
11.75003 0.029265
11.80003 0.028985
11.85003 0.028755
11.90003 0.028455
11.95003 0.028170
12.00003 0.027815
12.05003 0.027455
12.10003 0.027165
12.15003 0.026945
12.20003 0.026990
12.25003 0.026735
12.30003 0.026415
12.35003 0.026060
12.40003 0.026135
12.45003 0.026005
12.50003 0.025655
12.55003 0.025840
12.60003 0.025555
12.65003 0.025335
12.70003 0.025130
12.75003 0.024715
12.80003 0.024400
12.85003 0.024355
12.90003 0.024095
12.95003 0.023850
13.00003 0.023560
13.05003 0.023265
13.10003 0.023080
13.15003 0.022830
13.20003 0.022670
13.25003 0.022340
13.30003 0.022230
13.35003 0.022010
13.40003 0.021715
13.45003 0.021655
13.50003 0.021505
13.55003 0.021165
13.60003 0.020965
13.65003 0.020645
13.70003 0.020265
13.75003 0.020005
13.80003 0.019670
13.85003 0.019300
13.90003 0.018980
13.95004 0.018630
14.00004 0.018410
14.05004 0.018065
14.10004 0.017725
14.15004 0.017335
14.20004 0.017065
14.25004 0.016795
14.30004 0.016390
14.35004 0.016195
14.40004 0.015870
14.45004 0.015520
14.50004 0.015210
14.55004 0.014870
14.60004 0.014635
14.65004 0.014230
14.70004 0.013955
14.75004 0.013750
14.80004 0.013360
14.85004 0.012980
14.90004 0.012760
14.95004 0.012305
15.00004 0.011960
15.05004 0.011560
15.10004 0.011385
15.15004 0.010785
15.20004 0.010605
15.25004 0.010225
15.30004 0.010080
15.35004 0.009735
15.40004 0.009500
15.45004 0.009185
15.50004 0.008935
15.55004 0.008755
15.60004 0.008355
15.65004 0.008025
15.70004 0.007775
15.75004 0.007520
15.80004 0.007325
15.85004 0.007050
15.90004 0.006780
15.95004 0.006365
16.00004 0.006035
16.05004 0.005665
16.10004 0.005425
16.15004 0.005245
16.20004 0.005080
16.25004 0.005005
16.30004 0.004995
16.35004 0.004970
16.40004 0.004800
16.45004 0.004710
16.50003 0.004585
16.55003 0.004350
16.60003 0.004115
16.65003 0.003845
16.70003 0.003695
16.75003 0.003505
16.80003 0.003280
16.85003 0.003085
16.90003 0.002855
16.95003 0.002715
17.00003 0.002470
17.05003 0.002335
17.10003 0.002120
17.15002 0.001935
17.20002 0.001765
17.25002 0.001635
17.30002 0.001435
17.35002 0.001330
17.40002 0.001235
17.45002 0.001070
17.50002 0.000980
17.55002 0.000845
17.60002 0.000735
17.65002 0.000625
17.70002 0.000550
17.75002 0.000540
17.80001 0.000405
17.85001 0.000360
17.90001 0.000300
17.95001 0.000245
18.00001 0.000200
18.05001 0.000195
18.10001 0.000155
18.15001 0.000160
18.20001 0.000165
18.25001 0.000135
18.30001 0.000125
18.35001 0.000115
18.40001 0.000095
18.45 0.000080
18.5 0.000095
18.55 0.000080
18.6 0.000000
18.65 0.000000
18.7 0.000000
18.75 0.000000
18.8 0.000000
18.85 0.000000
18.9 0.000000
18.95 0.000000
19.0 0.000000
19.05 0.000000
19.09999 0.000000
19.14999 0.000000
19.19999 0.000000
19.24999 0.000000
19.29999 0.000000
19.34999 0.000000
19.39999 0.000000
19.44999 0.000000
19.49999 0.000000
19.54999 0.000000
19.59999 0.000000
19.64999 0.000000
19.69999 0.000000
19.74998 0.000000
19.79998 0.000000
19.84998 0.000000
19.89998 0.000000
19.94998 0.000000
