#./overdamped_3d --dev=0 --amp=40.0 --omega=1.0 --force=0 --Dg=0.01 --block=256 --paths=65536 --periods=1000 --trans=100 --samples=100 --spp=1000 --algorithm=euler --pav=1 --mode=moments --domain=1d --domainx=l:-2:3:300:1 --domainy=a:0:10:100:0 --domainz=D:-6:-1:100:1 --q=2 --eps=0 --phi=1.57079632679 --lambda=30.0 --zeta=0 --comp=0 --mean=1.0 --second=3.14 --skew=0.0 --distribution=s>> supplementary_s_3.14_l:-2:3:300:1_1.0_0.0_30.0.dat
#l <<v>> qnu(q) mu_q Dx Gx EBx
1.000000e-02 9.996611e-01 1.007086e+00 6.283489e+05 4.995842e+01 -1.393896e-02 1.796675e-02
1.039122e-02 9.952364e-01 1.011010e+00 5.990349e+05 4.767741e+01 2.018929e-03 1.743495e-02
1.079775e-02 1.003980e+00 1.001602e+00 5.828565e+05 4.648343e+01 1.380527e-02 1.668429e-02
1.122018e-02 9.949013e-01 1.008926e+00 5.544474e+05 4.422406e+01 -1.441211e-02 1.617002e-02
1.165914e-02 1.003261e+00 1.007199e+00 5.418196e+05 4.315900e+01 -5.891800e-03 1.550305e-02
1.211527e-02 9.956475e-01 1.010426e+00 5.165064e+05 4.116447e+01 1.717472e-02 1.508653e-02
1.258925e-02 1.003706e+00 1.014624e+00 5.110562e+05 4.064339e+01 2.301097e-03 1.472569e-02
1.308177e-02 9.942039e-01 1.008846e+00 4.820689e+05 3.840599e+01 -1.609504e-03 1.416183e-02
1.359356e-02 1.003819e+00 1.014670e+00 4.769721e+05 3.801448e+01 -3.433108e-03 1.375794e-02
1.412537e-02 9.924445e-01 1.008314e+00 4.374794e+05 3.482183e+01 -2.882302e-03 1.292574e-02
1.467799e-02 1.004920e+00 1.013116e+00 4.361378e+05 3.465854e+01 -2.326500e-02 1.252282e-02
1.525222e-02 9.962431e-01 1.013467e+00 4.166285e+05 3.315643e+01 2.307773e-02 1.226592e-02
1.584893e-02 9.973875e-01 1.010835e+00 4.018336e+05 3.203057e+01 2.574897e-02 1.179123e-02
1.646897e-02 1.004683e+00 1.008269e+00 3.873091e+05 3.086301e+01 -1.195496e-02 1.130581e-02
1.711327e-02 9.925974e-01 9.986689e-01 3.670122e+05 2.922912e+01 2.044499e-02 1.086938e-02
1.778278e-02 1.002618e+00 1.007782e+00 3.596901e+05 2.864948e+01 4.668474e-03 1.048350e-02
1.847849e-02 1.004799e+00 9.989088e-01 3.433304e+05 2.734537e+01 -1.023006e-02 1.000118e-02
1.920141e-02 9.926300e-01 1.006165e+00 3.256729e+05 2.594767e+01 -2.287871e-02 9.723425e-03
1.995261e-02 1.001443e+00 1.024011e+00 3.227318e+05 2.567456e+01 -5.902946e-03 9.537697e-03
2.073320e-02 1.007245e+00 1.018080e+00 3.128252e+05 2.488483e+01 1.043320e-02 9.155631e-03
2.154433e-02 9.935853e-01 1.021361e+00 2.932081e+05 2.333275e+01 9.221196e-03 8.882165e-03
2.238719e-02 9.930530e-01 1.018585e+00 2.820226e+05 2.245740e+01 -9.384990e-03 8.447170e-03
2.326303e-02 1.006968e+00 1.013742e+00 2.772825e+05 2.205983e+01 -9.615600e-03 8.112192e-03
2.417313e-02 1.004372e+00 1.014763e+00 2.650366e+05 2.106638e+01 -3.324980e-02 7.878184e-03
2.511884e-02 9.895750e-01 1.009547e+00 2.478460e+05 1.971261e+01 1.596093e-03 7.607698e-03
2.610155e-02 9.940891e-01 1.008795e+00 2.347149e+05 1.867397e+01 -8.782148e-03 7.141352e-03
2.712270e-02 1.008678e+00 1.008547e+00 2.346841e+05 1.868256e+01 -4.529297e-03 6.913900e-03
2.818380e-02 1.009363e+00 1.017548e+00 2.280317e+05 1.819523e+01 -2.537906e-02 6.787181e-03
2.928642e-02 9.960031e-01 1.008541e+00 2.153801e+05 1.714703e+01 -1.497537e-02 6.599665e-03
3.043217e-02 9.882165e-01 1.004071e+00 2.018448e+05 1.607338e+01 -2.030247e-02 6.273150e-03
3.162274e-02 9.976064e-01 1.007177e+00 1.972519e+05 1.571655e+01 -3.952444e-02 6.041169e-03
3.285990e-02 1.010835e+00 1.004735e+00 1.958797e+05 1.556631e+01 -2.585799e-02 5.818367e-03
3.414545e-02 1.011871e+00 1.014651e+00 1.930121e+05 1.537850e+01 -1.112604e-02 5.807519e-03
3.548130e-02 9.991872e-01 1.015991e+00 1.818401e+05 1.449265e+01 -3.633881e-02 5.697131e-03
3.686940e-02 9.866850e-01 1.002755e+00 1.689973e+05 1.341644e+01 -2.301651e-02 5.485058e-03
3.831182e-02 9.882377e-01 1.013509e+00 1.637009e+05 1.302110e+01 -4.348660e-02 5.253911e-03
3.981066e-02 1.000922e+00 1.005350e+00 1.592989e+05 1.264804e+01 -4.889673e-02 4.943848e-03
4.136815e-02 1.014688e+00 1.004316e+00 1.591106e+05 1.264709e+01 -3.967625e-02 4.827619e-03
4.298656e-02 1.017840e+00 1.004258e+00 1.536094e+05 1.218586e+01 -4.891974e-02 4.662514e-03
4.466829e-02 1.007461e+00 1.011725e+00 1.464769e+05 1.165969e+01 -6.082660e-02 4.593849e-03
4.641582e-02 9.917522e-01 1.013852e+00 1.377363e+05 1.102434e+01 -5.854386e-02 4.553199e-03
4.823171e-02 9.811492e-01 1.012628e+00 1.296324e+05 1.034093e+01 -5.481946e-02 4.429460e-03
5.011865e-02 9.813877e-01 1.017952e+00 1.250607e+05 9.937953e+00 -4.801047e-02 4.216552e-03
5.207940e-02 9.928357e-01 1.024763e+00 1.232801e+05 9.798532e+00 -3.884518e-02 4.011750e-03
5.411686e-02 1.007890e+00 1.019040e+00 1.216805e+05 9.636513e+00 -4.398501e-02 3.825903e-03
5.623404e-02 1.020419e+00 1.016662e+00 1.196234e+05 9.509507e+00 -1.993889e-02 3.685713e-03
5.843404e-02 1.023702e+00 1.015758e+00 1.173710e+05 9.280006e+00 -3.218776e-02 3.658772e-03
6.072012e-02 1.017473e+00 1.014969e+00 1.115813e+05 8.848060e+00 -3.684455e-02 3.607869e-03
6.309562e-02 1.003508e+00 1.014199e+00 1.059092e+05 8.393513e+00 -3.429210e-02 3.568888e-03
6.556407e-02 9.884287e-01 1.007361e+00 9.904978e+04 7.854296e+00 -2.496165e-02 3.525972e-03
6.812909e-02 9.756771e-01 1.014464e+00 9.197905e+04 7.334496e+00 4.358053e-03 3.432035e-03
7.079445e-02 9.703654e-01 1.005163e+00 8.554869e+04 6.821699e+00 8.519530e-03 3.231406e-03
7.356408e-02 9.736390e-01 9.987090e-01 8.281698e+04 6.598564e+00 3.716338e-02 3.073812e-03
7.644208e-02 9.845834e-01 1.018408e+00 8.288067e+04 6.587741e+00 2.646804e-03 2.993345e-03
7.943267e-02 9.987931e-01 1.008080e+00 8.052934e+04 6.388479e+00 -3.609657e-04 2.813458e-03
8.254025e-02 1.013969e+00 9.942813e-01 7.890604e+04 6.182533e+00 1.379859e-02 2.662301e-03
8.576941e-02 1.026787e+00 9.989783e-01 7.836742e+04 6.151975e+00 -4.227221e-03 2.575517e-03
8.912491e-02 1.034893e+00 9.978805e-01 7.756070e+04 6.071761e+00 1.847136e-02 2.550960e-03
9.261168e-02 1.036459e+00 9.973300e-01 7.643822e+04 6.019876e+00 -3.407359e-03 2.564430e-03
9.623486e-02 1.032053e+00 1.001231e+00 7.447905e+04 5.886823e+00 -6.415904e-03 2.560258e-03
9.999978e-02 1.022314e+00 1.002744e+00 7.192716e+04 5.653502e+00 -2.274716e-02 2.616882e-03
1.039120e-01 1.007863e+00 1.017218e+00 7.050027e+04 5.539547e+00 -3.100395e-03 2.707839e-03
1.079773e-01 9.920329e-01 1.006644e+00 6.551385e+04 5.197364e+00 1.733661e-03 2.697468e-03
1.122016e-01 9.766670e-01 1.016298e+00 6.236492e+04 4.956085e+00 2.475786e-02 2.748489e-03
1.165912e-01 9.631277e-01 1.006543e+00 5.762580e+04 4.623451e+00 2.520132e-02 2.712846e-03
1.211525e-01 9.534584e-01 1.013018e+00 5.417687e+04 4.362755e+00 4.706323e-02 2.658248e-03
1.258922e-01 9.479268e-01 1.009621e+00 5.069516e+04 4.102696e+00 7.338428e-02 2.532244e-03
1.308174e-01 9.470211e-01 1.005741e+00 4.827752e+04 3.874468e+00 4.228711e-02 2.456188e-03
1.359353e-01 9.508545e-01 1.002625e+00 4.625332e+04 3.772290e+00 2.010775e-02 2.312541e-03
1.412534e-01 9.583428e-01 1.001207e+00 4.473118e+04 3.576211e+00 2.929807e-03 2.209067e-03
1.467796e-01 9.697405e-01 1.014605e+00 4.410970e+04 3.542152e+00 3.483534e-03 2.070785e-03
1.525219e-01 9.829352e-01 1.000176e+00 4.281855e+04 3.412600e+00 2.520084e-03 1.910090e-03
1.584889e-01 9.982228e-01 9.990954e-01 4.260947e+04 3.313924e+00 1.986778e-02 1.829267e-03
1.646893e-01 1.014148e+00 9.967006e-01 4.230019e+04 3.287186e+00 1.111400e-02 1.733661e-03
1.711324e-01 1.030038e+00 9.993902e-01 4.271514e+04 3.316152e+00 1.439452e-02 1.666069e-03
1.778274e-01 1.044616e+00 9.997333e-01 4.277459e+04 3.318062e+00 -1.388371e-02 1.568437e-03
1.847845e-01 1.058203e+00 9.885700e-01 4.229413e+04 3.295144e+00 -3.591597e-03 1.536250e-03
1.920137e-01 1.069134e+00 9.920809e-01 4.289836e+04 3.349257e+00 6.019950e-03 1.505017e-03
1.995257e-01 1.077948e+00 9.986197e-01 4.294043e+04 3.456527e+00 1.293099e-02 1.480103e-03
2.073316e-01 1.084056e+00 9.952555e-01 4.312963e+04 3.474989e+00 7.983923e-03 1.462460e-03
2.154428e-01 1.088038e+00 9.988346e-01 4.265365e+04 3.420558e+00 -2.533311e-02 1.445174e-03
2.238715e-01 1.088840e+00 1.008023e+00 4.275110e+04 3.408462e+00 -9.133697e-03 1.432300e-03
2.326298e-01 1.086718e+00 9.918557e-01 4.236495e+04 3.403687e+00 -3.588456e-02 1.387596e-03
2.417308e-01 1.082730e+00 1.002917e+00 4.284159e+04 3.430425e+00 -3.905189e-02 1.399636e-03
2.511879e-01 1.075979e+00 1.018862e+00 4.339843e+04 3.441566e+00 -1.479399e-02 1.443148e-03
2.610149e-01 1.067466e+00 1.015303e+00 4.266347e+04 3.380132e+00 8.347392e-03 1.417279e-03
2.712264e-01 1.057089e+00 1.014638e+00 4.246214e+04 3.311696e+00 1.207697e-02 1.446962e-03
2.818374e-01 1.045038e+00 1.008164e+00 4.110453e+04 3.158271e+00 1.214838e-02 1.433849e-03
2.928635e-01 1.031500e+00 1.005249e+00 4.042389e+04 3.084423e+00 1.376128e-02 1.435995e-03
3.043210e-01 1.017723e+00 9.949628e-01 3.913140e+04 2.996251e+00 -9.902656e-03 1.424670e-03
3.162267e-01 1.002714e+00 9.960670e-01 3.821161e+04 2.944685e+00 -1.467419e-02 1.419783e-03
3.285983e-01 9.868885e-01 9.785407e-01 3.654341e+04 2.896302e+00 -1.313084e-02 1.403213e-03
3.414538e-01 9.709455e-01 9.804468e-01 3.602777e+04 2.879750e+00 -2.023596e-02 1.456261e-03
3.548123e-01 9.545561e-01 9.879409e-01 3.610750e+04 2.938637e+00 -2.519071e-03 1.475334e-03
3.686934e-01 9.381146e-01 9.831383e-01 3.585472e+04 2.949778e+00 4.552603e-03 1.470566e-03
3.831175e-01 9.219372e-01 9.873457e-01 3.556136e+04 2.919857e+00 -2.042907e-02 1.529336e-03
3.981059e-01 9.056197e-01 9.698508e-01 3.432695e+04 2.817838e+00 -2.879858e-03 1.498103e-03
4.136808e-01 8.896475e-01 9.852171e-01 3.455380e+04 2.830093e+00 -1.450908e-02 1.544833e-03
4.298649e-01 8.738640e-01 9.941145e-01 3.449582e+04 2.823568e+00 -3.764719e-02 1.584411e-03
4.466822e-01 8.586963e-01 9.995409e-01 3.419536e+04 2.742717e+00 -7.642269e-03 1.614332e-03
4.641575e-01 8.440461e-01 1.006340e+00 3.412535e+04 2.698154e+00 -2.180833e-02 1.629591e-03
4.823164e-01 8.302443e-01 1.021017e+00 3.406335e+04 2.631945e+00 -2.622271e-02 1.664758e-03
5.011858e-01 8.167892e-01 1.022673e+00 3.383534e+04 2.608072e+00 -1.410526e-02 1.681805e-03
5.207933e-01 8.037158e-01 1.011873e+00 3.320690e+04 2.502393e+00 -2.669835e-02 1.685500e-03
5.411680e-01 7.915626e-01 1.012462e+00 3.249404e+04 2.458307e+00 -2.637541e-02 1.700044e-03
5.623397e-01 7.797310e-01 1.009574e+00 3.202487e+04 2.451941e+00 -1.788485e-02 1.682758e-03
5.843398e-01 7.684565e-01 1.009704e+00 3.151891e+04 2.444461e+00 -1.501977e-03 1.668692e-03
6.072005e-01 7.580935e-01 9.983751e-01 3.029733e+04 2.387642e+00 -3.363901e-02 1.624584e-03
6.309556e-01 7.478607e-01 1.000955e+00 3.015571e+04 2.398465e+00 -2.463591e-02 1.668453e-03
6.556400e-01 7.389936e-01 1.001292e+00 2.952212e+04 2.336076e+00 -2.866387e-02 1.680732e-03
6.812901e-01 7.301719e-01 1.003508e+00 2.951376e+04 2.369817e+00 -2.479029e-02 1.679778e-03
7.079438e-01 7.221258e-01 9.969805e-01 2.921741e+04 2.335758e+00 -3.877342e-03 1.688838e-03
7.356402e-01 7.143227e-01 1.007327e+00 2.972391e+04 2.405627e+00 5.930305e-03 1.713991e-03
7.644201e-01 7.077494e-01 9.917510e-01 2.902135e+04 2.350559e+00 3.238130e-02 1.714110e-03
7.943260e-01 7.009179e-01 9.896234e-01 2.880243e+04 2.367430e+00 4.068494e-03 1.692057e-03
8.254018e-01 6.951383e-01 9.923187e-01 2.881504e+04 2.365520e+00 5.813599e-03 1.672387e-03
8.576935e-01 6.892686e-01 9.993644e-01 2.937394e+04 2.406423e+00 2.163756e-02 1.669168e-03
8.912484e-01 6.839837e-01 9.950454e-01 2.970690e+04 2.431569e+00 6.713629e-03 1.675010e-03
9.261161e-01 6.791881e-01 9.928256e-01 2.971595e+04 2.441437e+00 -1.352459e-02 1.656175e-03
9.623479e-01 6.746685e-01 9.963913e-01 3.023110e+04 2.463241e+00 -9.781718e-03 1.641750e-03
9.999971e-01 6.706559e-01 9.992686e-01 3.108287e+04 2.521969e+00 4.862547e-04 1.671076e-03
1.039119e+00 6.672263e-01 1.008729e+00 3.163517e+04 2.584517e+00 1.840472e-03 1.644254e-03
1.079772e+00 6.634254e-01 9.978071e-01 3.156513e+04 2.588018e+00 -8.146942e-03 1.631260e-03
1.122015e+00 6.608735e-01 9.777964e-01 3.156369e+04 2.552049e+00 9.136915e-03 1.563668e-03
1.165911e+00 6.579214e-01 9.818710e-01 3.149266e+04 2.545683e+00 8.230448e-03 1.519918e-03
1.211524e+00 6.554423e-01 9.830176e-01 3.186331e+04 2.565737e+00 1.911104e-02 1.508355e-03
1.258922e+00 6.534039e-01 9.981090e-01 3.335576e+04 2.709931e+00 5.379438e-03 1.478553e-03
1.308174e+00 6.514208e-01 1.000841e+00 3.398846e+04 2.730780e+00 3.330708e-03 1.430392e-03
1.359353e+00 6.499135e-01 9.918241e-01 3.412070e+04 2.753699e+00 5.021095e-04 1.391292e-03
1.412534e+00 6.487367e-01 9.890358e-01 3.458445e+04 2.785371e+00 3.804803e-03 1.366258e-03
1.467795e+00 6.470153e-01 9.992430e-01 3.630852e+04 2.909273e+00 -1.907068e-02 1.391530e-03
1.525219e+00 6.461251e-01 9.920527e-01 3.683996e+04 2.960123e+00 -2.165878e-02 1.341343e-03
1.584889e+00 6.451696e-01 1.005975e+00 3.830965e+04 3.071690e+00 -1.491201e-02 1.296878e-03
1.646893e+00 6.444374e-01 1.008133e+00 3.957457e+04 3.169730e+00 7.086992e-04 1.254916e-03
1.711323e+00 6.437982e-01 1.003765e+00 4.003501e+04 3.202834e+00 -3.120703e-02 1.233816e-03
1.778274e+00 6.431475e-01 9.966096e-01 4.059104e+04 3.259493e+00 4.791021e-04 1.195312e-03
1.847844e+00 6.429147e-01 1.014188e+00 4.253457e+04 3.413873e+00 -3.359497e-02 1.174212e-03
1.920137e+00 6.423005e-01 1.010507e+00 4.411260e+04 3.529738e+00 -9.263098e-03 1.193047e-03
1.995257e+00 6.423799e-01 1.017568e+00 4.583086e+04 3.646080e+00 -2.118081e-02 1.150727e-03
2.073316e+00 6.427005e-01 1.003928e+00 4.582527e+04 3.675922e+00 -2.981186e-02 1.093984e-03
2.154429e+00 6.430051e-01 1.007915e+00 4.734371e+04 3.777861e+00 4.234552e-03 1.081109e-03
2.238715e+00 6.433074e-01 9.957128e-01 4.762912e+04 3.780407e+00 -7.453680e-03 1.046777e-03
2.326299e+00 6.436995e-01 9.999224e-01 4.919897e+04 3.933435e+00 2.516234e-02 1.057625e-03
2.417309e+00 6.441733e-01 9.987083e-01 5.039786e+04 4.020890e+00 3.220916e-02 1.011610e-03
2.511880e+00 6.452387e-01 9.929456e-01 5.258796e+04 4.186730e+00 9.505987e-03 9.653568e-04
2.610151e+00 6.460351e-01 1.000870e+00 5.462505e+04 4.368326e+00 2.321839e-03 9.539127e-04
2.712266e+00 6.472929e-01 9.972730e-01 5.656925e+04 4.532971e+00 -5.489767e-03 9.166002e-04
2.818376e+00 6.488507e-01 1.007412e+00 5.898114e+04 4.722525e+00 1.532912e-03 8.651018e-04
2.928637e+00 6.488876e-01 1.012018e+00 6.236608e+04 4.974069e+00 8.132339e-03 8.594990e-04
3.043212e+00 6.501196e-01 1.019589e+00 6.507699e+04 5.200308e+00 1.609576e-02 8.343458e-04
3.162270e+00 6.511213e-01 1.005928e+00 6.554198e+04 5.220202e+00 2.140903e-02 7.933378e-04
3.285985e+00 6.528810e-01 9.988750e-01 6.693238e+04 5.332963e+00 4.491258e-02 7.660389e-04
3.414541e+00 6.539459e-01 1.000708e+00 6.947040e+04 5.559123e+00 6.418049e-02 7.812977e-04
3.548125e+00 6.562925e-01 1.005692e+00 7.202422e+04 5.740400e+00 7.612348e-02 7.344484e-04
3.686936e+00 6.585887e-01 9.996995e-01 7.325596e+04 5.857538e+00 6.112766e-02 7.207394e-04
3.831177e+00 6.610950e-01 9.989690e-01 7.642978e+04 6.089904e+00 3.556335e-02 6.995201e-04
3.981061e+00 6.633452e-01 1.000114e+00 7.968438e+04 6.377975e+00 3.853106e-02 6.909370e-04
4.136810e+00 6.651974e-01 1.008080e+00 8.303656e+04 6.646788e+00 3.061533e-02 6.613731e-04
4.298651e+00 6.672989e-01 1.012826e+00 8.612611e+04 6.881064e+00 4.961479e-02 6.585121e-04
4.466824e+00 6.693907e-01 1.009128e+00 8.918941e+04 7.113111e+00 4.250646e-02 6.630421e-04
4.641576e+00 6.727919e-01 1.009479e+00 9.356764e+04 7.475507e+00 4.359984e-02 6.204844e-04
4.823165e+00 6.752588e-01 1.000793e+00 9.607362e+04 7.677316e+00 4.062915e-02 6.022453e-04
5.011858e+00 6.779137e-01 1.010395e+00 1.010987e+05 8.051330e+00 2.422142e-02 5.931854e-04
5.207934e+00 6.805238e-01 1.016919e+00 1.070340e+05 8.556965e+00 3.668022e-02 5.644560e-04
5.411680e+00 6.833846e-01 1.012285e+00 1.118125e+05 8.916656e+00 2.477789e-02 5.321503e-04
5.623397e+00 6.866104e-01 1.015895e+00 1.174441e+05 9.382025e+00 5.346537e-02 5.409718e-04
5.843397e+00 6.896735e-01 1.016570e+00 1.202189e+05 9.558050e+00 1.026666e-02 5.321503e-04
6.072004e+00 6.928903e-01 1.008362e+00 1.248191e+05 9.968987e+00 1.916349e-02 5.033016e-04
6.309555e+00 6.968397e-01 1.005555e+00 1.282911e+05 1.021647e+01 2.869844e-03 4.942417e-04
6.556399e+00 7.007383e-01 1.001846e+00 1.309816e+05 1.043579e+01 3.579962e-02 4.698038e-04
6.812900e+00 7.037282e-01 1.008981e+00 1.384673e+05 1.104265e+01 2.514732e-02 4.770756e-04
7.079436e+00 7.061085e-01 1.007229e+00 1.419697e+05 1.133119e+01 3.446579e-02 4.608631e-04
7.356400e+00 7.101719e-01 1.005343e+00 1.488534e+05 1.187328e+01 6.616116e-05 4.572868e-04
7.644198e+00 7.135166e-01 1.013697e+00 1.567971e+05 1.250146e+01 -2.833253e-02 4.512072e-04
7.943257e+00 7.173347e-01 1.010036e+00 1.595991e+05 1.270741e+01 -5.835640e-02 4.171133e-04
8.254015e+00 7.215890e-01 9.999910e-01 1.641775e+05 1.309543e+01 -5.196971e-02 4.411936e-04
8.576931e+00 7.248726e-01 9.971614e-01 1.693295e+05 1.349140e+01 -5.658722e-02 4.166365e-04
8.912479e+00 7.292659e-01 9.968916e-01 1.758867e+05 1.400882e+01 -4.661840e-02 3.925562e-04
9.261156e+00 7.321941e-01 9.935496e-01 1.801035e+05 1.432904e+01 -6.308824e-02 3.994703e-04
9.623473e+00 7.356384e-01 9.938177e-01 1.881393e+05 1.499096e+01 -4.469770e-02 3.746748e-04
9.999966e+00 7.389485e-01 9.867082e-01 1.945955e+05 1.546684e+01 -3.608274e-02 3.764629e-04
1.039119e+01 7.437007e-01 9.710006e-01 1.973023e+05 1.569506e+01 -3.637797e-02 3.678799e-04
1.079772e+01 7.479514e-01 9.727209e-01 2.059601e+05 1.637020e+01 -1.971781e-02 3.732443e-04
1.122015e+01 7.519057e-01 9.649701e-01 2.129616e+05 1.693838e+01 -2.365053e-02 3.763437e-04
1.165910e+01 7.565812e-01 9.539770e-01 2.165597e+05 1.724985e+01 -3.837007e-02 3.355742e-04
1.211523e+01 7.611214e-01 9.711415e-01 2.288071e+05 1.822515e+01 -1.987761e-02 3.486872e-04
1.258921e+01 7.656869e-01 9.763783e-01 2.439505e+05 1.941340e+01 -1.027858e-02 3.402233e-04
1.308173e+01 7.715603e-01 9.616058e-01 2.467770e+05 1.965611e+01 1.501596e-02 3.213882e-04
1.359352e+01 7.760370e-01 9.569060e-01 2.529619e+05 2.016143e+01 -1.293766e-02 3.377199e-04
1.412532e+01 7.813829e-01 9.574638e-01 2.601525e+05 2.069635e+01 -2.738374e-02 3.218651e-04
1.467794e+01 7.853042e-01 9.749000e-01 2.754902e+05 2.193187e+01 9.690523e-04 3.223419e-04
1.525217e+01 7.909998e-01 9.864290e-01 2.922221e+05 2.327434e+01 1.270592e-02 3.221035e-04
1.584887e+01 7.963141e-01 9.933295e-01 3.077605e+05 2.447707e+01 3.219461e-02 3.033876e-04
1.646892e+01 8.014672e-01 9.704660e-01 3.134927e+05 2.493783e+01 3.057528e-02 3.024340e-04
1.711322e+01 8.079954e-01 9.881895e-01 3.269158e+05 2.602899e+01 3.991115e-02 3.080368e-04
1.778273e+01 8.133880e-01 9.764097e-01 3.379995e+05 2.688907e+01 5.724442e-02 2.993345e-04
1.847843e+01 8.177773e-01 9.970129e-01 3.633849e+05 2.890301e+01 2.940238e-02 3.036261e-04
1.920134e+01 8.218479e-01 9.957731e-01 3.777486e+05 3.006739e+01 3.379083e-02 2.954006e-04
1.995255e+01 8.278840e-01 9.937620e-01 3.926471e+05 3.127267e+01 1.533830e-02 2.763271e-04
2.073313e+01 8.297291e-01 9.967527e-01 4.082081e+05 3.250151e+01 3.593385e-02 2.734661e-04
2.154426e+01 8.321924e-01 9.853313e-01 4.185544e+05 3.330046e+01 3.577781e-02 2.660751e-04
2.238712e+01 8.363906e-01 9.835249e-01 4.328608e+05 3.445147e+01 8.326292e-03 2.673864e-04
2.326295e+01 8.428780e-01 9.783293e-01 4.490413e+05 3.576084e+01 -1.964223e-02 2.548695e-04
2.417306e+01 8.474201e-01 9.722571e-01 4.632450e+05 3.684230e+01 1.658559e-03 2.764463e-04
2.511876e+01 8.549765e-01 9.924158e-01 4.994749e+05 3.977123e+01 1.672423e-02 2.623796e-04
2.610146e+01 8.632851e-01 9.978368e-01 5.283962e+05 4.206656e+01 1.702070e-03 2.709627e-04
2.712261e+01 8.727980e-01 9.976715e-01 5.480487e+05 4.363089e+01 9.446740e-03 2.546310e-04
2.818371e+01 8.818637e-01 1.001523e+00 5.794994e+05 4.611403e+01 3.638101e-02 2.514124e-04
2.928632e+01 8.862575e-01 9.990651e-01 5.953361e+05 4.735973e+01 4.825377e-02 2.640486e-04
3.043207e+01 8.893822e-01 9.911271e-01 6.143407e+05 4.889542e+01 3.326297e-02 2.602339e-04
3.162264e+01 8.862749e-01 9.927287e-01 6.343688e+05 5.051148e+01 8.047462e-03 2.596378e-04
3.285979e+01 8.861674e-01 9.971434e-01 6.732129e+05 5.356296e+01 1.453054e-02 2.541542e-04
3.414534e+01 8.844611e-01 9.931235e-01 6.956905e+05 5.539308e+01 2.492309e-03 2.385378e-04
3.548118e+01 8.920072e-01 1.000914e+00 7.215781e+05 5.741928e+01 3.745449e-02 2.627373e-04
3.686928e+01 8.993475e-01 1.003920e+00 7.579450e+05 6.032211e+01 5.229700e-02 2.406836e-04
3.831170e+01 9.127989e-01 9.968833e-01 7.846013e+05 6.245240e+01 2.447462e-02 2.536774e-04
3.981053e+01 9.218112e-01 9.934305e-01 8.052498e+05 6.410570e+01 2.973938e-02 2.411604e-04
4.136801e+01 9.285676e-01 9.763682e-01 8.128608e+05 6.469425e+01 1.636136e-02 2.491474e-04
4.298642e+01 9.243240e-01 9.916296e-01 8.553541e+05 6.809794e+01 2.396190e-02 2.325773e-04
4.466815e+01 9.148393e-01 9.998146e-01 9.068024e+05 7.217740e+01 4.161799e-02 2.448559e-04
4.641567e+01 9.161556e-01 9.885255e-01 9.229105e+05 7.345000e+01 5.165029e-02 2.381802e-04
4.823155e+01 9.229749e-01 9.807984e-01 9.482634e+05 7.548114e+01 1.366174e-02 2.288818e-04
5.011848e+01 9.384919e-01 9.873703e-01 9.863635e+05 7.847643e+01 3.656030e-03 2.422333e-04
5.207923e+01 9.473950e-01 9.818158e-01 1.008795e+06 8.025069e+01 1.701617e-02 2.336502e-04
5.411669e+01 9.428045e-01 9.724286e-01 1.028494e+06 8.188681e+01 -2.149367e-02 2.349615e-04
5.623386e+01 9.313956e-01 9.652380e-01 1.072924e+06 8.537771e+01 2.985573e-02 2.349615e-04
5.843385e+01 9.310270e-01 9.658445e-01 1.106172e+06 8.801778e+01 -2.676845e-03 2.311468e-04
6.071991e+01 9.450544e-01 9.526321e-01 1.129065e+06 8.984392e+01 2.594554e-02 2.230406e-04
6.309542e+01 9.583359e-01 9.728505e-01 1.208847e+06 9.626486e+01 3.172076e-02 2.292395e-04
6.556385e+01 9.551713e-01 9.643955e-01 1.239494e+06 9.862418e+01 7.133961e-02 2.468824e-04
6.812886e+01 9.464058e-01 9.784478e-01 1.324335e+06 1.054188e+02 -1.186061e-02 2.321005e-04
7.079421e+01 9.453943e-01 9.842071e-01 1.375624e+06 1.094741e+02 1.059520e-02 2.367496e-04
7.356384e+01 9.621593e-01 9.848076e-01 1.448849e+06 1.152766e+02 -1.373667e-02 2.232790e-04
7.644183e+01 9.683128e-01 9.837904e-01 1.499096e+06 1.193239e+02 -3.570080e-03 2.270937e-04
7.943240e+01 9.649736e-01 9.827941e-01 1.551040e+06 1.233995e+02 1.591563e-02 2.382994e-04
8.253998e+01 9.603481e-01 1.004395e+00 1.660617e+06 1.321470e+02 -2.534533e-02 2.269745e-04
8.576913e+01 9.666962e-01 9.986330e-01 1.723520e+06 1.371893e+02 -2.579933e-02 2.278090e-04
8.912461e+01 9.725822e-01 9.979160e-01 1.817308e+06 1.445862e+02 -2.687365e-02 2.257824e-04
9.261137e+01 9.741689e-01 9.888917e-01 1.845719e+06 1.468997e+02 -3.957081e-02 2.249479e-04
9.623454e+01 9.750422e-01 9.980468e-01 1.947721e+06 1.550357e+02 -2.518129e-02 2.453327e-04
9.999945e+01 9.680921e-01 9.910473e-01 1.970510e+06 1.568609e+02 3.969789e-02 2.318621e-04
1.039117e+02 9.712122e-01 1.004085e+00 2.114172e+06 1.682459e+02 -9.955347e-03 2.219677e-04
1.079769e+02 9.876147e-01 1.020497e+00 2.199711e+06 1.750822e+02 -3.468430e-02 2.338886e-04
1.122012e+02 9.758258e-01 1.015620e+00 2.294470e+06 1.826456e+02 -5.324078e-02 2.140999e-04
1.165908e+02 9.668350e-01 1.035173e+00 2.487937e+06 1.979525e+02 -2.622247e-03 2.166033e-04
1.211521e+02 9.866914e-01 1.015863e+00 2.513304e+06 1.999928e+02 -1.577097e-02 2.328157e-04
1.258918e+02 9.902461e-01 9.974703e-01 2.509608e+06 1.996882e+02 1.586723e-02 2.218485e-04
1.308170e+02 9.656922e-01 1.018013e+00 2.661335e+06 2.117607e+02 -1.672453e-02 2.301931e-04
1.359349e+02 1.000907e+00 1.019870e+00 2.847718e+06 2.266557e+02 1.950324e-02 2.229214e-04
1.412529e+02 1.006081e+00 1.012916e+00 2.893482e+06 2.302755e+02 2.860272e-02 2.393723e-04
1.467791e+02 9.718097e-01 1.019885e+00 3.006101e+06 2.392131e+02 5.428076e-02 2.176762e-04
1.525214e+02 9.988976e-01 1.008028e+00 3.082813e+06 2.453447e+02 2.953780e-02 2.187490e-04
1.584884e+02 1.004701e+00 1.007279e+00 3.231468e+06 2.571390e+02 2.366126e-02 2.433062e-04
1.646888e+02 1.002770e+00 1.015780e+00 3.371635e+06 2.683375e+02 3.947186e-02 2.291203e-04
1.711318e+02 1.024483e+00 1.010912e+00 3.579898e+06 2.848632e+02 2.056062e-02 2.239943e-04
1.778269e+02 9.953355e-01 9.993592e-01 3.519745e+06 2.800774e+02 7.285011e-02 2.253056e-04
1.847839e+02 1.018091e+00 1.021044e+00 3.695240e+06 2.940547e+02 -3.769398e-02 2.168417e-04
1.920130e+02 9.953939e-01 9.779696e-01 3.672921e+06 2.923122e+02 -2.073592e-02 2.220869e-04
1.995250e+02 9.932214e-01 9.915726e-01 3.927464e+06 3.124597e+02 -3.055698e-02 2.051592e-04
2.073309e+02 9.932699e-01 9.801276e-01 4.083640e+06 3.249804e+02 -2.518433e-02 2.460480e-04
2.154421e+02 1.011667e+00 9.974223e-01 4.337121e+06 3.451096e+02 -2.867699e-03 2.287626e-04
2.238707e+02 9.891993e-01 1.003993e+00 4.563339e+06 3.631492e+02 4.057002e-02 2.194643e-04
2.326290e+02 9.733630e-01 9.872710e-01 4.679433e+06 3.724143e+02 -3.732920e-03 2.261400e-04
2.417300e+02 9.923726e-01 1.000491e+00 4.989996e+06 3.971454e+02 -5.207539e-03 2.355576e-04
2.511870e+02 9.887419e-01 1.001179e+00 5.211136e+06 4.147097e+02 4.149115e-02 2.053976e-04
2.610140e+02 9.935850e-01 1.032130e+00 5.699772e+06 4.535750e+02 1.162171e-02 2.092123e-04
2.712255e+02 1.017220e+00 1.017925e+00 5.819738e+06 4.631313e+02 -3.960991e-02 2.222061e-04
2.818365e+02 9.758426e-01 1.032489e+00 6.424888e+06 5.112709e+02 -5.333370e-02 2.254248e-04
2.928625e+02 1.020588e+00 1.047174e+00 6.430076e+06 5.116564e+02 -2.399492e-02 2.244711e-04
3.043200e+02 1.008178e+00 1.026805e+00 6.279485e+06 4.997010e+02 9.029508e-03 2.145767e-04
3.162257e+02 9.958807e-01 1.025474e+00 6.822532e+06 5.429329e+02 -1.112640e-02 2.081394e-04
3.285971e+02 1.004163e+00 9.988547e-01 6.473853e+06 5.152056e+02 -7.492113e-02 2.374649e-04
3.414526e+02 1.018613e+00 1.015593e+00 6.855916e+06 5.455096e+02 -2.643156e-02 2.143383e-04
3.548110e+02 1.019247e+00 9.749819e-01 6.833059e+06 5.437385e+02 1.083434e-02 2.208948e-04
3.686920e+02 1.025388e+00 9.700158e-01 7.262972e+06 5.779224e+02 4.213929e-03 2.279282e-04
3.831161e+02 1.031328e+00 9.797630e-01 7.096663e+06 5.647355e+02 5.383372e-03 2.509356e-04
3.981045e+02 1.017243e+00 1.004936e+00 7.898624e+06 6.286140e+02 5.641901e-02 2.325773e-04
4.136792e+02 9.941049e-01 9.644980e-01 7.799412e+06 6.206750e+02 7.878423e-02 2.086163e-04
4.298633e+02 9.871791e-01 9.783738e-01 8.901707e+06 7.083560e+02 9.523320e-02 2.419949e-04
4.466805e+02 1.003248e+00 1.016640e+00 9.410002e+06 7.487880e+02 8.179605e-02 2.210140e-04
4.641557e+02 1.012052e+00 9.825188e-01 9.530034e+06 7.583694e+02 2.137077e-02 2.332926e-04
4.823145e+02 1.024615e+00 9.625081e-01 9.166357e+06 7.293978e+02 -8.903384e-03 2.164841e-04
5.011837e+02 1.023767e+00 1.008136e+00 1.009244e+07 8.030980e+02 9.054303e-03 2.249479e-04
5.207911e+02 1.050691e+00 1.043672e+00 1.157977e+07 9.214807e+02 -4.279810e-02 2.181530e-04
5.411657e+02 1.015757e+00 1.027075e+00 1.124819e+07 8.950552e+02 -6.294942e-02 2.336502e-04
5.623373e+02 1.013749e+00 9.796686e-01 1.055321e+07 8.397797e+02 8.002985e-02 2.243519e-04
5.843372e+02 1.039180e+00 9.684014e-01 1.123711e+07 8.941954e+02 -7.000041e-02 2.183914e-04
6.071978e+02 1.007513e+00 9.970986e-01 1.222999e+07 9.732563e+02 -7.437140e-02 2.328157e-04
6.309528e+02 1.024984e+00 1.004568e+00 1.302354e+07 1.036376e+03 3.381121e-02 2.354383e-04
6.556371e+02 1.006932e+00 9.732209e-01 1.241013e+07 9.875831e+02 -7.284147e-02 2.477169e-04
6.812871e+02 1.016336e+00 9.896961e-01 1.310832e+07 1.043119e+03 -5.086023e-02 2.268553e-04
7.079406e+02 9.945924e-01 9.648699e-01 1.337679e+07 1.064444e+03 -2.763927e-02 2.441406e-04
7.356368e+02 1.071247e+00 9.629250e-01 1.403496e+07 1.116880e+03 5.949247e-02 2.189875e-04
7.644166e+02 1.013955e+00 1.038013e+00 1.622104e+07 1.290845e+03 3.201687e-02 2.222061e-04
7.943223e+02 9.958370e-01 9.671288e-01 1.458554e+07 1.160692e+03 -5.719113e-02 2.053976e-04
8.253980e+02 1.064963e+00 9.123679e-01 1.455128e+07 1.157920e+03 -9.090734e-02 2.272129e-04
8.576895e+02 1.066461e+00 1.016040e+00 1.682510e+07 1.338864e+03 -7.346916e-02 2.142191e-04
8.912442e+02 1.016825e+00 9.886773e-01 1.673717e+07 1.331902e+03 -3.268945e-02 2.163649e-04
9.261117e+02 9.606498e-01 9.542272e-01 1.721231e+07 1.369737e+03 -5.573690e-02 2.073050e-04
9.623433e+02 1.015647e+00 9.968358e-01 1.986656e+07 1.580913e+03 -5.373907e-02 2.126694e-04
