#./munderdamped_3d --dev=3 --amp=100.0 --omega=1 --mass=0.017 --force=0 --Dg=0.01 --block=256 --paths=16384 --periods=1000 --trans=100 --samples=100 --spp=5000 --algorithm=euler --pav=1 --mode=moments --domain=1d --domainx=g:-3.5:0:300:1 --domainy=s:-1:2:100:1 --domainz=a:-1:2.5:100:1 --q=2 --eps=0 --phi=1.57079632679 --lambda=20.0 --zeta=0.05 --comp=0 --mean=1.0 --second=13.0 --skew=0.99 --distribution=s>> 1D_g:-3.5:0:300:1_100.0_20.0_0.99_1.0_13.0.dat
#g <<v>> <<v^2>> qnu(q) mu_q Dx Gx Gv EBx EBv
3.162278e-04 nan nan nan nan nan nan nan nan nan
3.248380e-04 nan nan nan nan nan nan nan nan nan
3.336826e-04 nan nan nan nan nan nan nan nan nan
3.427680e-04 nan nan nan nan nan nan nan nan nan
3.521009e-04 nan nan nan nan nan nan nan nan nan
3.616878e-04 nan nan nan nan nan nan nan nan nan
3.715358e-04 nan nan nan nan nan nan nan nan nan
3.816519e-04 nan nan nan nan nan nan nan nan nan
3.920434e-04 nan nan nan nan nan nan nan nan nan
4.027179e-04 nan nan nan nan nan nan nan nan nan
4.136831e-04 nan nan nan nan nan nan nan nan nan
4.249467e-04 nan nan nan nan nan nan nan nan nan
4.365171e-04 nan nan nan nan nan nan nan nan nan
4.484025e-04 nan nan nan nan nan nan nan nan nan
4.606116e-04 nan nan nan nan nan nan nan nan nan
4.731530e-04 nan nan nan nan nan nan nan nan nan
4.860359e-04 nan nan nan nan nan nan nan nan nan
4.992696e-04 nan nan nan nan nan nan nan nan nan
5.128637e-04 nan nan nan nan nan nan nan nan nan
5.268278e-04 nan nan nan nan nan nan nan nan nan
5.411722e-04 nan nan nan nan nan nan nan nan nan
5.559071e-04 nan nan nan nan nan nan nan nan nan
5.710433e-04 nan nan nan nan nan nan nan nan nan
5.865915e-04 nan nan nan nan nan nan nan nan nan
6.025632e-04 nan nan nan nan nan nan nan nan nan
6.189697e-04 nan nan nan nan nan nan nan nan nan
6.358229e-04 1.417245e+00 3.923411e+07 9.906030e-01 1.666938e+06 1.326824e+02 -2.341938e-02 7.476735e-02 3.159046e-05 2.348542e-02
6.531349e-04 1.821748e+00 7.404871e+06 9.987323e-01 1.660673e+06 1.321903e+02 -5.575234e-02 1.757646e+00 2.324581e-05 1.408720e-02
6.709184e-04 1.203501e+00 3.431884e+06 1.010143e+00 1.856014e+06 1.476617e+02 -6.548053e-02 5.150956e+00 1.847744e-05 3.608739e-02
6.891860e-04 9.778184e-01 2.268812e+06 9.866101e-01 1.865161e+06 1.484177e+02 -8.530980e-02 9.830163e+00 3.218651e-05 5.542839e-02
7.079511e-04 8.290529e-01 1.692478e+06 9.860371e-01 1.906048e+06 1.516761e+02 -8.218056e-02 1.488057e+01 2.956390e-05 7.926679e-02
7.272270e-04 7.132263e-01 1.344704e+06 9.883139e-01 1.948584e+06 1.550581e+02 -7.407695e-02 1.378579e+01 2.765656e-05 1.086299e-01
7.470279e-04 6.062973e-01 1.112108e+06 9.986889e-01 1.947144e+06 1.549598e+02 -5.122244e-02 1.908399e+01 2.634525e-05 1.494777e-01
7.673678e-04 4.941680e-01 9.448835e+05 9.863661e-01 1.967042e+06 1.565357e+02 -6.666976e-02 1.697428e+01 2.956390e-05 2.288250e-01
7.882615e-04 3.813998e-01 8.193711e+05 9.905961e-01 1.982093e+06 1.577280e+02 -7.153225e-02 2.221312e+01 2.622604e-05 3.859566e-01
8.097242e-04 2.767134e-01 7.207986e+05 1.012879e+00 2.005295e+06 1.595769e+02 -4.592931e-02 2.308264e+01 2.801418e-05 7.425016e-01
8.317712e-04 1.839319e-01 6.419637e+05 9.942014e-01 1.983203e+06 1.578199e+02 -4.671258e-02 3.060067e+01 2.956390e-05 1.666773e+00
8.544186e-04 1.187646e-01 5.770962e+05 1.004344e+00 1.992216e+06 1.585351e+02 -4.886526e-02 3.339581e+01 3.123283e-05 3.992883e+00
8.776825e-04 7.960863e-02 5.230272e+05 9.915583e-01 1.998418e+06 1.590300e+02 -6.703907e-02 3.903393e+01 3.778934e-05 8.811667e+00
9.015799e-04 7.312439e-02 4.771232e+05 9.992728e-01 1.989448e+06 1.583153e+02 -6.037045e-02 4.525808e+01 2.944469e-05 1.057396e+01
9.261279e-04 8.786369e-02 4.374432e+05 1.011205e+00 2.011082e+06 1.600376e+02 -4.979128e-02 6.217678e+01 3.647804e-05 7.335330e+00
9.513444e-04 1.224053e-01 4.032690e+05 9.884397e-01 1.989633e+06 1.583317e+02 -4.325008e-02 5.403842e+01 3.361702e-05 3.754819e+00
9.772475e-04 1.679763e-01 3.733100e+05 9.832603e-01 2.013703e+06 1.602449e+02 -4.789335e-02 4.260554e+01 3.898144e-05 2.019312e+00
1.003856e-03 2.170708e-01 3.468783e+05 9.858767e-01 1.973309e+06 1.570305e+02 -3.822279e-02 5.163367e+01 2.396107e-05 1.185429e+00
1.031189e-03 2.653201e-01 3.233209e+05 9.825563e-01 2.003474e+06 1.594319e+02 -6.854850e-02 6.270351e+01 3.111362e-05 8.031934e-01
1.059266e-03 3.142230e-01 3.022325e+05 9.963645e-01 2.020709e+06 1.608029e+02 -4.992968e-02 4.329792e+01 2.813339e-05 5.779496e-01
1.088107e-03 3.521718e-01 2.833006e+05 9.948177e-01 2.000197e+06 1.591662e+02 -5.306447e-02 4.325603e+01 2.789497e-05 4.507129e-01
1.117734e-03 3.877663e-01 2.660855e+05 9.989010e-01 1.977088e+06 1.573312e+02 -3.602183e-02 6.368147e+01 3.600121e-05 3.705373e-01
1.148167e-03 4.223351e-01 2.505484e+05 9.925095e-01 1.983232e+06 1.578186e+02 -5.066961e-02 4.521500e+01 4.065037e-05 3.126067e-01
1.179429e-03 4.570568e-01 2.363672e+05 9.966778e-01 1.985392e+06 1.579944e+02 -5.613130e-02 4.314074e+01 3.135204e-05 2.692810e-01
1.211543e-03 4.885148e-01 2.233786e+05 1.002837e+00 2.010904e+06 1.600243e+02 -3.673220e-02 5.862257e+01 3.314018e-05 2.364117e-01
1.244530e-03 5.159819e-01 2.114546e+05 9.893472e-01 1.931080e+06 1.536713e+02 -6.168294e-02 3.896656e+01 3.337860e-05 2.074785e-01
1.278416e-03 5.548478e-01 2.004776e+05 9.852610e-01 1.940623e+06 1.544325e+02 -6.671375e-02 8.886349e+01 4.124641e-05 1.806543e-01
1.313225e-03 5.888140e-01 1.903068e+05 9.881690e-01 1.941781e+06 1.545216e+02 -3.785241e-02 4.149145e+01 3.421307e-05 1.583368e-01
1.348981e-03 6.301673e-01 1.809486e+05 9.983345e-01 1.949655e+06 1.551475e+02 -3.636044e-02 5.089191e+01 3.540516e-05 1.394637e-01
1.385711e-03 6.736041e-01 1.722279e+05 1.000914e+00 1.954670e+06 1.555434e+02 -6.331336e-02 4.143868e+01 2.944469e-05 1.230594e-01
1.423441e-03 7.150331e-01 1.641079e+05 1.011747e+00 1.976116e+06 1.572750e+02 -5.372208e-02 4.328368e+01 2.932549e-05 1.089976e-01
1.462198e-03 7.661382e-01 1.565412e+05 9.945037e-01 1.944088e+06 1.547169e+02 -4.870355e-02 5.270810e+01 3.385544e-05 9.308398e-02
1.502010e-03 8.181604e-01 1.494626e+05 1.014839e+00 1.947233e+06 1.549677e+02 -7.038587e-02 4.201914e+01 3.206730e-05 8.302236e-02
1.542907e-03 8.718237e-01 1.428279e+05 1.002726e+00 1.909103e+06 1.519304e+02 -6.533402e-02 5.522601e+01 2.372265e-05 7.139623e-02
1.584917e-03 9.308995e-01 1.366042e+05 9.879146e-01 1.888526e+06 1.502693e+02 -8.066112e-02 5.026305e+01 3.206730e-05 6.127858e-02
1.628071e-03 9.885144e-01 1.307464e+05 9.859555e-01 1.868585e+06 1.486982e+02 -7.687551e-02 4.494864e+01 2.574921e-05 5.416477e-02
1.672399e-03 1.049700e+00 1.252413e+05 9.853070e-01 1.860364e+06 1.480224e+02 -7.084751e-02 5.449093e+01 3.159046e-05 4.805088e-02
1.717935e-03 1.115743e+00 1.200600e+05 1.009016e+00 1.873382e+06 1.490817e+02 -9.778076e-02 5.459553e+01 2.968311e-05 4.290640e-02
1.764711e-03 1.178948e+00 1.151500e+05 9.743677e-01 1.851202e+06 1.473326e+02 -6.297743e-02 5.434655e+01 2.920628e-05 3.730440e-02
1.812760e-03 1.243898e+00 1.105173e+05 9.894233e-01 1.858765e+06 1.479301e+02 -7.608247e-02 3.836563e+01 3.325939e-05 3.388441e-02
1.862118e-03 1.310433e+00 1.061469e+05 9.785720e-01 1.852015e+06 1.473654e+02 -7.518643e-02 3.211007e+01 2.229214e-05 3.033495e-02
1.912819e-03 1.371875e+00 1.019858e+05 9.760463e-01 1.831136e+06 1.457592e+02 -8.126104e-02 2.900579e+01 2.861023e-05 2.750313e-02
1.964901e-03 1.433855e+00 9.804666e+04 9.806272e-01 1.813780e+06 1.442848e+02 -7.346040e-02 3.601207e+01 2.634525e-05 2.512586e-02
2.018401e-03 1.499105e+00 9.431941e+04 9.840296e-01 1.808541e+06 1.439117e+02 -7.287902e-02 2.946686e+01 3.206730e-05 2.290010e-02
2.073358e-03 1.558921e+00 9.076959e+04 9.826406e-01 1.835122e+06 1.459782e+02 -6.686783e-02 2.992513e+01 3.349781e-05 2.130115e-02
2.129811e-03 1.622753e+00 8.738617e+04 9.693480e-01 1.780297e+06 1.415938e+02 -4.559076e-02 3.435081e+01 3.540516e-05 1.918507e-02
2.187801e-03 1.682466e+00 8.416873e+04 1.001344e+00 1.824370e+06 1.451041e+02 -6.209284e-02 3.014012e+01 2.968311e-05 1.837730e-02
2.247370e-03 1.744519e+00 8.111205e+04 9.833089e-01 1.771526e+06 1.409336e+02 -5.741203e-02 2.967685e+01 2.729893e-05 1.645899e-02
2.308561e-03 1.802770e+00 7.819727e+04 9.906782e-01 1.783505e+06 1.418516e+02 -5.697602e-02 4.142031e+01 3.135204e-05 1.557815e-02
2.371418e-03 1.862336e+00 7.541296e+04 9.922562e-01 1.781983e+06 1.417587e+02 -6.652504e-02 2.626137e+01 3.373623e-05 1.453340e-02
2.435986e-03 1.921307e+00 7.275410e+04 9.942634e-01 1.790161e+06 1.423927e+02 -6.318641e-02 3.075375e+01 3.528595e-05 1.381409e-02
2.502313e-03 1.981877e+00 7.021481e+04 9.827703e-01 1.761040e+06 1.401353e+02 -7.474607e-02 2.197430e+01 2.670288e-05 1.256967e-02
2.570446e-03 2.042655e+00 6.779320e+04 9.919465e-01 1.785982e+06 1.420592e+02 -9.639156e-02 3.772560e+01 3.707409e-05 1.208603e-02
2.640433e-03 2.101417e+00 6.546855e+04 9.894098e-01 1.776880e+06 1.412621e+02 -8.319461e-02 2.607175e+01 3.969669e-05 1.132369e-02
2.712327e-03 2.164460e+00 6.325076e+04 9.890254e-01 1.759040e+06 1.399978e+02 -5.792433e-02 3.208353e+01 3.170967e-05 1.058960e-02
2.786177e-03 2.225664e+00 6.112633e+04 9.791744e-01 1.754823e+06 1.396362e+02 -6.400877e-02 2.338912e+01 3.862381e-05 9.992480e-03
2.862039e-03 2.281230e+00 5.904982e+04 9.751555e-01 1.706708e+06 1.358127e+02 -6.652784e-02 2.100797e+01 2.622604e-05 9.341955e-03
2.939966e-03 2.350826e+00 5.707119e+04 9.971983e-01 1.749581e+06 1.392071e+02 -6.435877e-02 2.416168e+01 3.540516e-05 9.074330e-03
3.020015e-03 2.411354e+00 5.516280e+04 9.909658e-01 1.760951e+06 1.400500e+02 -5.265450e-02 1.917719e+01 4.124641e-05 8.549690e-03
3.102243e-03 2.468061e+00 5.333026e+04 9.953595e-01 1.747106e+06 1.389779e+02 -4.404223e-02 2.086591e+01 3.242493e-05 8.158922e-03
3.186711e-03 2.531120e+00 5.156892e+04 9.940998e-01 1.709544e+06 1.359667e+02 -5.726701e-02 3.421664e+01 3.409386e-05 7.557511e-03
3.273478e-03 2.592844e+00 4.988047e+04 1.017999e+00 1.754776e+06 1.396145e+02 -3.108013e-02 2.669984e+01 2.133846e-05 7.377267e-03
3.362607e-03 2.658470e+00 4.825924e+04 9.815685e-01 1.687877e+06 1.342988e+02 -5.632287e-02 2.273737e+01 3.278255e-05 6.794453e-03
3.454164e-03 2.720723e+00 4.669893e+04 1.014919e+00 1.745408e+06 1.389308e+02 -5.721813e-02 1.912880e+01 3.397465e-05 6.654024e-03
3.548213e-03 2.785371e+00 4.519583e+04 1.005823e+00 1.740562e+06 1.386634e+02 -3.835064e-02 2.306196e+01 3.433228e-05 6.317616e-03
3.644824e-03 2.850057e+00 4.375045e+04 9.899566e-01 1.677136e+06 1.333566e+02 -5.641943e-02 2.056834e+01 2.753735e-05 5.919814e-03
3.744064e-03 2.919215e+00 4.236362e+04 1.000146e+00 1.677075e+06 1.337334e+02 -3.394264e-02 1.785440e+01 3.647804e-05 5.587339e-03
3.846007e-03 2.987818e+00 4.102742e+04 9.967262e-01 1.685788e+06 1.340518e+02 -6.743324e-02 1.453242e+01 2.944469e-05 5.354762e-03
3.950725e-03 3.052793e+00 3.973848e+04 9.944829e-01 1.646826e+06 1.309094e+02 -5.752081e-02 2.513353e+01 3.838539e-05 5.051494e-03
4.058295e-03 3.121164e+00 3.849631e+04 1.000514e+00 1.654777e+06 1.319229e+02 -5.988288e-02 1.601976e+01 3.194809e-05 4.791737e-03
4.168794e-03 3.192212e+00 3.730357e+04 9.944361e-01 1.646775e+06 1.311437e+02 -9.096467e-02 1.637757e+01 3.206730e-05 4.567146e-03
4.282301e-03 3.264448e+00 3.615068e+04 9.934619e-01 1.639183e+06 1.302575e+02 -5.315357e-02 1.686132e+01 2.932549e-05 4.382133e-03
4.398898e-03 3.334351e+00 3.504436e+04 9.875339e-01 1.597849e+06 1.270744e+02 -7.192260e-02 2.225208e+01 3.719330e-05 4.071355e-03
4.518671e-03 3.406126e+00 3.397388e+04 9.815696e-01 1.594937e+06 1.268707e+02 -5.043358e-02 1.214819e+01 3.170967e-05 3.877401e-03
4.641704e-03 3.477578e+00 3.294853e+04 9.831501e-01 1.604630e+06 1.276066e+02 -6.625825e-02 1.820885e+01 3.421307e-05 3.735781e-03
4.768088e-03 3.554857e+00 3.195549e+04 9.779099e-01 1.587570e+06 1.264250e+02 -5.669433e-02 1.171436e+01 2.813339e-05 3.561974e-03
4.897912e-03 3.630553e+00 3.100003e+04 9.944321e-01 1.588372e+06 1.265447e+02 -5.052561e-02 1.568853e+01 4.053116e-05 3.427744e-03
5.031272e-03 3.702573e+00 3.006961e+04 9.988428e-01 1.591391e+06 1.267281e+02 -3.760064e-02 1.596070e+01 4.160404e-05 3.304005e-03
5.168262e-03 3.777652e+00 2.916218e+04 9.843967e-01 1.537673e+06 1.223176e+02 -5.460638e-02 1.649061e+01 3.075600e-05 3.065944e-03
5.308983e-03 3.851765e+00 2.828899e+04 9.822679e-01 1.557588e+06 1.242122e+02 -7.345444e-02 1.515408e+01 3.266335e-05 2.982974e-03
5.453535e-03 3.926564e+00 2.744087e+04 9.698844e-01 1.528015e+06 1.214161e+02 -6.800127e-02 1.106305e+01 3.600121e-05 2.799988e-03
5.602023e-03 4.008106e+00 2.662442e+04 9.785321e-01 1.518489e+06 1.209068e+02 -6.721169e-02 1.259518e+01 3.194809e-05 2.677321e-03
5.754554e-03 4.085248e+00 2.583364e+04 9.910002e-01 1.511570e+06 1.205300e+02 -4.463851e-02 1.245732e+01 3.170967e-05 2.571344e-03
5.911238e-03 4.162790e+00 2.507035e+04 9.622020e-01 1.456453e+06 1.159361e+02 -8.138990e-02 1.191588e+01 3.290176e-05 2.380013e-03
6.072188e-03 4.245980e+00 2.432988e+04 9.673686e-01 1.459735e+06 1.160991e+02 -4.891586e-02 1.006787e+01 3.230572e-05 2.311110e-03
6.237521e-03 4.324954e+00 2.361543e+04 9.648649e-01 1.444975e+06 1.148309e+02 -5.487061e-02 1.084814e+01 3.242493e-05 2.193093e-03
6.407355e-03 4.404196e+00 2.292352e+04 9.723055e-01 1.440126e+06 1.149735e+02 -4.750204e-02 9.902941e+00 3.111362e-05 2.110720e-03
6.581813e-03 4.487826e+00 2.225344e+04 9.576015e-01 1.425151e+06 1.134355e+02 -4.100531e-02 1.021632e+01 2.872944e-05 2.023339e-03
6.761021e-03 4.568148e+00 2.160506e+04 9.674962e-01 1.409233e+06 1.120756e+02 -4.288250e-02 8.714206e+00 3.218651e-05 1.924038e-03
6.945109e-03 4.652248e+00 2.097912e+04 9.704449e-01 1.420908e+06 1.129414e+02 -4.016101e-02 1.140160e+01 3.027916e-05 1.854897e-03
7.134210e-03 4.734196e+00 2.037030e+04 9.881133e-01 1.422903e+06 1.130229e+02 -6.458193e-02 8.686406e+00 3.576279e-05 1.807809e-03
7.328459e-03 4.817680e+00 1.978286e+04 1.000422e+00 1.445352e+06 1.155287e+02 -4.834563e-02 8.528059e+00 3.302097e-05 1.762748e-03
7.527997e-03 4.897885e+00 1.921320e+04 9.598042e-01 1.352394e+06 1.075938e+02 -5.712616e-02 8.706902e+00 2.956390e-05 1.594901e-03
7.732968e-03 4.982821e+00 1.866149e+04 9.715343e-01 1.371029e+06 1.088773e+02 -4.642928e-02 7.474199e+00 3.170967e-05 1.569033e-03
7.943519e-03 5.065454e+00 1.812742e+04 9.976444e-01 1.394736e+06 1.107005e+02 -4.136580e-02 6.747628e+00 4.100800e-05 1.537561e-03
8.159804e-03 5.147001e+00 1.761008e+04 9.776978e-01 1.365596e+06 1.087907e+02 -5.981314e-02 8.660568e+00 3.981590e-05 1.443505e-03
8.381978e-03 5.232396e+00 1.710831e+04 9.931136e-01 1.376182e+06 1.094273e+02 -6.774163e-02 8.767338e+00 2.729893e-05 1.437068e-03
8.610201e-03 5.314131e+00 1.662332e+04 9.871402e-01 1.357040e+06 1.077263e+02 -3.737497e-02 6.286855e+00 3.540516e-05 1.353145e-03
8.844638e-03 5.391128e+00 1.615137e+04 9.855679e-01 1.330611e+06 1.056993e+02 -2.948880e-03 6.670337e+00 3.647804e-05 1.298785e-03
9.085459e-03 5.472947e+00 1.569554e+04 9.941558e-01 1.337993e+06 1.071864e+02 -5.411685e-03 5.891418e+00 2.872944e-05 1.253128e-03
9.332836e-03 5.553573e+00 1.525441e+04 9.782084e-01 1.314245e+06 1.040797e+02 -3.321230e-03 7.843276e+00 3.468990e-05 1.206040e-03
9.586949e-03 5.631449e+00 1.482117e+04 9.733737e-01 1.268604e+06 1.006878e+02 -1.534760e-02 5.529015e+00 3.838539e-05 1.145482e-03
9.847980e-03 5.708958e+00 1.440224e+04 9.907900e-01 1.287223e+06 1.025824e+02 6.856918e-03 6.338656e+00 2.992153e-05 1.116633e-03
1.011612e-02 5.786612e+00 1.399622e+04 9.843944e-01 1.258057e+06 9.913953e+01 -1.868784e-02 7.158860e+00 3.230572e-05 1.063704e-03
1.039155e-02 5.861817e+00 1.360351e+04 9.688198e-01 1.248854e+06 1.000868e+02 -2.236718e-02 6.508586e+00 3.349781e-05 1.021862e-03
1.067449e-02 5.931566e+00 1.322011e+04 9.942493e-01 1.275386e+06 1.016147e+02 -9.745240e-03 5.575389e+00 3.194809e-05 1.029611e-03
1.096513e-02 5.998431e+00 1.284903e+04 9.582710e-01 1.215379e+06 9.630785e+01 -2.150059e-03 5.318416e+00 3.194809e-05 9.571314e-04
1.126368e-02 6.061976e+00 1.248775e+04 9.727670e-01 1.226320e+06 9.862005e+01 1.104760e-02 5.264892e+00 3.516674e-05 9.400845e-04
1.157037e-02 6.126571e+00 1.214002e+04 9.476091e-01 1.158645e+06 9.186678e+01 2.345467e-02 5.555188e+00 3.349781e-05 8.668900e-04
1.188540e-02 6.180070e+00 1.179896e+04 9.522054e-01 1.166873e+06 9.272240e+01 3.908348e-02 6.660929e+00 3.457069e-05 8.577108e-04
1.220901e-02 6.239963e+00 1.147129e+04 9.915906e-01 1.203584e+06 9.534018e+01 5.787134e-03 5.458487e+00 3.588200e-05 8.641481e-04
1.254143e-02 6.287441e+00 1.115225e+04 9.860966e-01 1.193349e+06 9.560501e+01 3.209794e-02 4.775958e+00 3.743172e-05 8.556843e-04
1.288290e-02 6.334781e+00 1.084253e+04 9.831133e-01 1.165861e+06 9.301779e+01 2.104521e-03 7.257957e+00 3.337860e-05 8.203983e-04
1.323367e-02 6.379901e+00 1.054222e+04 9.662840e-01 1.132154e+06 8.924900e+01 2.301788e-02 4.243423e+00 3.480911e-05 7.950068e-04
1.359399e-02 6.418450e+00 1.025035e+04 9.853187e-01 1.165863e+06 9.301779e+01 5.036116e-03 4.845699e+00 3.600121e-05 8.053780e-04
1.396412e-02 6.452296e+00 9.966782e+03 1.007802e+00 1.167964e+06 9.293630e+01 3.504598e-02 4.247141e+00 4.053116e-05 7.866621e-04
1.434433e-02 6.479709e+00 9.691820e+03 9.874508e-01 1.137313e+06 9.049168e+01 2.672184e-02 3.904676e+00 3.433228e-05 7.752180e-04
1.473489e-02 6.505049e+00 9.425944e+03 9.902653e-01 1.156115e+06 9.056299e+01 -3.320217e-03 3.757835e+00 3.814697e-05 7.723570e-04
1.513609e-02 6.527013e+00 9.167761e+03 9.949869e-01 1.151012e+06 9.064447e+01 3.315711e-02 4.483192e+00 3.981590e-05 7.611513e-04
1.554821e-02 6.541879e+00 8.916445e+03 9.645358e-01 1.102420e+06 8.772112e+01 4.572248e-02 3.300296e+00 3.111362e-05 7.220507e-04
1.597155e-02 6.553623e+00 8.673416e+03 9.697971e-01 1.111541e+06 8.823041e+01 1.562893e-02 3.275706e+00 4.374981e-05 7.269382e-04
1.640641e-02 6.559525e+00 8.436570e+03 9.688786e-01 1.118514e+06 8.747665e+01 4.180908e-03 3.565103e+00 4.124641e-05 7.287264e-04
1.685312e-02 6.565190e+00 8.207812e+03 9.685126e-01 1.082073e+06 8.666178e+01 -6.251395e-03 3.399783e+00 3.409386e-05 7.196665e-04
1.731199e-02 6.561779e+00 7.985552e+03 9.692401e-01 1.066090e+06 8.417641e+01 2.280188e-02 3.408616e+00 3.898144e-05 7.084608e-04
1.778335e-02 6.553916e+00 7.770654e+03 9.728650e-01 1.066155e+06 8.447181e+01 1.292408e-02 3.020238e+00 3.325939e-05 6.973743e-04
1.826755e-02 6.540865e+00 7.559881e+03 9.729714e-01 1.072406e+06 8.512370e+01 1.887310e-02 3.559355e+00 3.278255e-05 7.016659e-04
1.876493e-02 6.526409e+00 7.353005e+03 9.791892e-01 1.063267e+06 8.333099e+01 2.848732e-02 3.004586e+00 3.898144e-05 7.094145e-04
1.927585e-02 6.510388e+00 7.152870e+03 9.813172e-01 1.057882e+06 8.274020e+01 4.118681e-02 2.576921e+00 4.613400e-05 7.141829e-04
1.980069e-02 6.486638e+00 6.958005e+03 9.851879e-01 1.065823e+06 8.476720e+01 5.768573e-02 3.171220e+00 3.314018e-05 7.140636e-04
2.033981e-02 6.463737e+00 6.768788e+03 9.791795e-01 1.030516e+06 8.096785e+01 6.664050e-02 3.580895e+00 3.457069e-05 6.997585e-04
2.089361e-02 6.436291e+00 6.584127e+03 9.568030e-01 1.003778e+06 8.052986e+01 5.149841e-02 2.413096e+00 3.778934e-05 6.848574e-04
2.146249e-02 6.405891e+00 6.405224e+03 9.909380e-01 1.023701e+06 8.136510e+01 2.166128e-02 3.317220e+00 4.184246e-05 7.019043e-04
2.204686e-02 6.371436e+00 6.231151e+03 9.932933e-01 1.051521e+06 8.418660e+01 1.043975e-02 2.250783e+00 3.576279e-05 7.343292e-04
2.264715e-02 6.338720e+00 6.062091e+03 9.695259e-01 1.009365e+06 8.030577e+01 2.661884e-02 2.450891e+00 3.528595e-05 7.084608e-04
2.326377e-02 6.304905e+00 5.898621e+03 9.771816e-01 1.017091e+06 8.107990e+01 2.839673e-02 2.423996e+00 4.744530e-05 7.234812e-04
2.389719e-02 6.267517e+00 5.738466e+03 9.707074e-01 9.947440e+05 7.852323e+01 1.306176e-02 2.698084e+00 4.434586e-05 7.177591e-04
2.454785e-02 6.231329e+00 5.584181e+03 9.858401e-01 1.013469e+06 8.075394e+01 1.242971e-02 2.498391e+00 4.327297e-05 7.489920e-04
2.521623e-02 6.187896e+00 5.432923e+03 9.608417e-01 9.626588e+05 7.696479e+01 4.614806e-02 2.536587e+00 4.231930e-05 7.128716e-04
2.590280e-02 6.145690e+00 5.286655e+03 9.483569e-01 9.284746e+05 7.476463e+01 2.687693e-02 2.645658e+00 4.494190e-05 7.017851e-04
2.660807e-02 6.102652e+00 5.144911e+03 9.821784e-01 9.559069e+05 7.519244e+01 3.739190e-02 2.421687e+00 3.767014e-05 7.296801e-04
2.733255e-02 6.057130e+00 5.006526e+03 9.703556e-01 9.424188e+05 7.618047e+01 1.741540e-02 2.299528e+00 4.220009e-05 7.269382e-04
2.807674e-02 6.011055e+00 4.872010e+03 9.770953e-01 9.662756e+05 7.693423e+01 -2.638346e-02 2.229712e+00 4.363060e-05 7.572174e-04
2.884120e-02 5.963116e+00 4.741972e+03 9.653150e-01 9.236434e+05 7.264596e+01 -5.313456e-03 1.735531e+00 3.659725e-05 7.414818e-04
2.962648e-02 5.915724e+00 4.614653e+03 9.621788e-01 9.175290e+05 7.274782e+01 -2.037042e-02 2.260786e+00 4.637241e-05 7.492304e-04
3.043314e-02 5.870288e+00 4.491229e+03 9.642644e-01 9.270756e+05 7.372566e+01 1.048100e-02 1.924128e+00 4.351139e-05 7.609129e-04
3.126175e-02 5.820542e+00 4.371234e+03 9.633644e-01 9.064367e+05 7.214685e+01 -6.569982e-03 1.854376e+00 4.935265e-05 7.568598e-04
3.211294e-02 5.773160e+00 4.254973e+03 9.551350e-01 9.080479e+05 7.171904e+01 9.294510e-03 1.911659e+00 4.422665e-05 7.773638e-04
3.298729e-02 5.723854e+00 4.141744e+03 9.791458e-01 9.255788e+05 7.318581e+01 3.463387e-03 1.748071e+00 4.518032e-05 8.034706e-04
3.388546e-02 5.671383e+00 4.032018e+03 9.734749e-01 9.024280e+05 7.127086e+01 2.411044e-02 1.584663e+00 4.410744e-05 7.914305e-04
3.480807e-02 5.622819e+00 3.924932e+03 9.949048e-01 9.104637e+05 7.272745e+01 2.834225e-02 1.586218e+00 4.923344e-05 8.169413e-04
3.575581e-02 5.574555e+00 3.820919e+03 9.812421e-01 9.103626e+05 7.268670e+01 8.757472e-03 1.677015e+00 4.172325e-05 8.226633e-04
3.672935e-02 5.521554e+00 3.718054e+03 9.789018e-01 8.592209e+05 6.791969e+01 -1.373708e-02 1.505541e+00 4.613400e-05 8.043051e-04
3.772940e-02 5.466771e+00 3.619154e+03 9.774368e-01 8.832044e+05 7.031339e+01 -3.202558e-03 1.373622e+00 5.269051e-05 8.323193e-04
3.875668e-02 5.415359e+00 3.521802e+03 9.660146e-01 8.543179e+05 6.791969e+01 3.134632e-02 1.504807e+00 5.233288e-05 8.294582e-04
3.981193e-02 5.364057e+00 3.427445e+03 9.696331e-01 8.534992e+05 6.734928e+01 1.679850e-02 1.403235e+00 4.684925e-05 8.447170e-04
4.089591e-02 5.314546e+00 3.336016e+03 9.644999e-01 8.302058e+05 6.596400e+01 1.486456e-02 1.372473e+00 5.567074e-05 8.361340e-04
4.200941e-02 5.261210e+00 3.246336e+03 9.932701e-01 8.666823e+05 6.907070e+01 1.299298e-02 1.745160e+00 4.541874e-05 8.822680e-04
4.315322e-02 5.209372e+00 3.159566e+03 9.676061e-01 8.456306e+05 6.727798e+01 -2.371413e-02 1.244398e+00 5.531311e-05 8.870363e-04
4.432818e-02 5.152882e+00 3.075167e+03 9.662393e-01 8.428981e+05 6.739512e+01 -3.971130e-02 1.192469e+00 5.114079e-05 8.915663e-04
4.553512e-02 5.098821e+00 2.992539e+03 9.804591e-01 8.583169e+05 6.779746e+01 -3.712451e-02 1.890452e+00 5.412102e-05 9.396076e-04
4.677493e-02 5.048405e+00 2.912373e+03 9.718767e-01 8.343255e+05 6.684508e+01 -5.194163e-02 1.304398e+00 4.625320e-05 9.207726e-04
4.804850e-02 4.992250e+00 2.834774e+03 9.898778e-01 8.501507e+05 6.725761e+01 1.264572e-02 9.908017e-01 5.125999e-05 9.686947e-04
4.935674e-02 4.937572e+00 2.758695e+03 1.003889e+00 8.510612e+05 6.823546e+01 -1.209146e-02 1.135474e+00 4.875660e-05 9.814501e-04
5.070060e-02 4.884635e+00 2.685209e+03 9.701381e-01 8.159550e+05 6.463474e+01 -4.630870e-02 1.472569e+00 4.720688e-05 9.746552e-04
5.208106e-02 4.829700e+00 2.613482e+03 9.914455e-01 8.317454e+05 6.611169e+01 -6.562847e-02 9.697497e-01 5.733967e-05 1.013160e-03
5.349910e-02 4.780280e+00 2.543874e+03 9.786404e-01 7.944101e+05 6.337168e+01 -1.090199e-02 9.881496e-01 5.149841e-05 9.937286e-04
5.495575e-02 4.722562e+00 2.475865e+03 9.687456e-01 7.863957e+05 6.277071e+01 -7.165098e-02 8.445731e-01 5.233288e-05 9.826422e-04
5.645206e-02 4.670199e+00 2.410402e+03 9.741140e-01 7.947170e+05 6.340733e+01 -3.233874e-02 9.365293e-01 5.233288e-05 1.041412e-03
5.798911e-02 4.616313e+00 2.346020e+03 9.578230e-01 7.768780e+05 6.221049e+01 -6.279325e-02 1.048339e+00 4.971027e-05 1.032114e-03
5.956801e-02 4.559553e+00 2.283929e+03 9.686897e-01 7.881734e+05 6.232763e+01 -2.848411e-02 1.159471e+00 5.793571e-05 1.062155e-03
6.118990e-02 4.507041e+00 2.223431e+03 9.725020e-01 7.837937e+05 6.215446e+01 -2.730143e-02 9.779253e-01 5.173683e-05 1.079917e-03
6.285595e-02 4.451952e+00 2.164597e+03 1.011531e+00 8.219256e+05 6.515931e+01 -1.049477e-02 9.463538e-01 5.650520e-05 1.177669e-03
6.456736e-02 4.396023e+00 2.107492e+03 9.952170e-01 8.047122e+05 6.408469e+01 -7.551098e-02 7.901651e-01 6.020069e-05 1.181126e-03
6.632537e-02 4.345678e+00 2.051617e+03 9.955519e-01 7.844319e+05 6.215446e+01 -1.871097e-02 8.483100e-01 5.483627e-05 1.187801e-03
6.813125e-02 4.286301e+00 1.997417e+03 9.802258e-01 7.926072e+05 6.311703e+01 -4.864872e-02 9.285439e-01 6.103516e-05 1.220226e-03
6.998630e-02 4.231310e+00 1.944731e+03 9.991218e-01 8.063721e+05 6.422221e+01 -1.685166e-02 8.738567e-01 5.698204e-05 1.269221e-03
7.189185e-02 4.178954e+00 1.893237e+03 9.772938e-01 7.896348e+05 6.277071e+01 -3.623903e-03 7.314655e-01 5.996227e-05 1.280904e-03
7.384929e-02 4.127523e+00 1.843105e+03 9.669916e-01 7.583779e+05 6.047888e+01 -3.347951e-02 8.195933e-01 5.757809e-05 1.247406e-03
7.586002e-02 4.072050e+00 1.793954e+03 9.657721e-01 7.513069e+05 5.961817e+01 -3.765535e-02 6.711549e-01 6.222725e-05 1.292706e-03
7.792551e-02 4.019665e+00 1.745902e+03 9.981976e-01 7.836122e+05 6.227670e+01 -1.382172e-03 6.699845e-01 6.401539e-05 1.376867e-03
8.004723e-02 3.965981e+00 1.699496e+03 9.842209e-01 7.626166e+05 6.075390e+01 -1.491863e-02 7.696588e-01 6.008148e-05 1.359463e-03
8.222672e-02 3.913654e+00 1.654161e+03 1.005554e+00 8.045503e+05 6.430878e+01 -2.178627e-02 7.428278e-01 6.067753e-05 1.484990e-03
8.446555e-02 3.854229e+00 1.609950e+03 9.990008e-01 8.016881e+05 6.399812e+01 2.026939e-02 6.406915e-01 6.008148e-05 1.521468e-03
8.676534e-02 3.799497e+00 1.567141e+03 9.955084e-01 7.805156e+05 6.186417e+01 -4.898763e-02 6.907169e-01 6.508827e-05 1.513243e-03
8.912775e-02 3.750714e+00 1.525680e+03 9.799444e-01 7.459187e+05 5.919545e+01 -3.570497e-03 5.533526e-01 7.021427e-05 1.491904e-03
9.155448e-02 3.697299e+00 1.485218e+03 9.974533e-01 7.572359e+05 6.025988e+01 2.085865e-02 5.894885e-01 7.140636e-05 1.551509e-03
9.404728e-02 3.644193e+00 1.445837e+03 9.666285e-01 7.387409e+05 5.865051e+01 -1.230389e-02 5.492144e-01 6.055832e-05 1.578569e-03
9.660795e-02 3.588497e+00 1.407297e+03 9.635721e-01 7.191811e+05 5.739000e+01 -3.167224e-02 6.212642e-01 6.675720e-05 1.581430e-03
9.923835e-02 3.534389e+00 1.369927e+03 9.838939e-01 7.243557e+05 5.768285e+01 -4.257923e-02 5.306849e-01 7.057190e-05 1.647234e-03
1.019404e-01 3.487476e+00 1.333676e+03 9.653777e-01 6.925451e+05 5.551324e+01 -1.408559e-02 5.262177e-01 6.318092e-05 1.616955e-03
1.047160e-01 3.433841e+00 1.298126e+03 9.818340e-01 7.161730e+05 5.710480e+01 -5.048513e-04 4.157887e-01 6.651878e-05 1.730323e-03
1.075671e-01 3.383903e+00 1.263714e+03 9.511359e-01 6.973320e+05 5.530953e+01 -7.192415e-02 5.911844e-01 6.783009e-05 1.729608e-03
1.104959e-01 3.332762e+00 1.230168e+03 9.575595e-01 6.901411e+05 5.492246e+01 -2.400362e-02 4.636559e-01 6.628036e-05 1.750469e-03
1.135044e-01 3.287949e+00 1.197450e+03 9.569983e-01 6.884586e+05 5.461943e+01 -1.584607e-02 4.802402e-01 7.057190e-05 1.794100e-03
1.165949e-01 3.237849e+00 1.165928e+03 9.477564e-01 6.829641e+05 5.428839e+01 -8.067012e-03 4.716706e-01 7.104874e-05 1.848221e-03
1.197695e-01 3.185747e+00 1.134781e+03 9.829511e-01 7.094484e+05 5.641216e+01 -8.096665e-02 4.041131e-01 7.653236e-05 1.984954e-03
1.230305e-01 3.136096e+00 1.104937e+03 9.608223e-01 6.910936e+05 5.502942e+01 -8.331573e-02 4.675950e-01 7.915497e-05 1.999497e-03
1.263803e-01 3.087712e+00 1.075784e+03 9.581856e-01 6.613829e+05 5.261281e+01 -7.838976e-02 4.370217e-01 7.796288e-05 1.968622e-03
1.298213e-01 3.038330e+00 1.047516e+03 9.751511e-01 6.737127e+05 5.346588e+01 -6.389534e-02 3.322673e-01 8.094311e-05 2.083898e-03
1.333561e-01 2.994880e+00 1.019923e+03 9.994404e-01 7.008611e+05 5.585193e+01 -4.589546e-02 4.062485e-01 8.976460e-05 2.218604e-03
1.369870e-01 2.949162e+00 9.931577e+02 9.871026e-01 6.889736e+05 5.491228e+01 -9.443283e-03 3.725454e-01 8.857250e-05 2.252817e-03
1.407168e-01 2.901134e+00 9.668604e+02 9.968591e-01 7.195372e+05 5.733907e+01 5.913973e-03 3.248559e-01 8.082390e-05 2.418160e-03
1.445482e-01 2.851605e+00 9.413939e+02 9.851821e-01 7.181298e+05 5.703349e+01 -4.945576e-03 3.141252e-01 8.916855e-05 2.527118e-03
1.484839e-01 2.806243e+00 9.164998e+02 1.002477e+00 7.350459e+05 5.837549e+01 -6.300706e-02 4.063605e-01 9.143353e-05 2.624989e-03
1.525268e-01 2.757231e+00 8.921483e+02 9.804586e-01 7.125823e+05 5.661842e+01 5.362070e-02 3.388680e-01 9.846687e-05 2.646923e-03
1.566797e-01 2.716322e+00 8.682831e+02 9.824491e-01 7.220516e+05 5.734671e+01 4.559994e-03 3.244988e-01 8.845329e-05 2.769828e-03
1.609457e-01 2.666070e+00 8.451485e+02 1.016692e+00 7.315247e+05 5.825326e+01 5.435944e-04 2.967165e-01 9.071827e-05 2.929091e-03
1.653278e-01 2.622144e+00 8.228597e+02 1.009583e+00 7.197718e+05 5.720920e+01 2.953947e-02 3.254647e-01 1.058578e-04 2.943635e-03
1.698293e-01 2.583344e+00 8.010285e+02 9.841217e-01 6.666592e+05 5.305462e+01 5.346859e-02 3.661884e-01 1.022816e-04 2.828121e-03
1.744533e-01 2.538159e+00 7.795068e+02 9.770812e-01 6.773099e+05 5.388605e+01 6.807923e-02 3.188372e-01 1.035929e-04 2.972245e-03
1.792033e-01 2.494511e+00 7.586965e+02 9.568515e-01 6.621592e+05 5.268793e+01 4.118252e-02 3.186793e-01 1.051426e-04 3.009319e-03
1.840826e-01 2.455563e+00 7.387266e+02 9.480448e-01 6.314841e+05 5.026368e+01 3.897798e-02 2.325002e-01 1.041889e-04 2.968311e-03
1.890947e-01 2.414184e+00 7.190771e+02 9.887387e-01 6.699086e+05 5.319213e+01 7.520795e-03 2.374984e-01 1.069307e-04 3.266573e-03
1.942433e-01 2.370209e+00 7.002263e+02 9.667909e-01 6.407956e+05 5.107473e+01 7.536888e-03 2.989967e-01 1.050234e-04 3.222346e-03
1.995320e-01 2.325106e+00 6.811932e+02 1.009821e+00 6.851287e+05 5.453413e+01 -2.010351e-02 2.546685e-01 1.013279e-04 3.566980e-03
2.049648e-01 2.285221e+00 6.633328e+02 1.005993e+00 6.936959e+05 5.524969e+01 9.856701e-03 2.316685e-01 9.441376e-05 3.745914e-03
2.105455e-01 2.243962e+00 6.456755e+02 9.792271e-01 6.615183e+05 5.267138e+01 4.300272e-02 2.616289e-01 1.068115e-04 3.689289e-03
2.162781e-01 2.204456e+00 6.286940e+02 9.893431e-01 6.835119e+05 5.441826e+01 -1.783514e-02 2.647922e-01 1.161098e-04 3.929496e-03
2.221668e-01 2.166104e+00 6.120053e+02 9.833777e-01 6.673032e+05 5.308390e+01 1.703358e-02 1.985588e-01 1.126528e-04 4.031658e-03
2.282159e-01 2.129248e+00 5.958266e+02 9.614608e-01 6.365072e+05 5.063929e+01 9.435415e-04 2.073866e-01 1.235008e-04 3.977299e-03
2.344296e-01 2.091894e+00 5.800127e+02 9.757125e-01 6.303914e+05 5.016182e+01 7.087851e-02 1.781484e-01 1.218319e-04 4.095078e-03
2.408126e-01 2.055803e+00 5.648069e+02 9.816346e-01 6.390977e+05 5.076152e+01 4.101181e-02 2.154580e-01 1.289845e-04 4.266381e-03
2.473693e-01 2.024554e+00 5.498253e+02 9.533384e-01 6.042470e+05 4.809535e+01 -2.891362e-03 1.661153e-01 1.270771e-04 4.187584e-03
2.541046e-01 1.984148e+00 5.352856e+02 9.545501e-01 6.089392e+05 4.840730e+01 3.080964e-03 1.825730e-01 1.274347e-04 4.395366e-03
2.610232e-01 1.950563e+00 5.211176e+02 9.961963e-01 6.377982e+05 5.079589e+01 4.483175e-02 1.944671e-01 1.147985e-04 4.713655e-03
2.681302e-01 1.918004e+00 5.072920e+02 9.682560e-01 6.235160e+05 4.969709e+01 8.237422e-02 1.977478e-01 1.305342e-04 4.751563e-03
2.754308e-01 1.885736e+00 4.939933e+02 9.804954e-01 6.300465e+05 5.015418e+01 3.063273e-02 1.671534e-01 1.307726e-04 5.003452e-03
2.829301e-01 1.854782e+00 4.811330e+02 9.706621e-01 6.146934e+05 4.901590e+01 2.484560e-02 1.707127e-01 1.304150e-04 5.065441e-03
2.906336e-01 1.819864e+00 4.683375e+02 9.780543e-01 6.181276e+05 4.909484e+01 1.917589e-02 1.559212e-01 1.339912e-04 5.241156e-03
2.985468e-01 1.788775e+00 4.559558e+02 9.647348e-01 5.873650e+05 4.674890e+01 5.992293e-03 1.977212e-01 1.398325e-04 5.247951e-03
3.066755e-01 1.758231e+00 4.437962e+02 9.634863e-01 6.102241e+05 4.847669e+01 -5.425811e-03 1.843749e-01 1.516342e-04 5.614638e-03
3.150255e-01 1.730121e+00 4.320601e+02 9.652944e-01 5.970906e+05 4.757905e+01 2.205789e-02 1.425030e-01 1.457930e-04 5.614519e-03
3.236029e-01 1.697566e+00 4.206190e+02 9.767336e-01 6.196769e+05 4.922790e+01 -1.672739e-02 1.894385e-01 1.466274e-04 6.078720e-03
3.324138e-01 1.665166e+00 4.092909e+02 9.666770e-01 5.945240e+05 4.723528e+01 -1.316416e-02 1.485112e-01 1.472235e-04 6.023765e-03
3.414646e-01 1.638236e+00 3.985829e+02 9.697260e-01 6.037858e+05 4.801387e+01 1.622820e-02 1.260914e-01 1.562834e-04 6.324768e-03
3.507619e-01 1.607346e+00 3.878868e+02 9.802412e-01 6.013596e+05 4.784389e+01 1.184869e-02 1.558094e-01 1.628399e-04 6.634831e-03
3.603122e-01 1.576254e+00 3.775116e+02 9.823082e-01 6.053798e+05 4.812018e+01 1.917183e-02 1.793492e-01 1.621246e-04 6.959796e-03
3.701226e-01 1.551541e+00 3.675635e+02 9.589576e-01 5.787735e+05 4.600851e+01 9.280324e-03 1.344166e-01 1.569986e-04 6.768823e-03
3.802002e-01 1.522475e+00 3.577881e+02 9.650841e-01 5.856945e+05 4.659739e+01 -4.445755e-02 1.261389e-01 1.673698e-04 7.155776e-03
3.905521e-01 1.497136e+00 3.482319e+02 9.590852e-01 5.759884e+05 4.586846e+01 -1.997590e-03 1.543801e-01 1.718998e-04 7.258415e-03
4.011859e-01 1.467947e+00 3.389440e+02 9.726817e-01 5.933799e+05 4.722255e+01 -8.712351e-03 1.047117e-01 1.822710e-04 7.796764e-03
4.121092e-01 1.442507e+00 3.299605e+02 9.702805e-01 5.979189e+05 4.760643e+01 -9.723961e-03 1.118253e-01 1.924038e-04 8.103609e-03
4.233299e-01 1.413702e+00 3.212112e+02 9.669061e-01 5.888841e+05 4.687113e+01 -1.692843e-02 9.742308e-02 1.842976e-04 8.293629e-03
4.348561e-01 1.392920e+00 3.126948e+02 9.797648e-01 6.107999e+05 4.861738e+01 -1.424193e-03 1.023271e-01 2.015829e-04 8.875847e-03
4.466962e-01 1.368459e+00 3.043947e+02 9.824809e-01 6.082583e+05 4.836910e+01 -5.372721e-02 1.016227e-01 1.959801e-04 9.175301e-03
4.588586e-01 1.343552e+00 2.962836e+02 9.752763e-01 6.027031e+05 4.793429e+01 3.243864e-02 1.179179e-01 2.026558e-04 9.429336e-03
4.713522e-01 1.319500e+00 2.885093e+02 9.873360e-01 6.001302e+05 4.777577e+01 -4.872936e-02 1.156412e-01 2.069473e-04 9.781837e-03
4.841860e-01 1.295688e+00 2.808336e+02 1.007936e+00 6.266932e+05 4.984860e+01 -5.402672e-02 9.512019e-02 2.144575e-04 1.054275e-02
4.973692e-01 1.275185e+00 2.735341e+02 1.003655e+00 6.182187e+05 4.920052e+01 -2.208757e-02 9.795499e-02 2.166033e-04 1.075459e-02
5.109113e-01 1.252885e+00 2.662760e+02 1.020869e+00 6.347483e+05 5.048936e+01 -2.984208e-02 5.050683e-02 2.079010e-04 1.138949e-02
5.248222e-01 1.232881e+00 2.591955e+02 1.010629e+00 6.106549e+05 4.858555e+01 -1.899928e-02 8.586967e-02 2.204180e-04 1.137924e-02
5.391118e-01 1.209892e+00 2.524043e+02 1.016343e+00 6.123194e+05 4.873197e+01 2.210975e-03 9.584832e-02 2.336502e-04 1.187539e-02
5.537905e-01 1.189019e+00 2.458404e+02 1.023025e+00 6.232998e+05 4.962483e+01 -3.583914e-02 1.333292e-01 2.244711e-04 1.246369e-02
5.688689e-01 1.166612e+00 2.392626e+02 1.010643e+00 6.149129e+05 4.896975e+01 -9.380639e-03 7.717359e-02 2.286434e-04 1.274192e-02
5.843578e-01 1.148996e+00 2.329977e+02 9.961056e-01 5.967079e+05 4.748229e+01 -2.927721e-03 6.922042e-02 2.385378e-04 1.267266e-02
6.002684e-01 1.129377e+00 2.268487e+02 1.012675e+00 6.165664e+05 4.906493e+01 -2.320290e-03 8.954871e-02 2.540350e-04 1.371396e-02
6.166123e-01 1.109673e+00 2.207009e+02 1.021059e+00 6.199471e+05 4.929602e+01 2.497816e-02 5.961597e-02 2.517700e-04 1.426911e-02
6.334012e-01 1.088199e+00 2.148111e+02 1.014347e+00 6.022750e+05 4.792856e+01 -1.015085e-02 6.816530e-02 2.719164e-04 1.434350e-02
6.506472e-01 1.071967e+00 2.091962e+02 1.002215e+00 5.975680e+05 4.756218e+01 -2.049947e-02 3.316498e-02 2.651215e-04 1.447725e-02
6.683627e-01 1.053026e+00 2.035790e+02 1.005209e+00 6.029066e+05 4.797312e+01 1.968980e-03 5.142725e-02 2.865791e-04 1.523602e-02
6.865606e-01 1.038793e+00 1.981586e+02 9.997002e-01 5.977930e+05 4.754945e+01 -7.559478e-03 7.678652e-02 2.809763e-04 1.565576e-02
7.052540e-01 1.022452e+00 1.928630e+02 1.003865e+00 6.033376e+05 4.801960e+01 -1.431125e-02 5.079710e-02 2.785921e-04 1.635349e-02
7.244563e-01 1.003053e+00 1.878585e+02 1.012798e+00 6.165244e+05 4.904328e+01 1.071668e-02 7.419455e-02 2.915859e-04 1.719987e-02
7.441815e-01 9.887432e-01 1.828731e+02 1.009982e+00 6.047912e+05 4.813387e+01 -1.882422e-02 5.440974e-02 3.010035e-04 1.734674e-02
7.644438e-01 9.701017e-01 1.779692e+02 1.008262e+00 5.884251e+05 4.679951e+01 -1.191676e-02 4.931593e-02 3.079176e-04 1.774871e-02
7.852577e-01 9.523939e-01 1.732948e+02 1.002247e+00 5.904151e+05 4.698063e+01 -1.630193e-02 4.827380e-02 3.061295e-04 1.831853e-02
8.066384e-01 9.424688e-01 1.686924e+02 1.012607e+00 5.922064e+05 4.713087e+01 -1.024687e-02 5.081546e-02 3.234148e-04 1.889884e-02
8.286012e-01 9.239299e-01 1.642625e+02 1.024676e+00 5.994282e+05 4.770733e+01 -2.015382e-02 3.020775e-02 3.343821e-04 1.988220e-02
8.511620e-01 9.108592e-01 1.599251e+02 1.009616e+00 5.898844e+05 4.694625e+01 -2.142888e-02 5.954206e-02 3.331900e-04 2.003026e-02
8.743371e-01 8.946724e-01 1.556431e+02 1.005256e+00 5.992005e+05 4.765927e+01 -3.221631e-03 8.590806e-02 3.393888e-04 2.112210e-02
8.981432e-01 8.828154e-01 1.515477e+02 1.016162e+00 5.881732e+05 4.678980e+01 -1.780438e-02 4.649651e-02 3.364086e-04 2.134180e-02
9.225974e-01 8.680577e-01 1.475345e+02 9.905497e-01 5.746822e+05 4.573668e+01 -3.519654e-04 4.196429e-02 3.575087e-04 2.158117e-02
9.477175e-01 8.529633e-01 1.436075e+02 9.859208e-01 5.732524e+05 4.562749e+01 7.878065e-03 2.575326e-02 3.702641e-04 2.223682e-02
9.735215e-01 8.403186e-01 1.398141e+02 9.796394e-01 5.640970e+05 4.489936e+01 2.430558e-03 1.247871e-02 3.800392e-04 2.260458e-02
