#./munderdamped_3d --dev=3 --amp=60.0 --omega=1 --mass=0.017 --force=0 --Dg=0.01 --block=256 --paths=16384 --periods=1000 --trans=100 --samples=100 --spp=5000 --algorithm=euler --pav=1 --mode=moments --domain=1d --domainx=g:-3.5:0:300:1 --domainy=s:-1:2:100:1 --domainz=a:-1:2.5:100:1 --q=2 --eps=0 --phi=1.57079632679 --lambda=20.0 --zeta=0.05 --comp=0 --mean=1.0 --second=13.0 --skew=0.99 --distribution=s>> 1D_g:-3.5:0:300:1_60.0_20.0_0.99_1.0_13.0.dat
#g <<v>> <<v^2>> qnu(q) mu_q Dx Gx Gv EBx EBv
3.162278e-04 nan nan nan nan nan nan nan nan nan
3.248380e-04 nan nan nan nan nan nan nan nan nan
3.336826e-04 nan nan nan nan nan nan nan nan nan
3.427680e-04 nan nan nan nan nan nan nan nan nan
3.521009e-04 nan nan nan nan nan nan nan nan nan
3.616878e-04 nan nan nan nan nan nan nan nan nan
3.715358e-04 nan nan nan nan nan nan nan nan nan
3.816519e-04 nan nan nan nan nan nan nan nan nan
3.920434e-04 nan nan nan nan nan nan nan nan nan
4.027179e-04 nan nan nan nan nan nan nan nan nan
4.136831e-04 nan nan nan nan nan nan nan nan nan
4.249467e-04 nan nan nan nan nan nan nan nan nan
4.365171e-04 nan nan nan nan nan nan nan nan nan
4.484025e-04 nan nan nan nan nan nan nan nan nan
4.606116e-04 nan nan nan nan nan nan nan nan nan
4.731530e-04 nan nan nan nan nan nan nan nan nan
4.860359e-04 nan nan nan nan nan nan nan nan nan
4.992696e-04 nan nan nan nan nan nan nan nan nan
5.128637e-04 nan nan nan nan nan nan nan nan nan
5.268278e-04 nan nan nan nan nan nan nan nan nan
5.411722e-04 nan nan nan nan nan nan nan nan nan
5.559071e-04 nan nan nan nan nan nan nan nan nan
5.710433e-04 nan nan nan nan nan nan nan nan nan
5.865915e-04 nan nan nan nan nan nan nan nan nan
6.025632e-04 nan nan nan nan nan nan nan nan nan
6.189697e-04 nan nan nan nan nan nan nan nan nan
6.358229e-04 1.317409e+00 2.549754e+07 9.984590e-01 1.686175e+06 1.341670e+02 -2.040339e-02 4.567578e-01 3.302097e-05 2.758217e-02
6.531349e-04 1.309906e+00 5.787363e+06 1.002840e+00 1.762191e+06 1.402582e+02 -5.554837e-02 2.789790e+00 3.600121e-05 2.909315e-02
6.709184e-04 1.109944e+00 3.181229e+06 1.002975e+00 1.843128e+06 1.466791e+02 -9.094638e-02 7.140305e+00 3.314018e-05 4.234016e-02
6.891860e-04 9.983374e-01 2.184766e+06 1.007338e+00 1.850455e+06 1.472390e+02 -7.115263e-02 9.539760e+00 3.421307e-05 5.265510e-02
7.079511e-04 9.187064e-01 1.654959e+06 1.004282e+00 1.876490e+06 1.493324e+02 -7.164264e-02 1.943192e+01 3.612041e-05 6.312001e-02
7.272270e-04 8.587732e-01 1.325902e+06 1.023874e+00 1.930837e+06 1.536593e+02 -7.085639e-02 1.648206e+01 3.242493e-05 7.378411e-02
7.470279e-04 7.952816e-01 1.101569e+06 9.894034e-01 1.870138e+06 1.488229e+02 -7.698190e-02 1.741098e+01 3.123283e-05 8.360600e-02
7.673678e-04 7.331919e-01 9.386096e+05 9.908915e-01 1.862088e+06 1.481877e+02 -5.984920e-02 3.020478e+01 2.896786e-05 9.763741e-02
7.882615e-04 6.730798e-01 8.150269e+05 1.005206e+00 1.915182e+06 1.524015e+02 -6.873578e-02 2.059296e+01 2.992153e-05 1.189314e-01
8.097242e-04 6.148266e-01 7.178992e+05 9.767285e-01 1.885221e+06 1.500168e+02 -5.197978e-02 2.395740e+01 3.206730e-05 1.403614e-01
8.317712e-04 5.653362e-01 6.399153e+05 9.878373e-01 1.872028e+06 1.489704e+02 -5.924654e-02 2.446992e+01 3.218651e-05 1.660545e-01
8.544186e-04 5.251982e-01 5.757025e+05 9.856833e-01 1.883003e+06 1.498490e+02 -5.331522e-02 3.141330e+01 3.683567e-05 1.926275e-01
8.776825e-04 5.090102e-01 5.217989e+05 1.004979e+00 1.886147e+06 1.500947e+02 -4.623443e-02 3.318971e+01 2.706051e-05 2.071469e-01
9.015799e-04 4.950896e-01 4.761689e+05 9.920413e-01 1.885318e+06 1.500288e+02 -4.752880e-02 3.702394e+01 3.063679e-05 2.169962e-01
9.261279e-04 4.994597e-01 4.367800e+05 1.003495e+00 1.902848e+06 1.514292e+02 -5.617774e-02 4.648185e+01 2.586842e-05 2.135823e-01
9.513444e-04 5.105707e-01 4.026374e+05 1.005840e+00 1.923504e+06 1.530644e+02 -4.875088e-02 4.675003e+01 3.421307e-05 2.098436e-01
9.772475e-04 5.275981e-01 3.727558e+05 1.008679e+00 1.915096e+06 1.523986e+02 -5.266458e-02 4.062095e+01 2.229214e-05 1.951686e-01
1.003856e-03 5.511911e-01 3.464031e+05 1.007281e+00 1.944854e+06 1.547651e+02 -6.027353e-02 3.930341e+01 2.563000e-05 1.809943e-01
1.031189e-03 5.709506e-01 3.228493e+05 1.004450e+00 1.956985e+06 1.557310e+02 -6.033343e-02 4.262491e+01 3.659725e-05 1.687205e-01
1.059266e-03 5.913205e-01 3.017984e+05 9.893833e-01 1.891321e+06 1.505042e+02 -5.071366e-02 4.951376e+01 3.755093e-05 1.536716e-01
1.088107e-03 6.143996e-01 2.828262e+05 9.967325e-01 1.906147e+06 1.516811e+02 -6.114888e-02 5.109130e+01 4.291534e-05 1.432791e-01
1.117734e-03 6.338429e-01 2.657253e+05 9.887511e-01 1.884044e+06 1.499238e+02 -6.968522e-02 4.804809e+01 3.039837e-05 1.330063e-01
1.148167e-03 6.529722e-01 2.501918e+05 9.869253e-01 1.870955e+06 1.488842e+02 -6.726658e-02 4.638306e+01 2.920628e-05 1.245629e-01
1.179429e-03 6.704805e-01 2.360046e+05 9.896407e-01 1.894515e+06 1.507638e+02 -5.728644e-02 5.193477e+01 3.063679e-05 1.191008e-01
1.211543e-03 6.866822e-01 2.229629e+05 9.940173e-01 1.870971e+06 1.488809e+02 -5.063683e-02 4.264519e+01 3.063679e-05 1.122200e-01
1.244530e-03 7.042298e-01 2.110783e+05 9.914679e-01 1.865772e+06 1.484849e+02 -7.982653e-02 5.181597e+01 3.015995e-05 1.066267e-01
1.278416e-03 7.196747e-01 2.000708e+05 9.874603e-01 1.888695e+06 1.502951e+02 -6.310320e-02 4.129959e+01 2.992153e-05 1.036798e-01
1.313225e-03 7.417660e-01 1.898951e+05 9.802546e-01 1.841636e+06 1.465523e+02 -3.836751e-02 6.147047e+01 3.278255e-05 9.455287e-02
1.348981e-03 7.634217e-01 1.805063e+05 9.918503e-01 1.862204e+06 1.481849e+02 -6.143612e-02 7.115529e+01 3.433228e-05 9.137797e-02
1.385711e-03 7.830381e-01 1.717521e+05 9.843981e-01 1.814404e+06 1.443909e+02 -5.873418e-02 4.317765e+01 3.504753e-05 8.392572e-02
1.423441e-03 8.099117e-01 1.636142e+05 9.962593e-01 1.872192e+06 1.489956e+02 -6.248921e-02 3.525161e+01 3.051758e-05 8.077037e-02
1.462198e-03 8.340065e-01 1.560063e+05 1.010357e+00 1.858081e+06 1.478683e+02 -4.754931e-02 5.515021e+01 2.872944e-05 7.594728e-02
1.502010e-03 8.644279e-01 1.489197e+05 9.909118e-01 1.825298e+06 1.452534e+02 -5.281264e-02 8.056258e+01 3.099442e-05 6.907749e-02
1.542907e-03 8.912907e-01 1.422537e+05 9.903421e-01 1.830008e+06 1.456217e+02 -5.521429e-02 3.397568e+01 3.397465e-05 6.545794e-02
1.584917e-03 9.259560e-01 1.360168e+05 9.976329e-01 1.818957e+06 1.447597e+02 -4.429221e-02 4.256121e+01 3.111362e-05 6.026471e-02
1.628071e-03 9.566584e-01 1.301435e+05 9.862450e-01 1.822791e+06 1.450691e+02 -7.163823e-02 3.866811e+01 3.850460e-05 5.597508e-02
1.672399e-03 9.885682e-01 1.246225e+05 9.816591e-01 1.820742e+06 1.448581e+02 -7.287556e-02 3.205598e+01 2.431870e-05 5.240428e-02
1.717935e-03 1.019182e+00 1.194228e+05 9.908954e-01 1.825504e+06 1.452805e+02 -7.421148e-02 4.678702e+01 2.717972e-05 4.974401e-02
1.764711e-03 1.055273e+00 1.144993e+05 9.945402e-01 1.830947e+06 1.457057e+02 -5.466759e-02 3.486246e+01 3.576279e-05 4.680800e-02
1.812760e-03 1.093594e+00 1.098588e+05 9.946758e-01 1.830665e+06 1.456873e+02 -6.294698e-02 5.208802e+01 3.242493e-05 4.336095e-02
1.862118e-03 1.124224e+00 1.054594e+05 9.810880e-01 1.818893e+06 1.447498e+02 -5.833846e-02 3.952729e+01 3.302097e-05 4.108107e-02
1.912819e-03 1.162040e+00 1.013045e+05 9.943732e-01 1.811283e+06 1.441724e+02 -4.973191e-02 3.297257e+01 2.861023e-05 3.811431e-02
1.964901e-03 1.193556e+00 9.734171e+04 9.989151e-01 1.817699e+06 1.446540e+02 -5.279076e-02 4.605516e+01 3.111362e-05 3.622174e-02
2.018401e-03 1.229755e+00 9.359855e+04 9.984760e-01 1.819165e+06 1.447782e+02 -5.216825e-02 4.269230e+01 2.729893e-05 3.390026e-02
2.073358e-03 1.262353e+00 9.002800e+04 1.007960e+00 1.838779e+06 1.463315e+02 -6.592244e-02 3.374265e+01 3.159046e-05 3.247380e-02
2.129811e-03 1.294014e+00 8.664039e+04 1.017419e+00 1.866391e+06 1.485361e+02 -8.501256e-02 3.336055e+01 4.374981e-05 3.163135e-02
2.187801e-03 1.328466e+00 8.342159e+04 1.002110e+00 1.836402e+06 1.461208e+02 -7.189363e-02 2.501441e+01 3.683567e-05 2.948797e-02
2.247370e-03 1.357768e+00 8.034184e+04 1.000942e+00 1.823165e+06 1.450685e+02 -6.181723e-02 3.054846e+01 3.182888e-05 2.790368e-02
2.308561e-03 1.391596e+00 7.741758e+04 9.865153e-01 1.804094e+06 1.435679e+02 -6.450856e-02 3.096733e+01 2.908707e-05 2.633500e-02
2.371418e-03 1.425913e+00 7.461544e+04 9.931716e-01 1.795009e+06 1.428365e+02 -7.188863e-02 2.566208e+01 3.516674e-05 2.478027e-02
2.435986e-03 1.456424e+00 7.194577e+04 9.991696e-01 1.803983e+06 1.435259e+02 -5.885392e-02 3.365239e+01 3.039837e-05 2.399421e-02
2.502313e-03 1.488807e+00 6.939202e+04 1.011741e+00 1.831205e+06 1.457000e+02 -6.740218e-02 2.982751e+01 3.683567e-05 2.344215e-02
2.570446e-03 1.522033e+00 6.695909e+04 1.012251e+00 1.851796e+06 1.473603e+02 -6.574208e-02 3.206199e+01 3.218651e-05 2.238250e-02
2.640433e-03 1.553714e+00 6.462775e+04 1.001600e+00 1.813656e+06 1.443268e+02 -8.495432e-02 2.807606e+01 3.838539e-05 2.133060e-02
2.712327e-03 1.584767e+00 6.239705e+04 1.021849e+00 1.830988e+06 1.456732e+02 -8.697039e-02 2.519203e+01 2.932549e-05 2.070045e-02
2.786177e-03 1.614213e+00 6.025259e+04 1.018163e+00 1.838208e+06 1.461711e+02 -6.883603e-02 2.440368e+01 3.564358e-05 1.989901e-02
2.862039e-03 1.651420e+00 5.820129e+04 1.002303e+00 1.830450e+06 1.456567e+02 -8.078074e-02 2.049360e+01 2.884865e-05 1.890397e-02
2.939966e-03 1.683052e+00 5.623564e+04 1.011588e+00 1.828415e+06 1.454644e+02 -7.236338e-02 2.113792e+01 2.491474e-05 1.825666e-02
3.020015e-03 1.717524e+00 5.434833e+04 1.019211e+00 1.823958e+06 1.450774e+02 -6.801891e-02 2.563056e+01 3.111362e-05 1.753116e-02
3.102243e-03 1.750157e+00 5.253733e+04 1.012380e+00 1.806568e+06 1.437118e+02 -7.184726e-02 2.376018e+01 3.755093e-05 1.668632e-02
3.186711e-03 1.785006e+00 5.079619e+04 1.000077e+00 1.764522e+06 1.403524e+02 -6.253654e-02 1.924213e+01 2.682209e-05 1.562428e-02
3.273478e-03 1.813926e+00 4.912338e+04 9.900155e-01 1.775344e+06 1.412322e+02 -8.093554e-02 2.102010e+01 3.612041e-05 1.530576e-02
3.362607e-03 1.850827e+00 4.751888e+04 1.010489e+00 1.796765e+06 1.429886e+02 -7.046998e-02 1.926055e+01 3.528595e-05 1.483512e-02
3.454164e-03 1.886530e+00 4.597479e+04 9.992310e-01 1.743497e+06 1.387003e+02 -9.225929e-02 2.234847e+01 2.348423e-05 1.393712e-02
3.548213e-03 1.922605e+00 4.449144e+04 1.010939e+00 1.789114e+06 1.422871e+02 -9.733385e-02 2.462087e+01 2.276897e-05 1.366901e-02
3.644824e-03 1.956823e+00 4.306936e+04 1.011681e+00 1.786293e+06 1.420362e+02 -9.436232e-02 2.430825e+01 3.278255e-05 1.328349e-02
3.744064e-03 1.995213e+00 4.169134e+04 1.012306e+00 1.795452e+06 1.428473e+02 -8.324951e-02 2.064590e+01 3.015995e-05 1.278615e-02
3.846007e-03 2.031981e+00 4.036443e+04 9.942094e-01 1.757299e+06 1.397750e+02 -6.313473e-02 1.863412e+01 3.075600e-05 1.205957e-02
3.950725e-03 2.067918e+00 3.909168e+04 1.002378e+00 1.772529e+06 1.410762e+02 -6.693625e-02 1.868351e+01 2.920628e-05 1.150584e-02
4.058295e-03 2.110438e+00 3.786961e+04 1.019735e+00 1.763237e+06 1.402435e+02 -8.300459e-02 1.636076e+01 3.147125e-05 1.126814e-02
4.168794e-03 2.143631e+00 3.668423e+04 9.935048e-01 1.721903e+06 1.370362e+02 -6.981236e-02 1.640400e+01 2.861023e-05 1.054060e-02
4.282301e-03 2.178320e+00 3.554417e+04 1.000503e+00 1.773728e+06 1.411272e+02 -6.220400e-02 1.664675e+01 3.707409e-05 1.049757e-02
4.398898e-03 2.216826e+00 3.444557e+04 9.989362e-01 1.711538e+06 1.361195e+02 -5.889821e-02 1.798897e+01 2.753735e-05 9.836674e-03
4.518671e-03 2.258346e+00 3.339057e+04 1.004981e+00 1.729842e+06 1.377301e+02 -7.902753e-02 1.468640e+01 3.397465e-05 9.602308e-03
4.641704e-03 2.297897e+00 3.236942e+04 1.004033e+00 1.689995e+06 1.345152e+02 -6.286329e-02 1.329172e+01 3.612041e-05 9.065151e-03
4.768088e-03 2.334512e+00 3.138295e+04 1.008893e+00 1.713715e+06 1.363640e+02 -8.419883e-02 1.202261e+01 2.872944e-05 8.938789e-03
4.897912e-03 2.375413e+00 3.043344e+04 9.990739e-01 1.679922e+06 1.336736e+02 -5.334300e-02 1.165837e+01 3.504753e-05 8.437872e-03
5.031272e-03 2.419006e+00 2.951198e+04 9.991073e-01 1.669015e+06 1.327773e+02 -6.023300e-02 1.379539e+01 3.278255e-05 8.080363e-03
5.168262e-03 2.457683e+00 2.862451e+04 1.006660e+00 1.685167e+06 1.341103e+02 -4.920071e-02 1.121976e+01 2.586842e-05 7.975578e-03
5.308983e-03 2.497069e+00 2.776313e+04 1.005391e+00 1.691593e+06 1.346336e+02 -5.688661e-02 1.247137e+01 3.802776e-05 7.674575e-03
5.453535e-03 2.542770e+00 2.693498e+04 9.986669e-01 1.679403e+06 1.335870e+02 -6.235445e-02 1.014899e+01 3.576279e-05 7.357597e-03
5.602023e-03 2.581665e+00 2.613238e+04 9.996397e-01 1.664067e+06 1.324449e+02 -2.282470e-02 1.180697e+01 3.218651e-05 7.102370e-03
5.754554e-03 2.628948e+00 2.536090e+04 1.001913e+00 1.643866e+06 1.307159e+02 -5.346620e-02 9.989950e+00 2.896786e-05 6.817818e-03
5.911238e-03 2.670083e+00 2.461001e+04 9.936222e-01 1.634488e+06 1.298883e+02 -5.768758e-02 1.478850e+01 3.731251e-05 6.470084e-03
6.072188e-03 2.711083e+00 2.388554e+04 1.004397e+00 1.640271e+06 1.306318e+02 -5.820119e-02 1.021533e+01 2.861023e-05 6.342292e-03
6.237521e-03 2.758029e+00 2.318605e+04 9.994741e-01 1.629466e+06 1.297660e+02 -4.251349e-02 1.215100e+01 3.814697e-05 6.053448e-03
6.407355e-03 2.803899e+00 2.250762e+04 1.000076e+00 1.614683e+06 1.283884e+02 -3.533340e-02 1.105812e+01 3.111362e-05 5.827904e-03
6.581813e-03 2.849499e+00 2.185423e+04 9.909993e-01 1.620884e+06 1.288697e+02 -5.147988e-02 1.068666e+01 3.063679e-05 5.656719e-03
6.761021e-03 2.893268e+00 2.121948e+04 9.959469e-01 1.624771e+06 1.292644e+02 -3.645742e-02 1.276367e+01 3.468990e-05 5.450010e-03
6.945109e-03 2.940783e+00 2.060879e+04 1.000734e+00 1.595697e+06 1.267968e+02 -4.268068e-02 9.652705e+00 3.600121e-05 5.252600e-03
7.134210e-03 2.984968e+00 2.001407e+04 9.790779e-01 1.583849e+06 1.260660e+02 -4.357064e-02 1.080742e+01 3.290176e-05 5.005598e-03
7.328459e-03 3.035329e+00 1.944288e+04 9.731095e-01 1.550058e+06 1.234024e+02 -4.887390e-02 1.178008e+01 3.111362e-05 4.781008e-03
7.527997e-03 3.080443e+00 1.888684e+04 9.779006e-01 1.567356e+06 1.247291e+02 -4.773688e-02 7.355910e+00 3.504753e-05 4.661322e-03
7.732968e-03 3.127527e+00 1.835002e+04 9.918274e-01 1.581881e+06 1.257833e+02 -3.107804e-02 1.127601e+01 3.337860e-05 4.593015e-03
7.943519e-03 3.173069e+00 1.782973e+04 9.858299e-01 1.559958e+06 1.239601e+02 -1.324654e-02 9.292314e+00 3.254414e-05 4.361868e-03
8.159804e-03 3.220224e+00 1.732547e+04 1.002808e+00 1.552310e+06 1.235093e+02 -4.050308e-02 8.744859e+00 3.612041e-05 4.263878e-03
8.381978e-03 3.268399e+00 1.683819e+04 9.817412e-01 1.526495e+06 1.215969e+02 -2.722049e-02 6.662955e+00 2.789497e-05 4.039407e-03
8.610201e-03 3.315379e+00 1.636451e+04 9.907636e-01 1.543812e+06 1.228141e+02 -1.701748e-02 7.628716e+00 3.433228e-05 3.970861e-03
8.844638e-03 3.363043e+00 1.590703e+04 1.006121e+00 1.557270e+06 1.241561e+02 -2.592182e-02 7.977896e+00 3.719330e-05 3.910303e-03
9.085459e-03 3.411398e+00 1.546445e+04 9.906251e-01 1.516014e+06 1.205554e+02 -2.397102e-02 5.822974e+00 3.612041e-05 3.678560e-03
9.332836e-03 3.457469e+00 1.502882e+04 1.003874e+00 1.531647e+06 1.216097e+02 -1.846564e-02 5.779446e+00 3.564358e-05 3.660440e-03
9.586949e-03 3.502816e+00 1.459995e+04 9.893293e-01 1.498370e+06 1.192007e+02 -1.843637e-02 7.726187e+00 3.993511e-05 3.448009e-03
9.847980e-03 3.554644e+00 1.418573e+04 9.899125e-01 1.497790e+06 1.191803e+02 -1.435465e-02 5.102611e+00 3.385544e-05 3.358126e-03
1.011612e-02 3.592961e+00 1.378205e+04 1.006172e+00 1.532900e+06 1.220426e+02 -3.052557e-02 6.224047e+00 3.314018e-05 3.383160e-03
1.039155e-02 3.640095e+00 1.339191e+04 1.004831e+00 1.544805e+06 1.230230e+02 -3.130323e-02 6.198439e+00 3.898144e-05 3.302336e-03
1.067449e-02 3.690194e+00 1.301315e+04 9.963806e-01 1.461802e+06 1.162824e+02 -4.939848e-02 6.422305e+00 3.659725e-05 3.045440e-03
1.096513e-02 3.737412e+00 1.264692e+04 9.821043e-01 1.446737e+06 1.149837e+02 -4.819739e-02 7.422694e+00 3.647804e-05 2.948999e-03
1.126368e-02 3.783188e+00 1.229013e+04 9.923212e-01 1.493984e+06 1.191447e+02 -5.507356e-02 5.782213e+00 3.397465e-05 2.944589e-03
1.157037e-02 3.828008e+00 1.194402e+04 9.913414e-01 1.485624e+06 1.184011e+02 -4.614556e-02 4.782869e+00 3.087521e-05 2.842903e-03
1.188540e-02 3.873202e+00 1.160855e+04 9.963406e-01 1.444356e+06 1.151314e+02 -3.241545e-02 5.114630e+00 3.135204e-05 2.728462e-03
1.220901e-02 3.918096e+00 1.128285e+04 9.761813e-01 1.448201e+06 1.153148e+02 -5.690825e-02 4.578875e+00 3.409386e-05 2.670884e-03
1.254143e-02 3.962275e+00 1.096848e+04 9.801541e-01 1.438290e+06 1.144388e+02 -5.147856e-02 4.876605e+00 3.635883e-05 2.582073e-03
1.288290e-02 4.007569e+00 1.066219e+04 9.885154e-01 1.438670e+06 1.146119e+02 -3.363776e-02 5.125003e+00 3.910065e-05 2.535105e-03
1.323367e-02 4.054531e+00 1.036689e+04 9.685888e-01 1.408083e+06 1.117650e+02 -4.142535e-02 5.306799e+00 4.220009e-05 2.433896e-03
1.359399e-02 4.088926e+00 1.007746e+04 9.784102e-01 1.408433e+06 1.124118e+02 -4.249871e-02 5.478724e+00 3.314018e-05 2.393126e-03
1.396412e-02 4.133074e+00 9.798985e+03 9.834675e-01 1.400356e+06 1.113270e+02 -2.538973e-02 4.067897e+00 3.838539e-05 2.332807e-03
1.434433e-02 4.176183e+00 9.527858e+03 9.853374e-01 1.419180e+06 1.131961e+02 -4.416472e-02 4.300230e+00 4.756451e-05 2.295256e-03
1.473489e-02 4.210653e+00 9.264811e+03 9.945051e-01 1.397365e+06 1.112251e+02 -4.951441e-02 5.734106e+00 3.743172e-05 2.231002e-03
1.513609e-02 4.249922e+00 9.009908e+03 9.766737e-01 1.354386e+06 1.080267e+02 -6.213307e-02 3.425302e+00 3.838539e-05 2.127171e-03
1.554821e-02 4.283643e+00 8.760938e+03 9.790437e-01 1.378564e+06 1.096361e+02 -4.531634e-02 4.383887e+00 4.732609e-05 2.124190e-03
1.597155e-02 4.320089e+00 8.522285e+03 9.765835e-01 1.369389e+06 1.090148e+02 -4.028136e-02 3.971496e+00 3.933907e-05 2.076626e-03
1.640641e-02 4.347716e+00 8.289273e+03 9.756925e-01 1.353992e+06 1.077772e+02 -3.455007e-02 4.211890e+00 3.802776e-05 2.043128e-03
1.685312e-02 4.381319e+00 8.062770e+03 9.849021e-01 1.367180e+06 1.088875e+02 -8.530200e-03 3.946932e+00 4.494190e-05 2.017260e-03
1.731199e-02 4.411456e+00 7.843961e+03 9.818711e-01 1.342022e+06 1.068554e+02 -2.469885e-02 3.119236e+00 4.076958e-05 1.945138e-03
1.778335e-02 4.434126e+00 7.630451e+03 9.833477e-01 1.335038e+06 1.061831e+02 -1.014823e-02 3.472044e+00 3.921986e-05 1.926184e-03
1.826755e-02 4.463199e+00 7.421259e+03 9.752103e-01 1.329077e+06 1.056432e+02 -1.500058e-02 4.406224e+00 3.933907e-05 1.890540e-03
1.876493e-02 4.485107e+00 7.217745e+03 9.718316e-01 1.312998e+06 1.041968e+02 -1.560670e-02 3.477209e+00 3.969669e-05 1.833558e-03
1.927585e-02 4.508714e+00 7.020268e+03 9.796859e-01 1.306241e+06 1.039116e+02 1.420605e-02 3.272502e+00 4.374981e-05 1.808047e-03
1.980069e-02 4.524435e+00 6.828005e+03 9.813041e-01 1.318595e+06 1.047622e+02 2.276075e-02 3.588441e+00 3.612041e-05 1.828432e-03
2.033981e-02 4.544169e+00 6.641851e+03 9.747223e-01 1.302543e+06 1.033107e+02 1.655960e-02 3.147312e+00 4.482269e-05 1.774669e-03
2.089361e-02 4.556509e+00 6.460080e+03 9.746177e-01 1.299794e+06 1.037792e+02 7.460117e-03 2.729694e+00 4.303455e-05 1.753211e-03
2.146249e-02 4.570492e+00 6.284515e+03 9.876354e-01 1.295027e+06 1.029440e+02 2.187085e-02 2.512507e+00 3.898144e-05 1.772165e-03
2.204686e-02 4.576764e+00 6.112938e+03 9.872773e-01 1.282354e+06 1.017777e+02 2.877283e-02 2.928447e+00 4.124641e-05 1.740694e-03
2.264715e-02 4.585731e+00 5.946791e+03 9.774197e-01 1.278423e+06 1.017573e+02 1.897931e-02 2.790526e+00 4.220009e-05 1.715660e-03
2.326377e-02 4.591689e+00 5.784693e+03 9.744639e-01 1.274752e+06 1.014110e+02 1.198244e-02 3.368259e+00 4.827976e-05 1.716971e-03
2.389719e-02 4.595617e+00 5.627849e+03 1.001154e+00 1.298179e+06 1.031426e+02 3.047073e-02 3.204538e+00 4.386902e-05 1.742363e-03
2.454785e-02 4.589984e+00 5.474913e+03 9.728936e-01 1.235817e+06 9.851819e+01 1.828933e-02 2.526400e+00 3.564358e-05 1.669288e-03
2.521623e-02 4.588656e+00 5.326692e+03 9.835063e-01 1.267866e+06 1.006776e+02 3.858829e-02 2.550061e+00 4.911423e-05 1.719594e-03
2.590280e-02 4.584435e+00 5.182134e+03 9.774852e-01 1.256998e+06 1.002396e+02 2.228653e-02 2.084177e+00 4.637241e-05 1.698136e-03
2.660807e-02 4.576802e+00 5.042078e+03 9.799685e-01 1.270302e+06 1.011512e+02 4.486716e-02 2.579175e+00 3.671646e-05 1.711726e-03
2.733255e-02 4.567646e+00 4.906400e+03 9.873380e-01 1.269422e+06 1.008762e+02 1.562107e-02 2.746869e+00 3.576279e-05 1.710296e-03
2.807674e-02 4.557376e+00 4.773657e+03 9.889275e-01 1.249055e+06 9.945529e+01 8.932710e-03 2.211451e+00 4.732609e-05 1.715779e-03
2.884120e-02 4.545795e+00 4.644945e+03 9.834725e-01 1.244565e+06 9.918536e+01 -8.393109e-03 2.547467e+00 4.982948e-05 1.692772e-03
2.962648e-02 4.530592e+00 4.520002e+03 1.000888e+00 1.262621e+06 1.008355e+02 4.095674e-03 1.814380e+00 4.696846e-05 1.757383e-03
3.043314e-02 4.517682e+00 4.398480e+03 9.907693e-01 1.223794e+06 9.788666e+01 1.518166e-02 2.397264e+00 5.078316e-05 1.697063e-03
3.126175e-02 4.501864e+00 4.281009e+03 9.786045e-01 1.230320e+06 9.770332e+01 8.427739e-03 1.740597e+00 5.030632e-05 1.725197e-03
3.211294e-02 4.481660e+00 4.165746e+03 9.931847e-01 1.233195e+06 9.833994e+01 -1.587051e-02 2.065246e+00 4.374981e-05 1.732826e-03
3.298729e-02 4.463446e+00 4.054114e+03 9.980758e-01 1.247596e+06 9.920065e+01 -2.297699e-03 1.842825e+00 4.386902e-05 1.757860e-03
3.388546e-02 4.438960e+00 3.945467e+03 9.971119e-01 1.222596e+06 9.752506e+01 9.309530e-03 1.805708e+00 4.172325e-05 1.758099e-03
3.480807e-02 4.420642e+00 3.840472e+03 9.952627e-01 1.225756e+06 9.755052e+01 -1.033241e-02 1.687908e+00 4.136562e-05 1.767874e-03
3.575581e-02 4.395920e+00 3.737253e+03 9.888939e-01 1.192780e+06 9.491747e+01 -2.467406e-02 1.770208e+00 4.673004e-05 1.739979e-03
3.672935e-02 4.369671e+00 3.636408e+03 9.701363e-01 1.190498e+06 9.519248e+01 -2.181292e-03 1.672981e+00 4.279613e-05 1.753211e-03
3.772940e-02 4.347260e+00 3.538588e+03 9.747977e-01 1.171241e+06 9.298724e+01 1.445317e-02 1.714772e+00 5.257130e-05 1.746178e-03
3.875668e-02 4.321126e+00 3.443326e+03 9.695979e-01 1.153618e+06 9.151028e+01 -3.022796e-02 1.606796e+00 5.042553e-05 1.729727e-03
3.981193e-02 4.291283e+00 3.350914e+03 9.911203e-01 1.180245e+06 9.361367e+01 -4.965663e-04 1.561016e+00 4.386902e-05 1.802087e-03
4.089591e-02 4.263133e+00 3.260662e+03 9.820516e-01 1.167910e+06 9.274277e+01 -1.252919e-02 1.635663e+00 5.257130e-05 1.805663e-03
4.200941e-02 4.240232e+00 3.172701e+03 9.813641e-01 1.167748e+06 9.376136e+01 -1.455098e-02 1.512159e+00 5.030632e-05 1.830578e-03
4.315322e-02 4.207714e+00 3.087447e+03 9.851358e-01 1.174675e+06 9.398545e+01 -2.756494e-02 1.399334e+00 5.269051e-05 1.854420e-03
4.432818e-02 4.179303e+00 3.004218e+03 9.705982e-01 1.147954e+06 9.147972e+01 -3.924227e-02 1.280504e+00 5.793571e-05 1.847029e-03
4.553512e-02 4.150433e+00 2.923976e+03 9.632781e-01 1.125311e+06 8.967171e+01 -3.851253e-02 1.264170e+00 5.733967e-05 1.832962e-03
4.677493e-02 4.123121e+00 2.845480e+03 9.825774e-01 1.130444e+06 8.983469e+01 -1.336455e-02 1.119276e+00 5.626678e-05 1.878858e-03
4.804850e-02 4.087097e+00 2.768745e+03 9.771718e-01 1.120498e+06 8.873461e+01 -1.654541e-02 1.317925e+00 4.923344e-05 1.906753e-03
4.935674e-02 4.059319e+00 2.694936e+03 9.750411e-01 1.119541e+06 8.933049e+01 -3.130364e-02 1.132431e+00 5.841255e-05 1.933455e-03
5.070060e-02 4.027401e+00 2.622703e+03 9.931846e-01 1.147973e+06 9.141351e+01 -5.285108e-02 1.477036e+00 4.732609e-05 2.004504e-03
5.208106e-02 3.993055e+00 2.551969e+03 9.729192e-01 1.123433e+06 8.978376e+01 -4.025996e-02 1.223308e+00 4.839897e-05 1.968741e-03
5.349910e-02 3.960917e+00 2.484252e+03 9.696867e-01 1.109084e+06 8.853599e+01 -5.525297e-02 1.096457e+00 4.732609e-05 1.980662e-03
5.495575e-02 3.924517e+00 2.417992e+03 9.785235e-01 1.110035e+06 8.820495e+01 -3.754920e-02 1.325511e+00 5.972385e-05 2.044082e-03
5.645206e-02 3.888877e+00 2.353208e+03 9.785237e-01 1.118335e+06 8.889759e+01 -2.953929e-02 9.422936e-01 4.887581e-05 2.053618e-03
5.798911e-02 3.858136e+00 2.291137e+03 9.875389e-01 1.122557e+06 8.929993e+01 -5.923724e-02 8.644556e-01 5.829334e-05 2.115130e-03
5.956801e-02 3.827603e+00 2.229742e+03 1.000100e+00 1.125148e+06 8.933559e+01 -4.554611e-02 9.620283e-01 5.042553e-05 2.147317e-03
6.118990e-02 3.789650e+00 2.170114e+03 1.004801e+00 1.111791e+06 8.855127e+01 -1.551330e-02 1.032201e+00 5.912781e-05 2.180099e-03
6.285595e-02 3.749546e+00 2.112739e+03 9.933308e-01 1.104765e+06 8.779751e+01 -3.656471e-02 8.953109e-01 5.996227e-05 2.220869e-03
6.456736e-02 3.715338e+00 2.056574e+03 9.999872e-01 1.113453e+06 8.840357e+01 -6.297636e-02 9.328638e-01 6.210804e-05 2.269149e-03
6.632537e-02 3.684083e+00 2.002270e+03 1.006237e+00 1.097503e+06 8.735697e+01 -3.916770e-02 9.902122e-01 5.733967e-05 2.275348e-03
6.813125e-02 3.640028e+00 1.949164e+03 9.852783e-01 1.077762e+06 8.594877e+01 -3.972948e-02 9.272851e-01 5.531311e-05 2.325177e-03
6.998630e-02 3.608628e+00 1.897780e+03 9.948401e-01 1.109742e+06 8.809035e+01 -3.291315e-02 8.200321e-01 6.389618e-05 2.436876e-03
7.189185e-02 3.571171e+00 1.846918e+03 9.779086e-01 1.102412e+06 8.737734e+01 -4.394960e-02 7.399334e-01 6.675720e-05 2.462864e-03
7.384929e-02 3.536186e+00 1.797754e+03 9.944711e-01 1.121031e+06 8.947309e+01 -2.241081e-02 9.446566e-01 6.318092e-05 2.522707e-03
7.586002e-02 3.502473e+00 1.749855e+03 9.905232e-01 1.087933e+06 8.653445e+01 -3.081709e-02 7.275910e-01 6.556511e-05 2.496600e-03
7.792551e-02 3.463557e+00 1.703022e+03 9.917395e-01 1.094567e+06 8.680948e+01 -6.207228e-03 6.983968e-01 6.270409e-05 2.558708e-03
8.004723e-02 3.426440e+00 1.657554e+03 9.902480e-01 1.088067e+06 8.655737e+01 -2.551901e-02 7.647482e-01 5.722046e-05 2.605915e-03
8.222672e-02 3.392264e+00 1.613338e+03 9.947129e-01 1.094659e+06 8.735442e+01 2.046251e-02 7.601898e-01 6.282330e-05 2.693653e-03
8.446555e-02 3.356203e+00 1.570230e+03 1.010108e+00 1.106434e+06 8.804452e+01 -5.568105e-02 7.197995e-01 6.020069e-05 2.791524e-03
8.676534e-02 3.317811e+00 1.528224e+03 9.966271e-01 1.089826e+06 8.685531e+01 -1.015526e-02 6.359826e-01 7.271767e-05 2.806425e-03
8.912775e-02 3.281674e+00 1.487516e+03 9.925050e-01 1.117064e+06 8.891286e+01 -1.386023e-02 6.940114e-01 7.498264e-05 2.916217e-03
9.155448e-02 3.241149e+00 1.448070e+03 1.015530e+00 1.150738e+06 9.144662e+01 -5.285764e-02 6.460739e-01 6.330013e-05 3.089309e-03
9.404728e-02 3.208315e+00 1.409200e+03 1.019013e+00 1.140936e+06 9.085074e+01 -2.190775e-02 7.355028e-01 6.604195e-05 3.127575e-03
9.660795e-02 3.171486e+00 1.371721e+03 9.979300e-01 1.109354e+06 8.833736e+01 -2.142042e-02 5.983844e-01 6.902218e-05 3.121495e-03
9.923835e-02 3.133558e+00 1.335229e+03 1.022782e+00 1.162259e+06 9.219273e+01 1.254570e-02 5.672740e-01 7.164478e-05 3.346086e-03
1.019404e-01 3.102757e+00 1.299975e+03 1.013986e+00 1.095959e+06 8.724493e+01 -2.563286e-02 6.142380e-01 7.462502e-05 3.204465e-03
1.047160e-01 3.062366e+00 1.265260e+03 9.985059e-01 1.111479e+06 8.839339e+01 -1.900405e-02 4.805646e-01 6.926060e-05 3.358364e-03
1.075671e-01 3.028071e+00 1.231520e+03 9.879771e-01 1.091861e+06 8.653191e+01 -3.109062e-02 4.991258e-01 7.247925e-05 3.338933e-03
1.104959e-01 2.987519e+00 1.198898e+03 1.006021e+00 1.121267e+06 8.922863e+01 1.579762e-03 4.588788e-01 7.367134e-05 3.526092e-03
1.135044e-01 2.952416e+00 1.167190e+03 9.920194e-01 1.095055e+06 8.703611e+01 -4.118419e-02 4.625093e-01 8.177757e-05 3.512859e-03
1.165949e-01 2.917478e+00 1.135700e+03 9.972629e-01 1.041633e+06 8.302286e+01 2.634954e-02 5.032229e-01 7.390976e-05 3.484130e-03
1.197695e-01 2.880053e+00 1.105808e+03 9.960725e-01 1.069220e+06 8.509315e+01 -4.882848e-02 4.935739e-01 8.201599e-05 3.644347e-03
1.230305e-01 2.841061e+00 1.076620e+03 9.869937e-01 1.021826e+06 8.134473e+01 -1.735276e-02 5.013800e-01 7.891655e-05 3.567815e-03
1.263803e-01 2.806180e+00 1.048150e+03 9.716978e-01 9.885811e+05 7.869385e+01 -1.736104e-02 4.970188e-01 8.749962e-05 3.549814e-03
1.298213e-01 2.767706e+00 1.020450e+03 9.602279e-01 1.005904e+06 7.988815e+01 -4.425395e-02 4.433503e-01 8.022785e-05 3.718376e-03
1.333561e-01 2.736783e+00 9.934338e+02 9.832501e-01 1.033840e+06 8.225382e+01 -5.163914e-02 4.132841e-01 8.535385e-05 3.926992e-03
1.369870e-01 2.699606e+00 9.673925e+02 9.669216e-01 9.982693e+05 7.949344e+01 -6.423527e-02 4.474443e-01 8.726120e-05 3.899336e-03
1.407168e-01 2.667207e+00 9.418055e+02 9.552007e-01 9.844448e+05 7.845957e+01 -3.907365e-02 4.416323e-01 9.167194e-05 3.967643e-03
1.445482e-01 2.634595e+00 9.166538e+02 9.608065e-01 9.978122e+05 7.938649e+01 -7.013822e-02 3.943377e-01 9.071827e-05 4.098654e-03
1.484839e-01 2.599709e+00 8.924271e+02 9.706239e-01 1.011732e+06 8.045983e+01 -5.618232e-02 3.937002e-01 8.285046e-05 4.284263e-03
1.525268e-01 2.565911e+00 8.685668e+02 9.628873e-01 9.754798e+05 7.770581e+01 -3.759331e-02 4.408511e-01 8.964539e-05 4.210830e-03
1.566797e-01 2.527481e+00 8.454775e+02 9.826611e-01 1.034081e+06 8.227929e+01 1.529658e-02 3.961427e-01 9.477139e-05 4.600048e-03
1.609457e-01 2.497438e+00 8.231421e+02 9.520563e-01 9.680131e+05 7.702590e+01 -2.559334e-02 4.159983e-01 9.882450e-05 4.396558e-03
1.653278e-01 2.460783e+00 8.011775e+02 9.933133e-01 1.008160e+06 8.023574e+01 2.175212e-02 5.263788e-01 9.846687e-05 4.709482e-03
1.698293e-01 2.421457e+00 7.797298e+02 9.549322e-01 9.418859e+05 7.494543e+01 -4.042536e-02 2.873011e-01 9.930134e-05 4.563808e-03
1.744533e-01 2.391350e+00 7.591923e+02 9.443719e-01 9.822926e+05 7.809415e+01 -2.504712e-02 3.124110e-01 1.013279e-04 4.871011e-03
1.792033e-01 2.358057e+00 7.389511e+02 9.692479e-01 9.725605e+05 7.742442e+01 -1.436847e-02 4.854631e-01 9.846687e-05 4.993916e-03
1.840826e-01 2.325533e+00 7.192079e+02 9.555844e-01 9.718754e+05 7.726527e+01 -4.454732e-03 3.491040e-01 1.009703e-04 5.089879e-03
1.890947e-01 2.290575e+00 6.999991e+02 9.622858e-01 9.571385e+05 7.614737e+01 -3.315824e-02 3.394910e-01 1.043081e-04 5.181789e-03
1.942433e-01 2.258972e+00 6.814170e+02 9.778631e-01 9.866105e+05 7.847612e+01 6.641150e-04 3.436687e-01 1.060963e-04 5.530953e-03
1.995320e-01 2.231100e+00 6.632626e+02 9.797171e-01 9.622746e+05 7.650515e+01 -3.375590e-03 2.884332e-01 1.045465e-04 5.470872e-03
2.049648e-01 2.194005e+00 6.457292e+02 9.499465e-01 9.211115e+05 7.333987e+01 1.484573e-02 3.039383e-01 1.016855e-04 5.433202e-03
2.105455e-01 2.166458e+00 6.286585e+02 9.619102e-01 9.418215e+05 7.490341e+01 3.042793e-02 3.327857e-01 9.787083e-05 5.752087e-03
2.162781e-01 2.132596e+00 6.118922e+02 9.608875e-01 9.601676e+05 7.643002e+01 -1.051170e-02 3.216840e-01 1.103878e-04 5.948544e-03
2.221668e-01 2.101979e+00 5.955945e+02 9.719228e-01 9.534426e+05 7.586980e+01 2.426505e-02 2.121702e-01 1.077652e-04 6.083965e-03
2.282159e-01 2.072684e+00 5.799421e+02 9.920728e-01 9.634134e+05 7.663757e+01 -3.381670e-03 3.604563e-01 1.120567e-04 6.327987e-03
2.344296e-01 2.044285e+00 5.646676e+02 1.006625e+00 1.019939e+06 8.117284e+01 3.813529e-02 2.355632e-01 1.217127e-04 6.936312e-03
2.408126e-01 2.019406e+00 5.495327e+02 1.000764e+00 9.879050e+05 7.872058e+01 1.317132e-02 2.078381e-01 1.198053e-04 6.878018e-03
2.473693e-01 1.992564e+00 5.351137e+02 1.007564e+00 1.003765e+06 7.994417e+01 -4.723251e-03 2.187153e-01 1.285076e-04 7.098675e-03
2.541046e-01 1.964011e+00 5.211011e+02 1.013613e+00 1.024219e+06 8.149752e+01 1.485825e-02 2.092934e-01 1.310110e-04 7.481694e-03
2.610232e-01 1.934189e+00 5.073860e+02 9.951830e-01 9.699392e+05 7.714177e+01 -4.045624e-02 2.523936e-01 1.302958e-04 7.339358e-03
2.681302e-01 1.906081e+00 4.939674e+02 9.992955e-01 9.844654e+05 7.826221e+01 2.082825e-02 2.442732e-01 1.279116e-04 7.604241e-03
2.754308e-01 1.877919e+00 4.809828e+02 9.971786e-01 9.830970e+05 7.825585e+01 5.647361e-02 2.034801e-01 1.381636e-04 7.829785e-03
2.829301e-01 1.852474e+00 4.682967e+02 1.025517e+00 1.031576e+06 8.209212e+01 -1.033318e-02 1.507223e-01 1.500845e-04 8.529305e-03
2.906336e-01 1.825081e+00 4.559622e+02 1.016095e+00 1.024961e+06 8.153635e+01 5.566895e-02 2.222874e-01 1.500845e-04 8.645654e-03
2.985468e-01 1.797146e+00 4.438171e+02 9.763801e-01 9.866006e+05 7.848122e+01 6.982088e-03 2.107382e-01 1.564026e-04 8.631349e-03
3.066755e-01 1.772169e+00 4.320782e+02 1.018144e+00 9.913576e+05 7.881290e+01 4.151702e-03 2.388273e-01 1.492500e-04 8.878231e-03
3.150255e-01 1.744978e+00 4.204624e+02 1.003125e+00 9.813512e+05 7.811580e+01 -3.440523e-02 1.568356e-01 1.609325e-04 9.096622e-03
3.236029e-01 1.715637e+00 4.092258e+02 9.923391e-01 9.678426e+05 7.699025e+01 -2.375042e-02 2.005744e-01 1.528263e-04 9.263039e-03
3.324138e-01 1.696062e+00 3.984533e+02 1.014715e+00 9.932021e+05 7.900324e+01 3.942370e-03 1.796254e-01 1.637936e-04 9.672880e-03
3.414646e-01 1.672280e+00 3.878126e+02 9.708660e-01 9.215660e+05 7.332905e+01 5.103469e-03 1.699997e-01 1.739264e-04 9.330392e-03
3.507619e-01 1.643957e+00 3.774676e+02 9.892691e-01 9.571659e+05 7.618302e+01 -3.467143e-02 1.986524e-01 1.723766e-04 9.893894e-03
3.603122e-01 1.622192e+00 3.674772e+02 9.739627e-01 9.329616e+05 7.424005e+01 1.803851e-02 1.714774e-01 1.673698e-04 1.008165e-02
3.701226e-01 1.599310e+00 3.577740e+02 9.670132e-01 9.196450e+05 7.317817e+01 1.329303e-03 1.859379e-01 1.692772e-04 1.017570e-02
3.802002e-01 1.578009e+00 3.481958e+02 9.968431e-01 9.494201e+05 7.554958e+01 4.807484e-02 1.451342e-01 1.802444e-04 1.081800e-02
3.905521e-01 1.554503e+00 3.389949e+02 9.944326e-01 9.532943e+05 7.585134e+01 6.096363e-04 1.309812e-01 1.794100e-04 1.112390e-02
4.011859e-01 1.534868e+00 3.299732e+02 9.680209e-01 9.047238e+05 7.193230e+01 -1.765990e-02 2.036703e-01 1.845360e-04 1.092422e-02
4.121092e-01 1.514160e+00 3.211574e+02 9.868026e-01 9.252542e+05 7.358498e+01 9.935141e-03 1.704956e-01 1.822710e-04 1.151001e-02
4.233299e-01 1.489423e+00 3.126586e+02 9.990857e-01 9.510241e+05 7.568645e+01 -1.581031e-02 1.532677e-01 1.860857e-04 1.208210e-02
4.348561e-01 1.467829e+00 3.044951e+02 1.004336e+00 9.557108e+05 7.600222e+01 -3.131610e-02 1.416011e-01 1.862049e-04 1.251709e-02
4.466962e-01 1.445173e+00 2.963362e+02 9.973632e-01 9.305561e+05 7.403506e+01 4.017353e-04 1.024398e-01 2.026558e-04 1.261544e-02
4.588586e-01 1.423500e+00 2.884926e+02 9.887441e-01 9.396378e+05 7.479009e+01 -2.751625e-02 1.121222e-01 2.015829e-04 1.301241e-02
4.713522e-01 1.405289e+00 2.809240e+02 1.005373e+00 9.586286e+05 7.629506e+01 -1.560968e-02 1.091805e-01 2.082586e-04 1.378596e-02
4.841860e-01 1.387501e+00 2.735497e+02 1.007314e+00 9.620987e+05 7.658345e+01 1.256168e-02 1.261073e-01 2.148151e-04 1.424873e-02
4.973692e-01 1.368120e+00 2.663338e+02 9.950213e-01 9.411752e+05 7.498999e+01 -5.197346e-03 1.239876e-01 2.163649e-04 1.425660e-02
5.109113e-01 1.350777e+00 2.592883e+02 1.000944e+00 9.421798e+05 7.494352e+01 -3.123283e-02 1.364919e-01 2.206564e-04 1.469493e-02
5.248222e-01 1.333377e+00 2.524172e+02 9.925071e-01 9.278938e+05 7.384789e+01 -2.790380e-02 1.271050e-01 2.273321e-04 1.481676e-02
5.391118e-01 1.314667e+00 2.457408e+02 1.003326e+00 9.541994e+05 7.592773e+01 -2.715969e-02 9.633374e-02 2.349615e-04 1.551998e-02
5.537905e-01 1.296328e+00 2.393122e+02 1.001144e+00 9.554793e+05 7.606238e+01 -4.032856e-02 1.160302e-01 2.411604e-04 1.597035e-02
5.688689e-01 1.279242e+00 2.329976e+02 9.929087e-01 9.434815e+05 7.509949e+01 -2.819896e-02 1.048006e-01 2.434254e-04 1.629519e-02
5.843578e-01 1.263810e+00 2.268688e+02 1.016953e+00 9.443925e+05 7.514947e+01 -3.841752e-02 7.445443e-02 2.565384e-04 1.660812e-02
6.002684e-01 1.247579e+00 2.208179e+02 1.008313e+00 9.363551e+05 7.451125e+01 -3.643501e-02 1.060928e-01 2.613068e-04 1.702595e-02
6.166123e-01 1.225957e+00 2.148565e+02 1.007764e+00 9.170648e+05 7.296873e+01 -3.231478e-02 9.231949e-02 2.752542e-04 1.725423e-02
6.334012e-01 1.209298e+00 2.091871e+02 1.006291e+00 9.040097e+05 7.194918e+01 -3.142297e-02 1.380067e-01 2.812147e-04 1.749003e-02
6.506472e-01 1.197782e+00 2.036433e+02 9.938542e-01 8.976495e+05 7.143002e+01 -1.694793e-02 7.781613e-02 2.707243e-04 1.763570e-02
6.683627e-01 1.179188e+00 1.982696e+02 9.857183e-01 9.030739e+05 7.187947e+01 -2.595663e-02 8.883524e-02 2.883673e-04 1.816833e-02
6.865606e-01 1.164407e+00 1.930121e+02 1.022382e+00 9.318117e+05 7.413756e+01 -5.345422e-02 1.115836e-01 2.858639e-04 1.933908e-02
7.052540e-01 1.149624e+00 1.879898e+02 1.005000e+00 9.039459e+05 7.194408e+01 1.018405e-03 8.451819e-02 2.855062e-04 1.920760e-02
7.244563e-01 1.136652e+00 1.829824e+02 1.017017e+00 9.112852e+05 7.252755e+01 -2.560681e-02 7.329714e-02 2.952814e-04 2.000833e-02
7.441815e-01 1.123392e+00 1.781298e+02 1.003406e+00 9.022369e+05 7.181294e+01 -2.712280e-02 7.922828e-02 3.007650e-04 2.016962e-02
7.644438e-01 1.104450e+00 1.733977e+02 1.010994e+00 8.967442e+05 7.135553e+01 -2.614683e-02 4.724622e-02 3.087521e-04 2.086043e-02
7.852577e-01 1.092966e+00 1.688364e+02 1.007679e+00 9.082739e+05 7.226558e+01 -5.383551e-03 9.003043e-02 3.236532e-04 2.152097e-02
8.066384e-01 1.077917e+00 1.643236e+02 9.953787e-01 8.868399e+05 7.055625e+01 1.451612e-03 7.711923e-02 3.303289e-04 2.160037e-02
8.286012e-01 1.066726e+00 1.599583e+02 1.016997e+00 8.992654e+05 7.158981e+01 -2.591527e-02 6.238258e-02 3.455877e-04 2.221298e-02
8.511620e-01 1.050801e+00 1.557429e+02 1.008048e+00 9.056447e+05 7.207745e+01 -2.218038e-02 6.563914e-02 3.471375e-04 2.276826e-02
8.743371e-01 1.036065e+00 1.516328e+02 9.970461e-01 8.768282e+05 6.977417e+01 -2.517986e-02 4.998517e-02 3.485680e-04 2.294743e-02
8.981432e-01 1.024903e+00 1.476380e+02 1.011202e+00 8.940658e+05 7.117664e+01 -1.889354e-02 6.349897e-02 3.665686e-04 2.400708e-02
9.225974e-01 1.012756e+00 1.437736e+02 1.007365e+00 8.869112e+05 7.057313e+01 -4.426277e-02 7.238185e-02 3.800392e-04 2.445781e-02
9.477175e-01 1.000244e+00 1.399431e+02 1.009628e+00 8.906444e+05 7.085896e+01 -4.193050e-02 4.451334e-02 3.931522e-04 2.515030e-02
9.735215e-01 9.881930e-01 1.362923e+02 1.017917e+00 9.004965e+05 7.164615e+01 -2.155745e-02 5.290365e-02 3.949404e-04 2.603900e-02
