#./overdamped_3d_new_pot_2 --dev=0 --amp=40.0 --omega=1.0 --force=0 --Dg=0.01 --block=256 --paths=65536 --periods=1000 --trans=100 --samples=100 --spp=1000 --algorithm=euler --pav=1 --mode=moments --domain=1d --domainx=l:-2:4:200:1 --domainy=a:0:10:100:0 --domainz=D:-6:-1:100:1 --q=2 --eps=0 --phi=1.57079632679 --lambda=30.0 --zeta=0 --comp=0 --mean=1.0 --second=3.14 --skew=0.99 --distribution=s>> new_pot_2_l:-2:4:200:1_40.0_1.0_s.dat
#l <<v>> qnu(q) mu_q Dx Gx EBx
1.000000e-02 1.007618e+00 1.015168e+00 6.422656e+05 5.121320e+01 -1.679236e-02 1.818109e-02
1.071519e-02 1.011755e+00 1.010848e+00 6.022449e+05 4.808771e+01 1.343679e-02 1.694119e-02
1.148153e-02 1.013920e+00 1.003042e+00 5.589991e+05 4.458471e+01 -3.822207e-03 1.560724e-02
1.230269e-02 1.011846e+00 1.011495e+00 5.305859e+05 4.230338e+01 1.827502e-02 1.486719e-02
1.318256e-02 1.004659e+00 1.010209e+00 4.906090e+05 3.911042e+01 -1.653075e-03 1.412928e-02
1.412537e-02 1.002383e+00 1.005581e+00 4.494113e+05 3.579395e+01 7.873297e-03 1.298201e-02
1.513561e-02 1.009199e+00 1.004422e+00 4.271853e+05 3.407253e+01 7.592916e-03 1.228857e-02
1.621809e-02 1.023620e+00 1.013959e+00 4.118561e+05 3.284480e+01 8.958101e-03 1.152086e-02
1.737800e-02 1.004571e+00 1.013685e+00 3.736595e+05 2.978553e+01 1.654553e-02 1.088631e-02
1.862086e-02 1.013937e+00 1.001192e+00 3.497852e+05 2.784670e+01 -1.270574e-02 1.009083e-02
1.995261e-02 1.015702e+00 1.013439e+00 3.260062e+05 2.599319e+01 -7.183492e-03 9.368658e-03
2.137960e-02 1.008616e+00 1.021307e+00 3.054810e+05 2.435707e+01 1.162565e-02 8.987665e-03
2.290866e-02 1.018866e+00 1.018773e+00 2.899860e+05 2.309975e+01 -2.857417e-02 8.258581e-03
2.454707e-02 1.012279e+00 1.016015e+00 2.648898e+05 2.106447e+01 -2.086955e-02 7.792473e-03
2.630266e-02 1.013510e+00 1.003849e+00 2.430353e+05 1.934560e+01 -1.517475e-03 7.125974e-03
2.818380e-02 1.034046e+00 1.016943e+00 2.415690e+05 1.920873e+01 -1.552254e-02 6.800532e-03
3.019948e-02 1.006468e+00 1.017188e+00 2.162915e+05 1.726003e+01 9.961724e-03 6.520629e-03
3.235933e-02 1.031515e+00 9.974322e-01 2.037491e+05 1.621470e+01 -3.727674e-04 5.779743e-03
3.467364e-02 1.032348e+00 1.020438e+00 2.003976e+05 1.596038e+01 -1.470053e-02 5.803943e-03
3.715347e-02 1.009023e+00 1.008066e+00 1.748041e+05 1.393179e+01 -3.760266e-02 5.426645e-03
3.981066e-02 1.027765e+00 1.008558e+00 1.684838e+05 1.345178e+01 -4.747683e-02 4.947782e-03
4.265789e-02 1.069532e+00 1.001100e+00 1.690303e+05 1.346419e+01 -3.975922e-02 4.590034e-03
4.570875e-02 1.024534e+00 1.019551e+00 1.510500e+05 1.200092e+01 -7.068592e-02 4.656672e-03
4.897781e-02 1.009395e+00 1.007893e+00 1.334496e+05 1.058380e+01 -3.688228e-02 4.278541e-03
5.248066e-02 1.029838e+00 1.014821e+00 1.298146e+05 1.032343e+01 -3.215206e-02 3.949761e-03
5.623404e-02 1.076960e+00 1.018944e+00 1.341616e+05 1.078911e+01 -3.137821e-02 3.681183e-03
6.025586e-02 1.070376e+00 1.022156e+00 1.242697e+05 9.952276e+00 -3.812605e-02 3.593087e-03
6.456531e-02 1.031523e+00 1.019081e+00 1.110700e+05 8.799677e+00 -4.672217e-02 3.599524e-03
6.918297e-02 1.014650e+00 9.947441e-01 9.710217e+04 7.680499e+00 1.421249e-02 3.326297e-03
7.413089e-02 1.022508e+00 1.000136e+00 9.033495e+04 7.115817e+00 1.676881e-02 3.048420e-03
7.943267e-02 1.051766e+00 9.936466e-01 8.872676e+04 7.055338e+00 -1.002640e-02 2.833128e-03
8.511363e-02 1.099746e+00 1.002634e+00 8.913156e+04 7.242186e+00 7.840276e-03 2.578974e-03
9.120089e-02 1.149593e+00 1.000039e+00 9.134383e+04 7.276564e+00 1.835823e-05 2.414703e-03
9.772351e-02 1.106842e+00 9.934399e-01 8.376908e+04 6.856395e+00 -7.390559e-03 2.499580e-03
1.047126e-01 1.068301e+00 1.015569e+00 7.779691e+04 6.257972e+00 1.091588e-02 2.638459e-03
1.122016e-01 1.041004e+00 9.995586e-01 6.875323e+04 5.455513e+00 6.656408e-03 2.620935e-03
1.202262e-01 1.027625e+00 9.941294e-01 6.252400e+04 4.881600e+00 2.735996e-02 2.547503e-03
1.288246e-01 1.026557e+00 9.971783e-01 5.857653e+04 4.567110e+00 3.192735e-02 2.520561e-03
1.380381e-01 1.039886e+00 9.938825e-01 5.489158e+04 4.370713e+00 1.509845e-02 2.337217e-03
1.479105e-01 1.066209e+00 1.004915e+00 5.390366e+04 4.352569e+00 4.227686e-02 2.178431e-03
1.584889e-01 1.103816e+00 1.003484e+00 5.258178e+04 4.400634e+00 4.847693e-02 1.980662e-03
1.698239e-01 1.152279e+00 1.004953e+00 5.266731e+04 4.187366e+00 1.249778e-02 1.814127e-03
1.819696e-01 1.210238e+00 1.000011e+00 5.313004e+04 4.056541e+00 -1.173550e-02 1.628280e-03
1.949839e-01 1.275296e+00 9.973192e-01 5.450569e+04 4.168586e+00 7.029176e-03 1.522422e-03
2.089290e-01 1.341528e+00 9.861134e-01 5.458682e+04 4.303549e+00 -1.075667e-02 1.360655e-03
2.238715e-01 1.331413e+00 9.981933e-01 5.446816e+04 4.241161e+00 -3.069925e-02 1.372933e-03
2.398826e-01 1.297572e+00 9.987555e-01 5.269975e+04 4.043490e+00 -3.505474e-02 1.356244e-03
2.570388e-01 1.265915e+00 1.006855e+00 5.214887e+04 3.868738e+00 -2.744555e-02 1.366496e-03
2.754220e-01 1.235990e+00 1.020128e+00 5.079371e+04 3.827358e+00 -7.897913e-03 1.390219e-03
2.951200e-01 1.208542e+00 1.002234e+00 4.902060e+04 3.710856e+00 -1.558876e-02 1.352906e-03
3.162267e-01 1.184517e+00 9.959100e-01 4.742266e+04 3.648149e+00 1.407456e-02 1.388669e-03
3.388430e-01 1.163771e+00 9.989625e-01 4.654156e+04 3.681254e+00 4.256916e-02 1.396894e-03
3.630769e-01 1.145900e+00 1.013646e+00 4.628462e+04 3.757966e+00 4.701817e-02 1.439333e-03
3.890439e-01 1.131571e+00 9.995216e-01 4.445766e+04 3.702899e+00 -6.518543e-03 1.411796e-03
4.168680e-01 1.120500e+00 1.022162e+00 4.546190e+04 3.873513e+00 1.010239e-02 1.449585e-03
4.466821e-01 1.112326e+00 1.011473e+00 4.382061e+04 3.715631e+00 -5.336821e-03 1.424313e-03
4.786285e-01 1.107424e+00 1.016349e+00 4.486438e+04 3.794254e+00 -5.098701e-03 1.441360e-03
5.128597e-01 1.105962e+00 1.012820e+00 4.394271e+04 3.808578e+00 -4.131317e-03 1.411557e-03
5.495391e-01 1.108481e+00 9.908665e-01 4.265557e+04 3.644330e+00 -2.720547e-02 1.344323e-03
5.888417e-01 1.114225e+00 1.001405e+00 4.310747e+04 3.608679e+00 -2.941561e-02 1.343250e-03
6.309553e-01 1.123035e+00 1.000257e+00 4.436610e+04 3.717859e+00 1.169920e-02 1.389265e-03
6.760808e-01 1.134796e+00 9.909487e-01 4.376814e+04 3.642738e+00 7.963657e-03 1.337647e-03
7.244336e-01 1.149864e+00 1.004798e+00 4.492895e+04 3.635417e+00 -1.739359e-02 1.326799e-03
7.762446e-01 1.169225e+00 9.880038e-01 4.474855e+04 3.545654e+00 -3.034323e-02 1.292109e-03
8.317611e-01 1.192119e+00 9.863296e-01 4.563377e+04 3.516687e+00 -5.157810e-02 1.253366e-03
8.912480e-01 1.218002e+00 9.877183e-01 4.715543e+04 3.608997e+00 -2.032256e-02 1.220822e-03
9.549895e-01 1.247106e+00 9.985638e-01 4.846150e+04 3.562206e+00 -2.636331e-02 1.201868e-03
1.023290e+00 1.280189e+00 9.962872e-01 4.917919e+04 3.757648e+00 -1.906466e-02 1.179934e-03
1.096475e+00 1.317107e+00 1.002743e+00 5.066013e+04 3.901206e+00 -1.100171e-02 1.165628e-03
1.174894e+00 1.357465e+00 9.992794e-01 5.183340e+04 4.027893e+00 -1.391709e-02 1.102448e-03
1.258921e+00 1.402618e+00 1.009613e+00 5.377575e+04 4.285724e+00 -1.405400e-02 1.080990e-03
1.348958e+00 1.451817e+00 1.005420e+00 5.532501e+04 4.457612e+00 -2.770525e-02 1.050591e-03
1.445435e+00 1.505585e+00 1.012919e+00 5.878210e+04 4.747273e+00 -3.349590e-02 1.040936e-03
1.548812e+00 1.563797e+00 1.011513e+00 6.075757e+04 5.036299e+00 -2.911896e-02 1.013756e-03
1.659582e+00 1.626313e+00 1.008287e+00 6.239479e+04 5.837166e+00 -3.022534e-02 9.615421e-04
1.778274e+00 1.693403e+00 1.015946e+00 6.513346e+04 5.891916e+00 -7.605970e-03 9.441376e-04
1.905454e+00 1.766275e+00 1.012720e+00 6.744717e+04 5.591431e+00 -5.106688e-03 9.045601e-04
2.041731e+00 1.843419e+00 1.011552e+00 7.109622e+04 5.737217e+00 3.787160e-03 8.980036e-04
2.187754e+00 1.926403e+00 1.004491e+00 7.481556e+04 5.827617e+00 -3.419447e-02 8.698702e-04
2.344221e+00 2.014521e+00 1.012446e+00 7.824965e+04 6.353465e+00 -4.141062e-02 8.538961e-04
2.511878e+00 2.109408e+00 1.016809e+00 8.319523e+04 6.688327e+00 -2.321547e-02 8.338690e-04
2.691526e+00 2.210232e+00 1.025422e+00 8.745443e+04 6.751989e+00 -1.998192e-02 7.880926e-04
2.884022e+00 2.316547e+00 9.914914e-01 8.874470e+04 7.030828e+00 7.085800e-03 7.492304e-04
3.090285e+00 2.430274e+00 9.937822e-01 9.282116e+04 7.988305e+00 -1.771116e-02 7.027388e-04
3.311300e+00 2.549477e+00 9.867227e-01 9.621087e+04 7.759121e+00 2.190590e-03 6.706715e-04
3.548122e+00 2.675309e+00 9.877794e-01 9.979800e+04 7.369510e+00 3.490329e-03 6.500483e-04
3.801881e+00 2.808476e+00 9.828006e-01 1.033051e+05 7.848248e+00 3.079879e-02 6.196499e-04
4.073788e+00 2.948778e+00 9.920916e-01 1.111252e+05 9.251358e+00 3.504598e-02 6.231070e-04
4.365143e+00 3.096427e+00 9.916136e-01 1.182083e+05 9.192789e+00 3.156388e-02 5.983114e-04
4.677334e+00 3.250411e+00 9.884524e-01 1.207846e+05 1.101607e+01 -1.193500e-02 5.648136e-04
5.011854e+00 3.409855e+00 9.979322e-01 1.280588e+05 1.147953e+01 7.365942e-03 5.412102e-04
5.370297e+00 3.577564e+00 9.844627e-01 1.308851e+05 1.000766e+01 -2.242893e-02 5.356073e-04
5.754377e+00 3.749692e+00 9.949949e-01 1.398944e+05 1.125544e+01 6.286860e-03 4.870892e-04
6.165926e+00 3.928723e+00 1.002015e+00 1.497782e+05 1.179529e+01 1.766753e-02 4.847050e-04
6.606908e+00 4.113762e+00 1.000520e+00 1.562794e+05 1.151009e+01 2.944708e-03 4.475117e-04
7.079429e+00 4.302414e+00 9.979439e-01 1.630244e+05 1.348615e+01 -2.104640e-03 4.380941e-04
7.585744e+00 4.494968e+00 9.908789e-01 1.714403e+05 1.261526e+01 -1.399368e-02 4.225969e-04
8.128271e+00 4.690061e+00 9.879033e-01 1.799910e+05 1.389868e+01 -1.908094e-02 4.154444e-04
8.709599e+00 4.885790e+00 9.950740e-01 1.904535e+05 1.506497e+01 -9.326100e-03 4.037619e-04
9.332502e+00 5.083455e+00 9.943967e-01 2.001960e+05 1.610393e+01 -7.289052e-03 3.873110e-04
9.999956e+00 5.281180e+00 9.816574e-01 2.063166e+05 1.703085e+01 -1.216877e-02 3.513098e-04
1.071515e+01 5.474422e+00 9.939331e-01 2.239018e+05 1.724475e+01 -2.403617e-03 3.652573e-04
1.148148e+01 5.664296e+00 9.824731e-01 2.302448e+05 1.809019e+01 -8.727491e-03 3.465414e-04
1.230263e+01 5.846597e+00 9.660484e-01 2.325256e+05 1.794758e+01 1.834202e-02 3.299713e-04
1.318251e+01 6.022262e+00 9.677808e-01 2.451245e+05 1.990328e+01 -5.805790e-03 3.160238e-04
1.412531e+01 6.187314e+00 9.736147e-01 2.634168e+05 1.953659e+01 -2.002007e-02 2.961159e-04
1.513554e+01 6.339227e+00 9.595261e-01 2.757454e+05 2.111540e+01 -2.109480e-02 2.855062e-04
1.621802e+01 6.476914e+00 9.656109e-01 2.942908e+05 2.279608e+01 -1.346922e-02 2.859831e-04
1.737792e+01 6.597222e+00 9.631671e-01 3.212229e+05 2.218493e+01 4.387021e-03 2.834797e-04
1.862078e+01 6.695587e+00 9.808000e-01 3.520003e+05 2.513884e+01 -1.132023e-02 2.731085e-04
1.995252e+01 6.780585e+00 9.808656e-01 3.785058e+05 2.682970e+01 5.115271e-04 2.686977e-04
2.137951e+01 6.840575e+00 9.958135e-01 4.129596e+05 3.393947e+01 -2.333248e-02 2.794266e-04
2.290856e+01 6.880240e+00 1.001389e+00 4.472707e+05 3.500900e+01 -3.106314e-02 2.554655e-04
2.454696e+01 6.891747e+00 9.967560e-01 4.686448e+05 3.587480e+01 -3.744006e-02 2.522469e-04
2.630254e+01 6.881531e+00 9.821312e-01 5.004868e+05 3.865555e+01 -9.203792e-03 2.597570e-04
2.818368e+01 6.847527e+00 9.970986e-01 5.348802e+05 4.429855e+01 1.674306e-02 2.545118e-04
3.019935e+01 6.791007e+00 1.003624e+00 5.980974e+05 4.702837e+01 -5.702674e-03 2.515316e-04
3.235919e+01 6.711571e+00 9.982195e-01 6.420541e+05 5.082772e+01 -3.776550e-04 2.650023e-04
3.467349e+01 6.611269e+00 9.969906e-01 6.750591e+05 5.193798e+01 -5.245626e-02 2.564192e-04
3.715331e+01 6.490998e+00 9.964147e-01 7.303622e+05 5.873199e+01 -5.061984e-02 2.520084e-04
3.981049e+01 6.353964e+00 9.924077e-01 7.809400e+05 6.157386e+01 -4.602790e-03 2.605915e-04
4.265771e+01 6.203605e+00 9.786304e-01 8.405501e+05 6.599455e+01 -1.866007e-02 2.391338e-04
4.570855e+01 6.033762e+00 9.949874e-01 9.091264e+05 7.204498e+01 -7.675052e-03 2.408028e-04
4.897759e+01 5.855958e+00 1.013875e+00 9.902728e+05 7.931773e+01 9.094000e-03 2.516508e-04
5.248043e+01 5.666327e+00 1.004516e+00 1.043889e+06 8.428845e+01 2.213240e-02 2.399683e-04
5.623379e+01 5.469615e+00 9.889763e-01 1.113963e+06 8.726274e+01 8.425832e-03 2.459288e-04
6.025559e+01 5.271097e+00 9.907822e-01 1.203638e+06 9.623653e+01 -3.133172e-02 2.501011e-04
6.456503e+01 5.066901e+00 9.911581e-01 1.278768e+06 1.015790e+02 -5.652589e-02 2.174377e-04
6.918266e+01 4.860151e+00 1.004060e+00 1.389452e+06 1.117548e+02 -4.007781e-02 2.353191e-04
7.413055e+01 4.658105e+00 9.962533e-01 1.479909e+06 1.179529e+02 -1.656365e-02 2.328157e-04
7.943232e+01 4.451237e+00 9.825956e-01 1.519535e+06 1.206776e+02 -9.956777e-03 2.261400e-04
8.511326e+01 4.253173e+00 9.690670e-01 1.594070e+06 1.274156e+02 -2.797490e-02 2.398491e-04
9.120049e+01 4.056220e+00 1.004505e+00 1.798686e+06 1.431376e+02 2.752769e-02 2.545118e-04
9.772308e+01 3.866325e+00 1.004645e+00 1.885524e+06 1.496922e+02 1.591969e-02 2.392530e-04
1.047122e+02 3.677712e+00 9.812133e-01 2.005251e+06 1.598985e+02 1.605928e-02 2.384186e-04
1.122011e+02 3.509067e+00 9.752035e-01 2.121702e+06 1.685387e+02 4.058063e-02 2.403259e-04
1.202256e+02 3.337014e+00 9.894601e-01 2.342426e+06 1.863131e+02 4.739559e-02 2.343655e-04
1.288241e+02 3.176511e+00 1.006599e+00 2.618669e+06 2.085414e+02 8.856046e-02 2.206564e-04
1.380375e+02 3.016709e+00 9.779753e-01 2.712805e+06 2.159491e+02 1.810670e-02 2.243519e-04
1.479098e+02 2.855150e+00 9.686607e-01 2.767344e+06 2.201457e+02 -3.639579e-02 2.365112e-04
1.584882e+02 2.715830e+00 9.952894e-01 3.122650e+06 2.484905e+02 1.840043e-02 2.273321e-04
1.698232e+02 2.575672e+00 9.747593e-01 3.185043e+06 2.535669e+02 4.390955e-02 2.235174e-04
1.819688e+02 2.468835e+00 9.771001e-01 3.519055e+06 2.801509e+02 5.536354e-02 2.208948e-04
1.949830e+02 2.344790e+00 9.636770e-01 3.642518e+06 2.897448e+02 -4.711270e-03 2.222061e-04
2.089281e+02 2.239980e+00 9.773916e-01 4.031928e+06 3.210703e+02 -4.099751e-02 2.324581e-04
2.238705e+02 2.121347e+00 9.833570e-01 4.294068e+06 3.416025e+02 -3.194720e-02 2.195835e-04
2.398815e+02 2.023768e+00 9.607596e-01 4.441559e+06 3.536104e+02 -1.159292e-02 2.404451e-04
2.570377e+02 1.919844e+00 1.005900e+00 5.292028e+06 4.213570e+02 -4.375136e-02 2.341270e-04
2.754208e+02 1.842706e+00 9.980621e-01 5.423081e+06 4.315263e+02 -2.403730e-02 2.099276e-04
2.951187e+02 1.746488e+00 1.006746e+00 5.848793e+06 4.653741e+02 -2.177823e-02 2.299547e-04
3.162253e+02 1.676027e+00 1.028286e+00 6.721900e+06 5.350477e+02 -1.019633e-02 2.051592e-04
3.388415e+02 1.614454e+00 1.036626e+00 7.203242e+06 5.731176e+02 5.195105e-02 2.288818e-04
3.630752e+02 1.535585e+00 1.004272e+00 7.115820e+06 5.662656e+02 -5.971885e-02 2.548695e-04
3.890421e+02 1.473412e+00 1.002174e+00 7.627902e+06 6.071475e+02 -9.002322e-02 2.329350e-04
4.168661e+02 1.418257e+00 1.026091e+00 8.649811e+06 6.883591e+02 -6.032157e-02 2.125502e-04
4.466800e+02 1.376192e+00 1.059566e+00 9.338894e+06 7.432415e+02 1.149929e-02 2.139807e-04
4.786262e+02 1.329836e+00 1.001517e+00 9.192345e+06 7.314328e+02 -3.312451e-02 2.006292e-04
5.128572e+02 1.299921e+00 9.821044e-01 9.785818e+06 7.787499e+02 9.518504e-03 2.216101e-04
5.495364e+02 1.250905e+00 1.044416e+00 1.210816e+07 9.635128e+02 -2.534896e-02 2.248287e-04
5.888388e+02 1.173057e+00 9.801348e-01 1.121977e+07 8.928738e+02 -7.841504e-02 2.228022e-04
6.309521e+02 1.146939e+00 1.037630e+00 1.330962e+07 1.059119e+03 3.730023e-02 2.040863e-04
6.760773e+02 1.127108e+00 1.010822e+00 1.403274e+07 1.116695e+03 -6.959897e-02 2.256632e-04
7.244298e+02 1.082339e+00 1.040250e+00 1.655288e+07 1.317203e+03 -3.680199e-02 2.303123e-04
7.762405e+02 1.096998e+00 9.673449e-01 1.391803e+07 1.107518e+03 -3.080308e-03 2.231598e-04
8.317566e+02 1.066970e+00 1.011918e+00 1.771916e+07 1.410093e+03 -9.634149e-02 2.208948e-04
8.912432e+02 1.064334e+00 9.861441e-01 1.769930e+07 1.408496e+03 -7.494032e-02 2.096891e-04
9.549843e+02 1.056778e+00 1.078817e+00 2.132724e+07 1.697182e+03 -2.298343e-02 2.169609e-04
1.023284e+03 9.901096e-01 1.042569e+00 2.115528e+07 1.683478e+03 4.551649e-02 2.056360e-04
1.096469e+03 9.816268e-01 1.032906e+00 2.297897e+07 1.828585e+03 -9.996390e-02 2.316236e-04
1.174887e+03 9.885126e-01 1.080459e+00 2.667144e+07 2.122448e+03 5.193830e-03 2.187490e-04
1.258914e+03 1.071613e+00 1.077102e+00 2.707110e+07 2.154235e+03 -7.377547e-02 2.381802e-04
1.348951e+03 9.094889e-01 1.086050e+00 2.986498e+07 2.376585e+03 -1.141049e-01 2.266169e-04
1.445427e+03 9.723423e-01 1.063334e+00 3.097572e+07 2.464924e+03 -7.238597e-02 1.952648e-04
1.548802e+03 1.026376e+00 9.653788e-01 2.644298e+07 2.104244e+03 8.300841e-02 2.492666e-04
1.659572e+03 9.934669e-01 1.113215e+00 3.997036e+07 3.180722e+03 -9.806120e-02 2.319813e-04
1.778263e+03 9.823727e-01 1.052812e+00 4.219909e+07 3.358104e+03 -1.275176e-01 2.161264e-04
1.905443e+03 9.779413e-01 1.065181e+00 4.039250e+07 3.214249e+03 -8.403760e-02 1.899004e-04
2.041719e+03 9.687549e-01 1.067439e+00 4.198348e+07 3.340946e+03 -1.443129e-01 2.334118e-04
2.187741e+03 9.762961e-01 1.010714e+00 4.167827e+07 3.316690e+03 -1.259817e-01 2.316236e-04
2.344206e+03 9.585226e-01 1.073730e+00 4.931878e+07 3.924665e+03 -3.099060e-02 2.012253e-04
2.511862e+03 1.043844e+00 1.107795e+00 6.195454e+07 4.930116e+03 1.487565e-02 2.086163e-04
2.691509e+03 9.876611e-01 1.002183e+00 5.109950e+07 4.066305e+03 -8.289999e-02 2.233982e-04
2.884003e+03 1.005903e+00 1.005097e+00 5.687536e+07 4.525974e+03 -9.982401e-02 2.311468e-04
3.090265e+03 1.139076e+00 1.168855e+00 7.778866e+07 6.190204e+03 -1.545846e-02 2.185106e-04
3.311278e+03 8.260816e-01 1.011107e+00 6.741342e+07 5.364563e+03 -6.306797e-02 2.365112e-04
3.548098e+03 1.148652e+00 1.126459e+00 9.303885e+07 7.403812e+03 5.208766e-02 2.430677e-04
3.801856e+03 9.730445e-01 1.141611e+00 9.156574e+07 7.286711e+03 1.323628e-02 2.402067e-04
4.073761e+03 7.253837e-01 1.036913e+00 8.378111e+07 6.667078e+03 -2.393407e-02 2.443790e-04
4.365114e+03 9.525927e-01 1.146556e+00 1.111944e+08 8.848566e+03 4.573810e-02 2.045631e-04
4.677303e+03 8.024876e-01 9.354966e-01 9.053115e+07 7.204232e+03 1.028240e-02 2.180338e-04
5.011821e+03 9.747813e-01 9.591375e-01 1.053159e+08 8.380719e+03 -4.899466e-02 1.924038e-04
5.370262e+03 7.778280e-01 9.574463e-01 9.126106e+07 7.262354e+03 -2.209278e-01 1.922846e-04
5.754339e+03 1.058144e+00 9.542770e-01 1.183278e+08 9.416160e+03 8.114624e-02 2.095699e-04
6.165885e+03 9.985220e-01 1.054245e+00 1.422004e+08 1.131595e+04 -9.974182e-02 1.879930e-04
6.606865e+03 1.090413e+00 9.404548e-01 1.261680e+08 1.004019e+04 5.374670e-03 2.138615e-04
7.079382e+03 9.124997e-01 1.059722e+00 1.674096e+08 1.332200e+04 -9.740782e-02 2.266169e-04
7.585694e+03 1.376282e+00 8.878214e-01 1.668183e+08 1.327506e+04 -1.779526e-01 2.073050e-04
8.128217e+03 9.697848e-01 9.891797e-01 1.853258e+08 1.474767e+04 3.069580e-02 2.075434e-04
8.709541e+03 3.194588e-01 1.105241e+00 2.160450e+08 1.719221e+04 -2.906475e-01 2.112389e-04
9.332441e+03 9.131390e-01 1.051931e+00 1.985347e+08 1.579899e+04 -6.973237e-02 2.167225e-04
