#./overdamped_3d_new_pot_2 --dev=1 --amp=40.0 --omega=1.0 --force=0 --Dg=0.01 --block=256 --paths=65536 --periods=1000 --trans=100 --samples=100 --spp=1000 --algorithm=euler --pav=1 --mode=moments --domain=1d --domainx=l:-2:3:200:1 --domainy=a:0:10:100:0 --domainz=D:-6:-1:100:1 --q=2 --eps=0 --phi=1.57079632679 --lambda=30.0 --zeta=0 --comp=0 --mean=1.0 --second=3.14 --skew=0.0 --distribution=s>> new_pot_2_l:-2:3:200:1_30.0_40.0_1.0_s_3.14_0.0.dat
#l <<v>> qnu(q) mu_q Dx Gx EBx
1.000000e-02 1.004880e+00 1.004584e+00 6.294906e+05 5.017964e+01 -8.816540e-03 1.788878e-02
1.059254e-02 1.002842e+00 1.010886e+00 5.997330e+05 4.786489e+01 -1.824677e-03 1.714277e-02
1.122018e-02 1.003895e+00 1.006556e+00 5.668236e+05 4.520191e+01 -9.366453e-03 1.614940e-02
1.188502e-02 1.008913e+00 1.012800e+00 5.418459e+05 4.316059e+01 5.592942e-03 1.535463e-02
1.258925e-02 1.014259e+00 1.006142e+00 5.169286e+05 4.123354e+01 1.810908e-03 1.448560e-02
1.333521e-02 1.007709e+00 1.006470e+00 4.827186e+05 3.851804e+01 -1.857352e-02 1.382756e-02
1.412537e-02 1.004893e+00 1.009512e+00 4.545186e+05 3.621571e+01 -1.447201e-03 1.310170e-02
1.496235e-02 1.017208e+00 1.005762e+00 4.369631e+05 3.477822e+01 -1.090902e-02 1.227582e-02
1.584893e-02 1.005898e+00 1.014091e+00 4.103021e+05 3.266687e+01 -5.357027e-03 1.183093e-02
1.678803e-02 1.016934e+00 1.005876e+00 3.915264e+05 3.116286e+01 1.057506e-03 1.109231e-02
1.778278e-02 1.010489e+00 1.000212e+00 3.668506e+05 2.924440e+01 9.093642e-03 1.051450e-02
1.883648e-02 1.018124e+00 1.000437e+00 3.431723e+05 2.731640e+01 -7.070839e-03 9.772778e-03
1.995261e-02 1.010905e+00 1.014657e+00 3.260751e+05 2.598968e+01 -1.032138e-02 9.447217e-03
2.113488e-02 1.022200e+00 1.021132e+00 3.166531e+05 2.520664e+01 -7.766962e-03 9.018779e-03
2.238719e-02 1.007206e+00 1.018825e+00 2.875452e+05 2.286802e+01 2.391338e-04 8.419991e-03
2.371372e-02 1.026468e+00 1.009878e+00 2.827476e+05 2.257104e+01 -9.433210e-03 7.993340e-03
2.511884e-02 1.014894e+00 1.008755e+00 2.590973e+05 2.061057e+01 -2.305192e-02 7.552743e-03
2.660723e-02 1.013482e+00 1.007993e+00 2.391609e+05 1.908681e+01 -5.017281e-03 7.011533e-03
2.818380e-02 1.032971e+00 1.007691e+00 2.388699e+05 1.901583e+01 -1.932532e-02 6.713986e-03
2.985379e-02 1.019438e+00 1.012894e+00 2.227915e+05 1.775946e+01 -2.688885e-02 6.465793e-03
3.162274e-02 1.013578e+00 1.003351e+00 2.014152e+05 1.601258e+01 -2.632660e-02 5.977988e-03
3.349651e-02 1.034896e+00 1.007297e+00 1.992543e+05 1.588494e+01 -7.255018e-03 5.654693e-03
3.548130e-02 1.036565e+00 1.013780e+00 1.947610e+05 1.552206e+01 -3.054023e-02 5.640626e-03
3.758369e-02 1.016319e+00 1.015353e+00 1.769821e+05 1.406675e+01 -4.389757e-02 5.427122e-03
3.981066e-02 1.019478e+00 1.011099e+00 1.662457e+05 1.322768e+01 -5.178744e-02 4.989386e-03
4.216959e-02 1.042953e+00 1.001527e+00 1.626112e+05 1.297336e+01 -4.092455e-02 4.694343e-03
4.466829e-02 1.050721e+00 1.004679e+00 1.568203e+05 1.249430e+01 -5.609798e-02 4.499078e-03
4.731506e-02 1.032730e+00 1.005648e+00 1.465853e+05 1.169630e+01 -5.761993e-02 4.420161e-03
5.011865e-02 1.016553e+00 1.017158e+00 1.346087e+05 1.066625e+01 -5.486608e-02 4.260182e-03
5.308836e-02 1.024662e+00 1.018512e+00 1.281117e+05 1.017637e+01 -2.958411e-02 3.966212e-03
5.623404e-02 1.049318e+00 1.023142e+00 1.278176e+05 1.014231e+01 -1.602548e-02 3.725290e-03
5.956611e-02 1.068776e+00 1.016960e+00 1.244952e+05 9.942091e+00 -1.827067e-02 3.539562e-03
6.309562e-02 1.067059e+00 1.018464e+00 1.190190e+05 9.521604e+00 -2.180040e-02 3.507495e-03
6.683427e-02 1.049834e+00 1.016415e+00 1.095198e+05 8.709276e+00 -1.052022e-04 3.422499e-03
7.079445e-02 1.030776e+00 1.001856e+00 9.757482e+04 7.767716e+00 5.656719e-03 3.265381e-03
7.498927e-02 1.024871e+00 1.001402e+00 9.066298e+04 7.129823e+00 3.319824e-02 3.044486e-03
7.943267e-02 1.035539e+00 1.000727e+00 8.688947e+04 6.924195e+00 6.011724e-04 2.851129e-03
8.413934e-02 1.059591e+00 9.957897e-01 8.428643e+04 6.727798e+00 1.289845e-04 2.611756e-03
8.912491e-02 1.086030e+00 9.988045e-01 8.443724e+04 6.861169e+00 4.478931e-03 2.507329e-03
9.440588e-02 1.105951e+00 1.002480e+00 8.433255e+04 6.960164e+00 2.286685e-02 2.448082e-03
9.999978e-02 1.113804e+00 1.004571e+00 8.319598e+04 6.707426e+00 -1.480073e-02 2.456784e-03
1.059251e-01 1.108203e+00 1.010068e+00 8.105689e+04 6.677823e+00 2.707934e-02 2.492785e-03
1.122016e-01 1.093246e+00 9.985142e-01 7.475805e+04 6.140834e+00 1.398373e-02 2.467155e-03
1.188499e-01 1.074665e+00 1.001921e+00 6.875427e+04 5.587930e+00 2.310491e-02 2.429962e-03
1.258922e-01 1.057996e+00 1.011584e+00 6.492547e+04 5.239062e+00 2.562869e-02 2.509117e-03
1.333518e-01 1.047736e+00 1.001367e+00 5.847097e+04 4.659101e+00 3.311110e-02 2.416492e-03
1.412534e-01 1.046439e+00 1.001738e+00 5.397912e+04 4.237978e+00 2.103257e-02 2.231956e-03
1.496232e-01 1.054756e+00 1.005784e+00 5.180714e+04 4.159355e+00 3.717422e-03 2.108455e-03
1.584889e-01 1.072159e+00 1.016235e+00 5.012307e+04 4.104606e+00 6.937027e-03 1.966357e-03
1.678800e-01 1.096830e+00 1.000258e+00 4.832164e+04 4.123068e+00 2.272725e-03 1.797915e-03
1.778274e-01 1.125725e+00 9.927729e-01 4.688807e+04 3.924443e+00 -1.968813e-02 1.630187e-03
1.883644e-01 1.156518e+00 9.793942e-01 4.625240e+04 3.677116e+00 1.657879e-02 1.469016e-03
1.995257e-01 1.188358e+00 9.945121e-01 4.835687e+04 3.766561e+00 3.621459e-03 1.457691e-03
2.113483e-01 1.218019e+00 1.003483e+00 4.948955e+04 3.647195e+00 1.261079e-02 1.412988e-03
2.238715e-01 1.244475e+00 1.005090e+00 5.020982e+04 3.718496e+00 1.296592e-02 1.344442e-03
2.371367e-01 1.267000e+00 1.001809e+00 5.087268e+04 3.799983e+00 -1.940382e-02 1.304746e-03
2.511879e-01 1.285724e+00 1.015830e+00 5.201484e+04 3.950862e+00 -2.667123e-02 1.280189e-03
2.660717e-01 1.299720e+00 1.018315e+00 5.248305e+04 4.091555e+00 -9.715199e-03 1.265407e-03
2.818374e-01 1.309173e+00 1.000771e+00 5.128516e+04 3.961685e+00 -7.147789e-03 1.219273e-03
2.985373e-01 1.314940e+00 1.007317e+00 5.065841e+04 3.938766e+00 -2.192879e-02 1.183629e-03
3.162267e-01 1.318186e+00 1.002170e+00 5.089460e+04 3.967414e+00 -1.305240e-02 1.173735e-03
3.349643e-01 1.318000e+00 9.817361e-01 4.934828e+04 3.800620e+00 -4.267359e-02 1.168132e-03
3.548122e-01 1.315490e+00 9.894089e-01 5.028957e+04 3.913938e+00 -1.807946e-02 1.174808e-03
3.758362e-01 1.310494e+00 9.868974e-01 4.983137e+04 3.863645e+00 -3.481722e-02 1.165390e-03
3.981059e-01 1.305145e+00 9.914160e-01 5.009601e+04 3.830541e+00 -8.499503e-03 1.175761e-03
4.216951e-01 1.298649e+00 1.001997e+00 5.032922e+04 3.891657e+00 -1.989245e-03 1.171827e-03
4.466822e-01 1.291605e+00 9.909905e-01 4.900000e+04 3.779611e+00 -1.454365e-02 1.171112e-03
4.731497e-01 1.284732e+00 9.912197e-01 4.909357e+04 3.702262e+00 1.569152e-03 1.171470e-03
5.011857e-01 1.279469e+00 9.773481e-01 4.677313e+04 3.501727e+00 -4.643977e-03 1.109004e-03
5.308828e-01 1.273723e+00 9.794294e-01 4.729464e+04 3.581623e+00 -1.317728e-02 1.129031e-03
5.623395e-01 1.269468e+00 9.879114e-01 4.669545e+04 3.516369e+00 -1.003510e-02 1.112103e-03
5.956603e-01 1.266276e+00 9.712686e-01 4.608515e+04 3.471806e+00 -2.991050e-02 1.084328e-03
6.309554e-01 1.264284e+00 9.812275e-01 4.632577e+04 3.459710e+00 -5.379999e-02 1.096010e-03
6.683418e-01 1.263864e+00 9.860075e-01 4.697592e+04 3.576848e+00 -5.343223e-02 1.132965e-03
7.079436e-01 1.265534e+00 9.859903e-01 4.703871e+04 3.436473e+00 -2.718568e-02 1.112342e-03
7.498919e-01 1.268392e+00 9.750159e-01 4.682593e+04 3.488676e+00 -3.743881e-02 1.084328e-03
7.943258e-01 1.273002e+00 9.916896e-01 4.777436e+04 3.620138e+00 -1.922125e-02 1.108527e-03
8.413925e-01 1.279143e+00 9.975188e-01 4.824817e+04 3.659927e+00 -6.281257e-03 1.093507e-03
8.912482e-01 1.288022e+00 9.849767e-01 4.819612e+04 3.691440e+00 -1.201904e-02 1.051545e-03
9.440579e-01 1.298058e+00 9.856269e-01 4.908430e+04 3.773245e+00 -1.500827e-02 1.054287e-03
9.999969e-01 1.311006e+00 9.969864e-01 5.088033e+04 3.966141e+00 -1.312804e-02 1.063108e-03
1.059250e+00 1.325220e+00 9.957716e-01 5.190900e+04 3.990333e+00 1.057649e-02 1.045227e-03
1.122015e+00 1.341542e+00 9.925851e-01 5.214809e+04 3.974417e+00 5.777836e-03 1.050591e-03
1.188498e+00 1.359678e+00 9.900532e-01 5.356744e+04 4.190231e+00 4.367471e-03 1.016855e-03
1.258922e+00 1.380395e+00 1.006786e+00 5.565930e+04 4.371668e+00 1.542878e-02 1.016736e-03
1.333517e+00 1.402730e+00 9.928555e-01 5.619095e+04 4.437876e+00 -5.105019e-03 9.788275e-04
1.412533e+00 1.427832e+00 9.923806e-01 5.773571e+04 4.528276e+00 -9.039640e-04 9.799004e-04
1.496231e+00 1.454549e+00 9.856471e-01 5.784293e+04 4.669606e+00 -4.622579e-03 9.415150e-04
1.584888e+00 1.483433e+00 9.886307e-01 5.965480e+04 4.735814e+00 -1.578611e-02 9.100437e-04
1.678799e+00 1.514632e+00 9.756681e-01 6.041486e+04 4.817938e+00 -4.584610e-03 9.114742e-04
1.778274e+00 1.548096e+00 9.994982e-01 6.342428e+04 5.143888e+00 1.945198e-02 8.586645e-04
1.883643e+00 1.583078e+00 9.965153e-01 6.561962e+04 5.602254e+00 2.585149e-02 8.387566e-04
1.995256e+00 1.620717e+00 9.846253e-01 6.667879e+04 6.158023e+00 -1.777226e-02 7.975101e-04
2.113483e+00 1.660936e+00 9.850824e-01 6.843204e+04 6.458508e+00 -8.666515e-03 7.712841e-04
2.238714e+00 1.702869e+00 9.665633e-01 6.795473e+04 5.893826e+00 2.199006e-02 7.377863e-04
2.371367e+00 1.747708e+00 9.819906e-01 7.152747e+04 5.981679e+00 2.459800e-02 7.359982e-04
2.511879e+00 1.794769e+00 9.851726e-01 7.500702e+04 6.179031e+00 3.132498e-02 7.066727e-04
2.660717e+00 1.844359e+00 9.790035e-01 7.709347e+04 5.962581e+00 -3.306389e-03 6.744862e-04
2.818375e+00 1.896332e+00 9.784940e-01 8.008941e+04 6.386569e+00 -1.985419e-02 6.582737e-04
2.985374e+00 1.950422e+00 9.856517e-01 8.412627e+04 6.736710e+00 -6.221473e-03 6.365776e-04
3.162268e+00 2.007303e+00 9.886343e-01 8.813498e+04 6.909871e+00 -6.205320e-03 6.500483e-04
3.349645e+00 2.065897e+00 9.773398e-01 8.859239e+04 6.759628e+00 -3.203094e-03 6.172657e-04
3.548123e+00 2.127602e+00 9.723238e-01 9.303618e+04 7.354231e+00 -1.387125e-02 5.875826e-04
3.758363e+00 2.191078e+00 9.918496e-01 1.011318e+05 7.886446e+00 -2.398086e-02 5.930662e-04
3.981059e+00 2.256860e+00 9.886276e-01 1.046460e+05 8.398288e+00 -3.005487e-02 5.798340e-04
4.216952e+00 2.325293e+00 9.977435e-01 1.093603e+05 8.491234e+00 -1.987481e-02 5.403757e-04
4.466822e+00 2.395251e+00 9.936684e-01 1.146907e+05 9.313746e+00 5.731583e-03 5.249977e-04
4.731497e+00 2.467737e+00 9.994103e-01 1.228569e+05 1.043802e+01 1.017296e-02 5.095005e-04
5.011856e+00 2.541826e+00 1.009236e+00 1.292742e+05 1.011461e+01 -2.420765e-02 5.006790e-04
5.308826e+00 2.617400e+00 1.009522e+00 1.356796e+05 9.898164e+00 -1.002407e-02 4.838705e-04
5.623394e+00 2.696091e+00 1.004681e+00 1.416996e+05 1.088874e+01 1.214945e-02 4.551411e-04
5.956601e+00 2.775595e+00 1.025541e+00 1.499575e+05 1.181057e+01 -2.279294e-02 4.675388e-04
6.309551e+00 2.855862e+00 1.010484e+00 1.538404e+05 1.201938e+01 -2.582186e-02 4.554987e-04
6.683415e+00 2.937343e+00 1.005214e+00 1.605358e+05 1.291319e+01 -6.542981e-03 4.333258e-04
7.079432e+00 3.019305e+00 1.008450e+00 1.695693e+05 1.353454e+01 -6.471872e-04 4.136562e-04
7.498914e+00 3.102534e+00 1.002072e+00 1.750633e+05 1.400054e+01 -1.638514e-02 3.998280e-04
7.943253e+00 3.183553e+00 9.889186e-01 1.791544e+05 1.468300e+01 1.546144e-03 3.743172e-04
8.413919e+00 3.266227e+00 9.933404e-01 1.878718e+05 1.620325e+01 2.671242e-03 3.702641e-04
8.912475e+00 3.348652e+00 9.912722e-01 1.963775e+05 1.725494e+01 -1.516759e-03 3.639460e-04
9.440572e+00 3.427634e+00 9.837112e-01 2.032867e+05 1.721929e+01 1.958489e-03 3.459454e-04
9.999960e+00 3.506188e+00 1.003176e+00 2.235785e+05 1.842632e+01 3.153563e-02 3.367662e-04
1.059250e+01 3.582471e+00 9.870031e-01 2.269929e+05 1.821242e+01 8.010626e-03 3.318787e-04
1.122014e+01 3.655397e+00 9.972411e-01 2.420663e+05 1.916225e+01 2.231538e-02 3.174543e-04
1.188497e+01 3.726135e+00 9.920380e-01 2.520941e+05 1.997967e+01 3.174186e-02 2.971888e-04
1.258920e+01 3.792003e+00 9.937484e-01 2.663248e+05 2.125801e+01 3.661764e-02 3.089905e-04
1.333516e+01 3.853443e+00 9.783962e-01 2.750607e+05 2.139552e+01 5.161738e-02 3.122091e-04
1.412532e+01 3.912384e+00 9.828267e-01 2.889890e+05 2.280117e+01 1.555526e-02 2.959967e-04
1.496229e+01 3.963769e+00 9.902675e-01 3.021476e+05 2.440545e+01 3.391981e-02 2.824068e-04
1.584886e+01 4.010843e+00 9.909406e-01 3.226161e+05 2.625420e+01 3.511357e-02 2.816916e-04
1.678797e+01 4.051713e+00 9.922881e-01 3.420806e+05 2.736446e+01 5.040836e-02 2.753735e-04
1.778272e+01 4.086382e+00 9.867858e-01 3.607264e+05 2.858677e+01 4.619455e-02 2.603531e-04
1.883641e+01 4.112440e+00 9.923826e-01 3.904708e+05 3.091935e+01 5.189240e-02 2.582073e-04
1.995253e+01 4.129503e+00 9.905180e-01 4.116778e+05 3.344545e+01 3.604650e-02 2.835989e-04
2.113479e+01 4.136532e+00 1.005131e+00 4.463037e+05 3.587989e+01 3.115916e-02 2.593994e-04
2.238711e+01 4.133166e+00 9.966478e-01 4.615754e+05 3.642484e+01 6.130219e-03 2.564192e-04
2.371363e+01 4.126829e+00 9.835297e-01 4.779893e+05 3.800875e+01 1.168656e-02 2.510548e-04
2.511875e+01 4.112147e+00 9.758376e-01 5.044971e+05 4.000518e+01 -1.158553e-02 2.557039e-04
2.660712e+01 4.095232e+00 9.963644e-01 5.509411e+05 4.425271e+01 4.317760e-04 2.576113e-04
2.818369e+01 4.066122e+00 9.966401e-01 5.908749e+05 4.744600e+01 2.321279e-02 2.498627e-04
2.985368e+01 4.022691e+00 1.002854e+00 6.248325e+05 4.952392e+01 3.685081e-02 2.509356e-04
3.162262e+01 3.966364e+00 9.990185e-01 6.505519e+05 5.181575e+01 2.387857e-02 2.530813e-04
3.349638e+01 3.900625e+00 9.980941e-01 6.870904e+05 5.494283e+01 -3.059864e-03 2.334118e-04
3.548116e+01 3.835433e+00 9.964728e-01 7.276265e+05 5.794768e+01 2.735925e-02 2.412796e-04
3.758355e+01 3.774884e+00 1.001857e+00 7.856330e+05 6.217483e+01 7.034373e-02 2.479553e-04
3.981051e+01 3.705462e+00 9.895749e-01 8.042121e+05 6.469075e+01 6.627977e-02 2.472401e-04
4.216943e+01 3.618312e+00 9.899462e-01 8.534972e+05 6.802664e+01 4.055798e-02 2.456903e-04
4.466813e+01 3.512596e+00 1.000228e+00 9.000556e+05 7.125303e+01 8.497047e-02 2.598763e-04
4.731487e+01 3.418513e+00 9.763746e-01 9.529101e+05 7.615500e+01 3.681087e-02 2.361536e-04
5.011845e+01 3.338548e+00 9.797080e-01 9.952746e+05 7.979392e+01 2.175009e-02 2.260208e-04
5.308816e+01 3.246300e+00 9.640126e-01 1.010333e+06 8.095002e+01 -2.801597e-03 2.418756e-04
5.623383e+01 3.125689e+00 9.589543e-01 1.058309e+06 8.465005e+01 4.142129e-02 2.309084e-04
5.956588e+01 3.024393e+00 9.636548e-01 1.139379e+06 9.067757e+01 7.441044e-03 2.393723e-04
6.309538e+01 2.935523e+00 9.765536e-01 1.229671e+06 9.768803e+01 2.334583e-02 2.332926e-04
6.683401e+01 2.820202e+00 9.806184e-01 1.293016e+06 1.028803e+02 -2.316892e-03 2.107620e-04
7.079417e+01 2.713353e+00 9.832838e-01 1.376324e+06 1.096768e+02 1.933682e-02 2.390146e-04
7.498899e+01 2.629778e+00 9.820231e-01 1.494399e+06 1.192669e+02 7.236123e-03 2.263784e-04
7.943236e+01 2.522298e+00 9.850092e-01 1.558032e+06 1.238900e+02 2.584076e-02 2.291203e-04
8.413902e+01 2.418576e+00 9.955435e-01 1.665106e+06 1.323520e+02 -2.668750e-02 2.212524e-04
8.912457e+01 2.329120e+00 1.001644e+00 1.801920e+06 1.434584e+02 -2.505815e-02 2.145767e-04
9.440553e+01 2.235440e+00 1.000339e+00 1.907226e+06 1.518975e+02 -1.699501e-02 2.222061e-04
9.999940e+01 2.139072e+00 1.001120e+00 2.029036e+06 1.615486e+02 2.398872e-02 2.132654e-04
1.059248e+02 2.064361e+00 1.022926e+00 2.202404e+06 1.753034e+02 -8.614361e-03 2.202988e-04
1.122012e+02 1.976605e+00 1.007139e+00 2.301006e+06 1.831911e+02 -4.032803e-02 2.361536e-04
1.188496e+02 1.896542e+00 1.010000e+00 2.472052e+06 1.966620e+02 -2.704954e-02 2.306700e-04
1.258919e+02 1.835221e+00 1.009715e+00 2.567652e+06 2.044332e+02 6.670475e-03 2.334118e-04
1.333515e+02 1.755101e+00 1.010632e+00 2.760663e+06 2.197000e+02 2.386975e-02 2.207756e-04
1.412531e+02 1.714568e+00 1.024501e+00 2.915621e+06 2.318614e+02 5.136847e-03 2.201796e-04
1.496229e+02 1.619743e+00 1.016690e+00 3.066740e+06 2.439781e+02 5.641174e-02 2.204180e-04
1.584886e+02 1.592539e+00 1.010358e+00 3.308706e+06 2.632524e+02 3.290284e-02 2.108812e-04
1.678797e+02 1.548219e+00 1.016293e+00 3.557647e+06 2.831901e+02 3.196383e-02 2.127886e-04
1.778273e+02 1.473912e+00 1.007525e+00 3.577695e+06 2.847065e+02 1.021909e-01 2.311468e-04
1.883642e+02 1.438851e+00 9.826108e-01 3.698456e+06 2.942851e+02 -1.025337e-02 2.187490e-04
1.995256e+02 1.382004e+00 9.861441e-01 3.893660e+06 3.098422e+02 -4.593986e-02 2.152920e-04
2.113482e+02 1.343152e+00 1.000594e+00 4.349003e+06 3.462123e+02 6.806254e-03 2.162457e-04
2.238714e+02 1.300562e+00 1.013119e+00 4.578442e+06 3.643174e+02 4.319429e-02 2.382994e-04
2.371367e+02 1.252490e+00 1.001154e+00 4.834066e+06 3.846950e+02 -4.284143e-03 2.323389e-04
2.511880e+02 1.236203e+00 1.006580e+00 5.205948e+06 4.142386e+02 2.544963e-02 2.262592e-04
2.660719e+02 1.242074e+00 1.024956e+00 5.784010e+06 4.602961e+02 1.568365e-02 2.259016e-04
2.818377e+02 1.175766e+00 1.030982e+00 6.346128e+06 5.050254e+02 -5.115163e-02 2.040863e-04
2.985377e+02 1.165621e+00 1.025953e+00 6.291406e+06 5.006769e+02 -1.750934e-02 2.269745e-04
3.162272e+02 1.142282e+00 1.021483e+00 6.841014e+06 5.443455e+02 -1.973718e-02 2.248287e-04
3.349650e+02 1.123067e+00 1.004517e+00 6.556810e+06 5.218735e+02 5.426049e-03 2.365112e-04
3.548130e+02 1.130649e+00 9.673284e-01 6.766514e+06 5.384177e+02 2.718580e-02 2.332926e-04
3.758370e+02 1.125909e+00 1.020734e+00 7.461165e+06 5.937476e+02 -4.245043e-03 2.233982e-04
3.981069e+02 1.100689e+00 1.005587e+00 7.926496e+06 6.307953e+02 6.782007e-02 2.406836e-04
4.216963e+02 1.074587e+00 9.655400e-01 8.301117e+06 6.605792e+02 6.011856e-02 2.267361e-04
4.466834e+02 1.066529e+00 1.014746e+00 9.305495e+06 7.404798e+02 7.562387e-02 2.316236e-04
4.731512e+02 1.079774e+00 1.003844e+00 9.723859e+06 7.738036e+02 3.185308e-02 2.166033e-04
5.011873e+02 1.069798e+00 1.016996e+00 1.016634e+07 8.090186e+02 1.053238e-02 2.305508e-04
5.308846e+02 1.061903e+00 9.983953e-01 1.099217e+07 8.747155e+02 -3.112280e-02 2.129078e-04
5.623416e+02 1.041731e+00 9.834553e-01 1.058182e+07 8.420522e+02 1.026204e-01 2.365112e-04
5.956626e+02 1.052204e+00 1.023961e+00 1.265395e+07 1.006969e+03 3.405488e-02 2.374649e-04
6.309579e+02 1.048528e+00 1.002097e+00 1.302918e+07 1.036837e+03 2.931285e-02 2.052784e-04
6.683447e+02 9.851177e-01 9.510053e-01 1.259768e+07 1.002505e+03 2.494335e-02 2.167225e-04
7.079468e+02 1.007480e+00 9.585010e-01 1.315933e+07 1.047231e+03 -3.207886e-02 2.368689e-04
7.498954e+02 1.048594e+00 9.721693e-01 1.429355e+07 1.137444e+03 2.041470e-01 2.413988e-04
7.943297e+02 9.951840e-01 9.645753e-01 1.453615e+07 1.156767e+03 -5.824238e-02 2.113581e-04
8.413969e+02 1.065260e+00 9.675155e-01 1.668990e+07 1.328090e+03 1.343989e-02 2.466440e-04
8.912530e+02 1.015762e+00 9.882055e-01 1.672225e+07 1.330680e+03 -3.771061e-02 2.149343e-04
9.440632e+02 1.004432e+00 9.354104e-01 1.790423e+07 1.424747e+03 2.380729e-03 2.247095e-04
