#./overdamped_3d_new_pot_2 --dev=0 --amp=40.0 --omega=1.0 --force=0 --Dg=0.01 --block=256 --paths=4096 --periods=1000 --trans=100 --samples=100 --spp=1000 --algorithm=euler --pav=1 --mode=moments --domain=1d --domainx=l:-1:3:200:1 --domainy=a:0:10:100:0 --domainz=D:-6:-1:100:1 --q=2 --eps=0 --phi=1.57079632679 --lambda=30.0 --zeta=0 --comp=0 --mean=1.0 --second=3.14 --skew=0.99 --distribution=s>> new_pot_2_s_3.14_0.99_l:-1:3:200:1_0.01_40.0.dat
#l <<v>> qnu(q) mu_q Dx Gx EBx
1.000000e-01 1.091898e+00 9.893211e-01 8.205134e+04 6.517395e+00 -2.470791e-03 2.574205e-03
1.047129e-01 1.067883e+00 1.034793e+00 7.846694e+04 6.239510e+00 -9.275973e-03 2.640724e-03
1.096478e-01 1.049135e+00 1.017125e+00 7.342746e+04 5.842896e+00 9.967685e-03 2.640367e-03
1.148153e-01 1.034810e+00 1.003791e+00 6.737738e+04 5.361611e+00 -3.102040e-02 2.613544e-03
1.202264e-01 1.027647e+00 1.001415e+00 6.416771e+04 5.115558e+00 1.764476e-02 2.612114e-03
1.258925e-01 1.025372e+00 9.985523e-01 5.968271e+04 4.757141e+00 9.140849e-02 2.568126e-03
1.318256e-01 1.029386e+00 9.898351e-01 5.757511e+04 4.588119e+00 5.251765e-02 2.460241e-03
1.380384e-01 1.040440e+00 9.921818e-01 5.674055e+04 4.522547e+00 -3.163815e-02 2.389908e-03
1.445439e-01 1.056076e+00 9.879904e-01 5.254152e+04 4.190549e+00 3.787935e-02 2.197623e-03
1.513561e-01 1.077616e+00 1.012936e+00 5.375697e+04 4.265034e+00 4.110014e-02 2.168894e-03
1.584892e-01 1.104580e+00 1.004612e+00 5.191340e+04 4.132617e+00 3.718066e-02 1.972914e-03
1.659586e-01 1.134243e+00 1.005365e+00 5.187276e+04 4.141530e+00 3.691435e-02 1.833200e-03
1.737800e-01 1.171335e+00 9.961325e-01 5.268250e+04 4.181318e+00 4.021847e-02 1.751184e-03
1.819700e-01 1.209711e+00 9.911127e-01 5.145108e+04 4.086144e+00 2.765930e-02 1.642227e-03
1.905460e-01 1.252434e+00 1.011496e+00 5.464445e+04 4.339519e+00 2.077210e-02 1.562476e-03
1.995261e-01 1.299616e+00 9.855319e-01 5.270468e+04 4.184820e+00 3.703809e-02 1.450658e-03
2.089295e-01 1.341424e+00 9.960386e-01 5.460858e+04 4.348113e+00 -2.268249e-02 1.321793e-03
2.187760e-01 1.342928e+00 1.001544e+00 5.497437e+04 4.377398e+00 -6.520683e-02 1.366019e-03
2.290866e-01 1.319475e+00 9.913376e-01 5.279304e+04 4.180682e+00 6.810904e-03 1.345992e-03
2.398831e-01 1.297542e+00 1.008911e+00 5.355103e+04 4.265671e+00 -4.367548e-02 1.356244e-03
2.511884e-01 1.275111e+00 1.031561e+00 5.225024e+04 4.164448e+00 -4.589516e-02 1.371384e-03
2.630266e-01 1.254240e+00 1.013248e+00 5.101397e+04 4.057178e+00 -5.971104e-02 1.343489e-03
2.754226e-01 1.235770e+00 1.000493e+00 4.968982e+04 3.946406e+00 -1.920795e-02 1.329064e-03
2.884029e-01 1.216322e+00 1.010919e+00 5.124529e+04 4.059406e+00 -2.592689e-02 1.398325e-03
3.019949e-01 1.201320e+00 9.969357e-01 4.901027e+04 3.909800e+00 -1.317090e-02 1.388788e-03
3.162274e-01 1.185255e+00 1.017429e+00 4.833988e+04 3.851868e+00 1.383817e-02 1.419306e-03
3.311308e-01 1.171195e+00 9.982129e-01 4.561051e+04 3.614409e+00 7.391477e-02 1.369953e-03
3.467365e-01 1.157606e+00 1.006258e+00 4.553543e+04 3.616318e+00 5.062902e-02 1.391411e-03
3.630777e-01 1.145332e+00 1.011498e+00 4.634666e+04 3.693986e+00 5.080700e-04 1.420259e-03
3.801890e-01 1.136106e+00 9.897594e-01 4.269590e+04 3.404961e+00 2.960134e-02 1.386881e-03
3.981068e-01 1.128174e+00 1.037315e+00 4.574113e+04 3.651014e+00 -5.063176e-03 1.448989e-03
4.168690e-01 1.119533e+00 1.012662e+00 4.438684e+04 3.518597e+00 2.035153e-02 1.401424e-03
4.365154e-01 1.113641e+00 1.020845e+00 4.462589e+04 3.547882e+00 4.244590e-02 1.423597e-03
4.570878e-01 1.110022e+00 1.007059e+00 4.417886e+04 3.513823e+00 -1.219577e-02 1.437068e-03
4.786297e-01 1.107541e+00 1.010887e+00 4.459032e+04 3.537696e+00 5.946803e-02 1.415849e-03
5.011868e-01 1.105768e+00 1.000974e+00 4.298597e+04 3.408780e+00 1.478314e-03 1.396418e-03
5.248070e-01 1.106585e+00 1.021218e+00 4.445302e+04 3.532921e+00 -1.762390e-02 1.436234e-03
5.495405e-01 1.107269e+00 1.019692e+00 4.422246e+04 3.519871e+00 -3.861481e-02 1.396298e-03
5.754395e-01 1.111325e+00 9.857532e-01 4.334280e+04 3.449524e+00 -4.749358e-03 1.333833e-03
6.025591e-01 1.115498e+00 1.013777e+00 4.437341e+04 3.526237e+00 -1.242614e-02 1.363039e-03
6.309568e-01 1.122985e+00 9.951763e-01 4.430788e+04 3.520189e+00 -4.535735e-03 1.360178e-03
6.606929e-01 1.130510e+00 1.027904e+00 4.535833e+04 3.609952e+00 2.428889e-02 1.379848e-03
6.918304e-01 1.140233e+00 9.753253e-01 4.222802e+04 3.362307e+00 -9.834945e-03 1.286626e-03
7.244353e-01 1.150094e+00 9.657133e-01 4.376248e+04 3.489631e+00 1.501083e-03 1.286983e-03
7.585769e-01 1.162414e+00 9.636252e-01 4.341736e+04 3.455572e+00 -2.984852e-02 1.275182e-03
7.943276e-01 1.176270e+00 9.759138e-01 4.325232e+04 3.437428e+00 -3.218192e-02 1.219034e-03
8.317630e-01 1.192845e+00 1.019863e+00 4.725103e+04 3.748735e+00 -3.352433e-02 1.312733e-03
8.709628e-01 1.208629e+00 9.998725e-01 4.725130e+04 3.767516e+00 -2.487874e-02 1.214981e-03
9.120100e-01 1.226871e+00 9.838927e-01 4.694195e+04 3.726772e+00 -2.375406e-02 1.215219e-03
9.549918e-01 1.246500e+00 9.922206e-01 4.879862e+04 3.878924e+00 -4.193729e-02 1.227856e-03
9.999991e-01 1.269033e+00 9.887060e-01 4.815655e+04 3.828313e+00 4.949212e-03 1.144886e-03
1.047128e+00 1.291643e+00 1.003436e+00 5.078265e+04 4.030121e+00 -1.014102e-02 1.207948e-03
1.096477e+00 1.316750e+00 9.992940e-01 5.159863e+04 4.118293e+00 -1.566195e-02 1.150131e-03
1.148153e+00 1.343259e+00 1.028196e+00 5.437355e+04 4.321375e+00 -1.667076e-02 1.176119e-03
1.202263e+00 1.371927e+00 9.954737e-01 5.227830e+04 4.168586e+00 1.197529e-02 1.076460e-03
1.258924e+00 1.402386e+00 1.038870e+00 5.513670e+04 4.394586e+00 -6.672621e-03 1.124263e-03
1.318256e+00 1.435171e+00 1.028350e+00 5.591207e+04 4.482440e+00 -3.956568e-02 1.079082e-03
1.380383e+00 1.469781e+00 1.011591e+00 5.683361e+04 4.572840e+00 -1.857072e-02 1.046419e-03
1.445438e+00 1.505868e+00 9.862506e-01 5.599814e+04 4.451882e+00 -3.095150e-03 9.946823e-04
1.513560e+00 1.544529e+00 1.045961e+00 6.350800e+04 5.000648e+00 -1.922125e-02 1.076460e-03
1.584892e+00 1.583497e+00 9.752814e-01 5.877960e+04 4.604034e+00 -5.675966e-02 9.768009e-04
1.659585e+00 1.627139e+00 1.004641e+00 6.172105e+04 4.864411e+00 -1.912665e-02 9.661913e-04
1.737799e+00 1.670465e+00 9.723778e-01 6.295886e+04 4.978366e+00 -3.223002e-02 9.319782e-04
1.819699e+00 1.716820e+00 1.031772e+00 6.810552e+04 5.401082e+00 -5.016923e-03 9.673834e-04
1.905459e+00 1.766129e+00 1.020271e+00 6.571420e+04 5.193544e+00 3.079069e-02 9.168386e-04
1.995260e+00 1.817306e+00 9.957904e-01 6.633438e+04 5.262299e+00 -6.707072e-03 8.472204e-04
2.089294e+00 1.871554e+00 9.836571e-01 7.124998e+04 5.660823e+00 -1.383853e-02 8.589029e-04
2.187760e+00 1.926120e+00 1.036575e+00 7.530423e+04 5.995685e+00 -3.169000e-02 8.734465e-04
2.290866e+00 1.983904e+00 9.947962e-01 7.746939e+04 6.158659e+00 -6.271046e-02 8.493662e-04
2.398831e+00 2.044549e+00 1.029256e+00 8.168878e+04 6.450231e+00 -3.700262e-02 8.697510e-04
2.511884e+00 2.110389e+00 1.023329e+00 8.412915e+04 6.734164e+00 3.409040e-02 8.295774e-04
2.630266e+00 2.175764e+00 1.009801e+00 8.298518e+04 6.667955e+00 -1.139653e-02 7.803440e-04
2.754227e+00 2.245156e+00 1.011967e+00 8.578609e+04 6.689600e+00 -3.917098e-03 7.477999e-04
2.884029e+00 2.317551e+00 1.018872e+00 8.861671e+04 7.069026e+00 1.071775e-02 7.603168e-04
3.019950e+00 2.392171e+00 9.881662e-01 9.127159e+04 7.299482e+00 7.201552e-03 7.296801e-04
3.162276e+00 2.468600e+00 1.039015e+00 9.885958e+04 7.701826e+00 4.095101e-02 7.350445e-04
3.311309e+00 2.548000e+00 1.002165e+00 9.715738e+04 7.740023e+00 -2.977782e-02 6.867647e-04
3.467366e+00 2.632299e+00 9.889103e-01 9.723384e+04 7.669995e+00 -3.615081e-03 6.638765e-04
3.630778e+00 2.718958e+00 9.729171e-01 1.007382e+05 7.985758e+00 -9.975493e-03 6.458759e-04
3.801891e+00 2.807454e+00 9.813464e-01 1.050837e+05 8.388102e+00 1.530600e-02 6.158352e-04
3.981068e+00 2.901300e+00 1.000496e+00 1.098444e+05 8.619831e+00 -1.597410e-02 6.198883e-04
4.168690e+00 2.998193e+00 1.029477e+00 1.206096e+05 9.534018e+00 2.998459e-02 6.366968e-04
4.365154e+00 3.095925e+00 9.796882e-01 1.158377e+05 9.113849e+00 -3.894806e-03 6.000996e-04
4.570877e+00 3.198210e+00 9.764253e-01 1.165654e+05 9.157139e+00 1.186049e-02 5.805492e-04
4.786296e+00 3.304337e+00 1.012546e+00 1.322570e+05 1.021902e+01 3.452265e-02 5.955696e-04
5.011867e+00 3.410005e+00 1.005660e+00 1.266172e+05 9.984744e+00 4.716027e-02 5.371571e-04
5.248068e+00 3.519782e+00 9.422055e-01 1.245505e+05 9.908350e+00 -1.407290e-02 4.996061e-04
5.495402e+00 3.633778e+00 9.613432e-01 1.325742e+05 1.048131e+01 -3.453308e-02 5.139112e-04
5.754392e+00 3.750914e+00 1.008014e+00 1.404416e+05 1.120451e+01 2.375841e-04 5.074739e-04
6.025588e+00 3.869410e+00 9.776638e-01 1.438930e+05 1.138785e+01 -6.255627e-03 4.785061e-04
6.309565e+00 3.988710e+00 9.688867e-01 1.453086e+05 1.144388e+01 -1.875609e-02 4.643202e-04
6.606925e+00 4.111026e+00 9.853973e-01 1.559543e+05 1.252358e+01 1.035929e-03 4.570484e-04
6.918300e+00 4.239300e+00 9.975161e-01 1.571587e+05 1.253886e+01 -2.918720e-03 4.382133e-04
7.244349e+00 4.364047e+00 9.920809e-01 1.602641e+05 1.299723e+01 -1.240879e-02 4.189014e-04
7.585764e+00 4.496342e+00 1.013774e+00 1.696082e+05 1.374080e+01 -2.189338e-02 4.285574e-04
7.943270e+00 4.627613e+00 1.003151e+00 1.827061e+05 1.445381e+01 -6.475121e-02 4.416704e-04
8.317624e+00 4.754385e+00 9.745238e-01 1.763750e+05 1.376117e+01 -3.257918e-02 3.914833e-04
8.709621e+00 4.884589e+00 9.811987e-01 1.855613e+05 1.489181e+01 -7.608861e-02 3.970861e-04
9.120093e+00 5.019691e+00 1.005892e+00 1.974451e+05 1.587984e+01 -2.429545e-02 3.941059e-04
9.549910e+00 5.148746e+00 9.948325e-01 2.017408e+05 1.595624e+01 2.102125e-02 3.675222e-04
9.999982e+00 5.282362e+00 1.003287e+00 2.119121e+05 1.689843e+01 -3.798103e-02 3.679991e-04
1.047127e+01 5.409665e+00 1.010211e+00 2.178852e+05 1.754015e+01 -2.304316e-02 3.640652e-04
1.096476e+01 5.543623e+00 9.952393e-01 2.259858e+05 1.787628e+01 3.712010e-02 3.552437e-04
1.148152e+01 5.666434e+00 9.656940e-01 2.280614e+05 1.834484e+01 6.140828e-03 3.365278e-04
1.202262e+01 5.787605e+00 9.685868e-01 2.334819e+05 1.860967e+01 -1.226878e-02 3.324747e-04
1.258923e+01 5.904952e+00 9.617997e-01 2.374702e+05 1.900692e+01 3.925085e-03 3.221035e-04
1.318254e+01 6.024230e+00 9.808709e-01 2.487519e+05 2.006625e+01 -2.662331e-02 3.265142e-04
1.380382e+01 6.133448e+00 9.665168e-01 2.631138e+05 2.061629e+01 -3.321308e-02 3.187656e-04
1.445437e+01 6.241650e+00 1.000160e+00 2.730760e+05 2.189972e+01 2.210462e-02 2.990961e-04
1.513558e+01 6.339959e+00 9.798887e-01 2.774734e+05 2.185898e+01 1.456976e-03 3.020763e-04
1.584890e+01 6.433981e+00 9.554463e-01 2.817749e+05 2.251087e+01 -4.500288e-02 2.819300e-04
1.659583e+01 6.519664e+00 9.732496e-01 3.084788e+05 2.486382e+01 -1.093388e-02 2.799034e-04
1.737797e+01 6.597582e+00 9.805413e-01 3.323728e+05 2.693156e+01 -3.158557e-02 2.884865e-04
1.819697e+01 6.665440e+00 9.646738e-01 3.423195e+05 2.807238e+01 -1.242626e-02 2.856255e-04
1.905456e+01 6.727170e+00 9.974065e-01 3.705414e+05 3.042533e+01 1.613355e-02 2.815723e-04
1.995258e+01 6.779835e+00 9.773403e-01 3.757053e+05 3.053738e+01 2.103806e-03 2.733469e-04
2.089291e+01 6.821768e+00 9.665315e-01 4.004230e+05 3.281902e+01 8.126497e-04 2.601147e-04
2.187756e+01 6.856423e+00 1.011597e+00 4.169465e+05 3.321627e+01 -3.546065e-02 2.793074e-04
2.290862e+01 6.878078e+00 9.895151e-01 4.577112e+05 3.585442e+01 -2.362531e-02 2.665520e-04
2.398827e+01 6.893575e+00 1.008919e+00 4.535051e+05 3.660818e+01 -2.115792e-02 2.703667e-04
2.511880e+01 6.890055e+00 9.938812e-01 4.802609e+05 3.871667e+01 -8.695126e-03 2.647638e-04
2.630261e+01 6.879198e+00 9.794567e-01 5.099133e+05 4.114091e+01 -2.856553e-03 2.746582e-04
2.754222e+01 6.861495e+00 9.892766e-01 5.328037e+05 4.265862e+01 1.764333e-02 2.580881e-04
2.884024e+01 6.830996e+00 1.003597e+00 5.629449e+05 4.477729e+01 -2.192736e-03 2.638102e-04
3.019944e+01 6.790829e+00 1.017410e+00 6.054308e+05 4.860719e+01 2.432227e-03 2.712011e-04
3.162269e+01 6.740535e+00 9.701172e-01 6.144985e+05 4.846459e+01 5.875015e-02 2.664328e-04
3.311302e+01 6.678174e+00 1.001933e+00 6.652578e+05 5.401591e+01 -4.841113e-02 2.758503e-04
3.467359e+01 6.611738e+00 9.701573e-01 6.461432e+05 5.181575e+01 6.773472e-04 2.534389e-04
3.630770e+01 6.533024e+00 9.944343e-01 7.133212e+05 5.724485e+01 -4.146957e-02 2.553463e-04
3.801883e+01 6.449819e+00 9.888774e-01 7.347846e+05 5.893571e+01 -4.650092e-02 2.617836e-04
3.981060e+01 6.356928e+00 9.867865e-01 7.567419e+05 6.056546e+01 2.858269e-02 2.486706e-04
4.168681e+01 6.257047e+00 1.001816e+00 8.180543e+05 6.533247e+01 -5.141759e-02 2.567768e-04
4.365145e+01 6.149076e+00 9.305173e-01 8.116137e+05 6.498615e+01 1.446092e-02 2.433062e-04
4.570868e+01 6.034501e+00 9.883504e-01 8.858337e+05 7.051710e+01 2.439129e-02 2.568960e-04
4.786286e+01 5.913207e+00 1.009476e+00 9.636514e+05 7.645548e+01 2.709031e-02 2.413988e-04
5.011856e+01 5.793145e+00 1.029507e+00 1.049154e+06 8.348376e+01 6.623626e-03 2.504587e-04
5.248058e+01 5.667408e+00 1.021125e+00 1.070011e+06 8.472645e+01 1.104081e-02 2.359152e-04
5.495391e+01 5.541642e+00 1.000522e+00 1.112856e+06 8.891286e+01 2.606714e-02 2.384186e-04
5.754380e+01 5.402795e+00 9.876226e-01 1.097238e+06 8.763962e+01 -2.806687e-02 2.506971e-04
6.025576e+01 5.274303e+00 9.866680e-01 1.223340e+06 9.713290e+01 -3.689313e-02 2.450943e-04
6.309552e+01 5.136461e+00 1.011878e+00 1.296109e+06 1.031731e+02 -5.332285e-02 2.527237e-04
6.606911e+01 4.994886e+00 9.741232e-01 1.272360e+06 1.013651e+02 -3.833920e-02 2.424717e-04
6.918285e+01 4.860537e+00 1.022363e+00 1.419155e+06 1.127836e+02 -2.589864e-02 2.455711e-04
7.244334e+01 4.720387e+00 9.963184e-01 1.401889e+06 1.112149e+02 -5.251312e-02 2.354383e-04
7.585748e+01 4.586008e+00 1.004296e+00 1.467642e+06 1.169903e+02 -2.285892e-02 2.405643e-04
7.943253e+01 4.455506e+00 9.777650e-01 1.502651e+06 1.196234e+02 -1.891816e-02 2.331734e-04
8.317607e+01 4.320776e+00 9.714083e-01 1.587974e+06 1.264327e+02 -4.483843e-02 2.368689e-04
8.709604e+01 4.185795e+00 9.531718e-01 1.616052e+06 1.285921e+02 6.462407e-02 2.410412e-04
9.120074e+01 4.052888e+00 1.006918e+00 1.830659e+06 1.456535e+02 5.201578e-03 2.465248e-04
9.549889e+01 3.931436e+00 1.011839e+00 1.962968e+06 1.562112e+02 3.926408e-02 2.479553e-04
9.999962e+01 3.792164e+00 9.624208e-01 1.867192e+06 1.485820e+02 -2.242476e-02 2.474785e-04
1.047124e+02 3.678978e+00 1.001286e+00 2.011324e+06 1.600895e+02 4.196990e-02 2.312660e-04
1.096474e+02 3.560557e+00 1.010065e+00 2.232553e+06 1.774921e+02 6.257010e-02 2.441406e-04
1.148149e+02 3.452118e+00 1.007721e+00 2.291215e+06 1.823610e+02 4.867458e-02 2.374649e-04
1.202260e+02 3.338907e+00 9.829618e-01 2.304982e+06 1.834433e+02 3.256071e-02 2.334118e-04
1.258920e+02 3.221860e+00 9.676936e-01 2.522908e+06 2.009019e+02 2.600563e-02 2.236366e-04
1.318251e+02 3.121207e+00 9.609257e-01 2.552056e+06 2.030995e+02 4.241061e-02 2.298355e-04
1.380379e+02 3.013619e+00 1.006947e+00 2.774122e+06 2.206499e+02 2.693951e-02 2.394915e-04
1.445434e+02 2.908161e+00 1.009520e+00 2.939084e+06 2.338457e+02 3.542566e-02 2.214909e-04
1.513555e+02 2.792875e+00 9.500311e-01 2.790921e+06 2.222108e+02 -1.290488e-02 2.200603e-04
1.584886e+02 2.721415e+00 9.744836e-01 3.123910e+06 2.486127e+02 -6.445587e-03 2.175570e-04
1.659580e+02 2.629007e+00 9.891440e-01 3.294336e+06 2.621091e+02 8.086598e-02 2.211332e-04
1.737793e+02 2.533873e+00 9.661763e-01 3.389486e+06 2.696658e+02 9.816086e-02 2.274513e-04
1.819693e+02 2.470918e+00 1.019788e+00 3.590214e+06 2.857506e+02 6.135154e-02 2.238750e-04
1.905452e+02 2.395607e+00 9.574630e-01 3.542331e+06 2.819143e+02 -4.877627e-03 2.309084e-04
1.995253e+02 2.310281e+00 9.473954e-01 3.779396e+06 3.008003e+02 -5.705309e-02 2.211332e-04
2.089287e+02 2.253301e+00 9.641559e-01 4.046960e+06 3.220583e+02 -2.350843e-02 2.237558e-04
2.187752e+02 2.162292e+00 1.006881e+00 4.211256e+06 3.351001e+02 2.102745e-02 2.216101e-04
2.290857e+02 2.093015e+00 9.871907e-01 4.349289e+06 3.460678e+02 -9.977996e-03 2.298355e-04
2.398822e+02 2.033309e+00 9.618196e-01 4.452663e+06 3.543094e+02 -2.328634e-02 2.330542e-04
2.511875e+02 1.954924e+00 1.014641e+00 5.285149e+06 4.205778e+02 -5.699575e-03 2.110004e-04
2.630255e+02 1.889928e+00 9.539388e-01 4.972514e+06 3.957088e+02 -1.325899e-02 2.350807e-04
2.754215e+02 1.836540e+00 9.977515e-01 5.371882e+06 4.275029e+02 -2.055734e-02 2.117157e-04
2.884018e+02 1.791890e+00 9.751968e-01 5.451913e+06 4.338634e+02 -1.524246e-02 2.164841e-04
3.019937e+02 1.738142e+00 1.047594e+00 6.515802e+06 5.185586e+02 -1.130885e-01 2.377033e-04
3.162262e+02 1.671966e+00 1.012711e+00 6.566888e+06 5.225770e+02 1.103830e-02 2.082586e-04
3.311295e+02 1.627601e+00 1.051971e+00 6.989262e+06 5.561504e+02 -1.939583e-02 2.380610e-04
3.467351e+02 1.598297e+00 1.021445e+00 6.653322e+06 5.294582e+02 1.246345e-02 2.183914e-04
3.630762e+02 1.536729e+00 1.003721e+00 7.267245e+06 5.782971e+02 -6.253541e-02 2.348423e-04
3.801874e+02 1.498937e+00 1.011702e+00 7.374137e+06 5.868672e+02 -8.698666e-02 2.264977e-04
3.981051e+02 1.468117e+00 9.825798e-01 7.430542e+06 5.913007e+02 -3.560495e-02 2.232790e-04
4.168672e+02 1.413607e+00 9.997523e-01 8.373553e+06 6.663333e+02 -8.150953e-02 2.206564e-04
4.365135e+02 1.404854e+00 1.010139e+00 8.492569e+06 6.758056e+02 1.372743e-02 2.205372e-04
4.570858e+02 1.374987e+00 9.709369e-01 8.508835e+06 6.770916e+02 -3.065926e-02 2.398491e-04
4.786275e+02 1.335206e+00 9.987577e-01 9.219138e+06 7.336387e+02 6.721020e-04 2.198219e-04
5.011845e+02 1.308254e+00 9.823073e-01 9.697114e+06 7.716672e+02 -8.160490e-02 2.162457e-04
5.248046e+02 1.256104e+00 1.003390e+00 1.102602e+07 8.774202e+02 -9.019315e-03 2.278090e-04
5.495378e+02 1.255713e+00 1.015637e+00 1.156973e+07 9.206798e+02 -3.638184e-02 2.191067e-04
5.754368e+02 1.215398e+00 9.715932e-01 1.093868e+07 8.704715e+02 2.418041e-03 2.205372e-04
6.025562e+02 1.229255e+00 9.253333e-01 1.071327e+07 8.525294e+02 -9.770113e-02 2.313852e-04
6.309538e+02 1.134332e+00 1.052779e+00 1.312097e+07 1.044151e+03 8.863497e-02 2.089739e-04
6.606897e+02 1.138544e+00 9.726270e-01 1.259366e+07 1.002166e+03 -6.077462e-02 2.192259e-04
6.918270e+02 1.080533e+00 1.060890e+00 1.537170e+07 1.223241e+03 -3.725725e-02 2.148151e-04
7.244318e+02 1.094547e+00 1.029494e+00 1.614486e+07 1.284788e+03 -3.210586e-02 2.290010e-04
7.585732e+02 1.145009e+00 1.013585e+00 1.640180e+07 1.305218e+03 -1.218200e-02 2.439022e-04
7.943236e+02 1.123836e+00 1.014720e+00 1.578100e+07 1.255818e+03 8.079255e-02 2.130270e-04
8.317589e+02 1.061726e+00 9.907781e-01 1.734329e+07 1.380137e+03 -8.979648e-02 2.120733e-04
8.709584e+02 1.085000e+00 9.589717e-01 1.732602e+07 1.378757e+03 -6.088662e-02 2.566576e-04
9.120054e+02 1.069283e+00 9.424271e-01 1.712918e+07 1.363105e+03 -9.055763e-02 2.043247e-04
9.549869e+02 1.063508e+00 1.072921e+00 2.185405e+07 1.739096e+03 -2.722061e-02 2.162457e-04
