#./overdamped_3d_new_pot_1 --dev=0 --amp=40.0 --omega=1.0 --force=0 --Dg=0.01 --block=256 --paths=4096 --periods=1000 --trans=100 --samples=100 --spp=1000 --algorithm=euler --pav=1 --mode=moments --domain=1d --domainx=l:-1:3:200:1 --domainy=a:0:10:100:0 --domainz=D:-6:-1:100:1 --q=2 --eps=0 --phi=1.57079632679 --lambda=30.0 --zeta=0 --comp=0 --mean=1.0 --second=3.14 --skew=-0.99 --distribution=s>> new_pot_1_s_3.14_-0.99_l:-1:3:200:1_0.01_40.0.dat
#l <<v>> qnu(q) mu_q Dx Gx EBx
1.000000e-01 9.639906e-01 9.850988e-01 6.384087e+04 5.102189e+00 3.762662e-02 2.668262e-03
1.047129e-01 9.449326e-01 9.981703e-01 5.947691e+04 4.746318e+00 -7.000625e-03 2.735138e-03
1.096478e-01 9.167876e-01 1.024324e+00 5.732377e+04 4.568702e+00 -1.430809e-02 2.836227e-03
1.148153e-01 8.822220e-01 9.786659e-01 4.899296e+04 3.897704e+00 5.035341e-02 2.716660e-03
1.202264e-01 8.422059e-01 1.034761e+00 4.521524e+04 3.595469e+00 5.789781e-02 2.800107e-03
1.258925e-01 7.960400e-01 1.027231e+00 3.614725e+04 2.872428e+00 9.460270e-02 2.354741e-03
1.318256e-01 7.982696e-01 1.013218e+00 3.361202e+04 2.673485e+00 3.538597e-02 2.036810e-03
1.380384e-01 8.236221e-01 1.018240e+00 3.418474e+04 2.718685e+00 8.004069e-03 2.000213e-03
1.445439e-01 8.472589e-01 1.005725e+00 3.506510e+04 2.795557e+00 -8.400261e-03 1.826525e-03
1.513561e-01 8.701188e-01 1.021634e+00 3.570887e+04 2.843144e+00 -1.642966e-02 1.713395e-03
1.584892e-01 8.917356e-01 9.822050e-01 3.542495e+04 2.817202e+00 -8.333325e-04 1.637459e-03
1.659586e-01 9.099140e-01 1.009959e+00 3.584367e+04 2.861128e+00 -1.537949e-02 1.587152e-03
1.737800e-01 9.256839e-01 9.984650e-01 3.634497e+04 2.894710e+00 -4.150194e-02 1.556635e-03
1.819700e-01 9.375795e-01 1.021510e+00 3.806946e+04 3.040496e+00 -4.890919e-02 1.608014e-03
1.905460e-01 9.469335e-01 9.991040e-01 3.685016e+04 2.939592e+00 1.334751e-02 1.483560e-03
1.995261e-01 9.542301e-01 1.017615e+00 3.808855e+04 3.032856e+00 2.126694e-03 1.558065e-03
2.089295e-01 9.565485e-01 1.046631e+00 4.024593e+04 3.222888e+00 -4.286444e-02 1.621008e-03
2.187760e-01 9.557190e-01 1.033357e+00 3.884744e+04 3.101611e+00 -7.192129e-02 1.590014e-03
2.290866e-01 9.516696e-01 1.022243e+00 3.840514e+04 3.067871e+00 -3.610343e-02 1.560926e-03
2.398831e-01 9.432390e-01 1.020086e+00 3.879711e+04 3.100975e+00 -6.605285e-02 1.546621e-03
2.511884e-01 9.319249e-01 1.017341e+00 3.826941e+04 3.049409e+00 -7.531297e-02 1.555800e-03
2.630266e-01 9.170333e-01 1.029186e+00 3.712866e+04 2.957735e+00 -5.386907e-02 1.578808e-03
2.754226e-01 8.980916e-01 1.010032e+00 3.637996e+04 2.893278e+00 -5.301374e-02 1.564026e-03
2.884029e-01 8.762764e-01 1.029617e+00 3.681989e+04 2.928292e+00 -8.176935e-02 1.570344e-03
3.019949e-01 8.504724e-01 9.952434e-01 3.343847e+04 2.667914e+00 -3.823888e-02 1.545668e-03
3.162274e-01 8.232719e-01 9.992780e-01 3.411636e+04 2.714547e+00 -1.768303e-02 1.607418e-03
3.311308e-01 7.900882e-01 1.029686e+00 3.348529e+04 2.669665e+00 -7.776439e-03 1.645684e-03
3.467365e-01 7.533519e-01 1.042143e+00 3.269448e+04 2.600910e+00 -3.290302e-02 1.653552e-03
3.630777e-01 7.148816e-01 9.957284e-01 2.972041e+04 2.371727e+00 7.273793e-03 1.666903e-03
3.801890e-01 6.724173e-01 1.053240e+00 2.934992e+04 2.339737e+00 4.444742e-02 1.730561e-03
3.981068e-01 6.264500e-01 1.005955e+00 2.697278e+04 2.139520e+00 4.360187e-02 1.792669e-03
4.168690e-01 5.780500e-01 1.008099e+00 2.639476e+04 2.099333e+00 2.248335e-02 1.808286e-03
4.365154e-01 5.272489e-01 1.020794e+00 2.392052e+04 1.901344e+00 2.069390e-02 1.872659e-03
4.570878e-01 4.703956e-01 1.010541e+00 2.213632e+04 1.759537e+00 -5.585033e-02 1.972556e-03
4.786297e-01 4.133310e-01 1.003699e+00 2.084967e+04 1.657479e+00 5.859470e-02 1.995802e-03
5.011868e-01 3.506875e-01 9.964107e-01 1.887512e+04 1.501985e+00 -5.285382e-03 2.164006e-03
5.248070e-01 2.852207e-01 1.030333e+00 1.829981e+04 1.455353e+00 -7.487929e-02 2.264023e-03
5.495405e-01 2.169392e-01 9.864621e-01 1.496192e+04 1.189395e+00 -6.223869e-02 2.495170e-03
5.754395e-01 1.465016e-01 1.018972e+00 1.397812e+04 1.112120e+00 -6.021738e-03 2.568126e-03
6.025591e-01 7.656243e-02 1.017533e+00 1.144003e+04 9.103724e-01 1.431930e-02 2.897382e-03
6.309568e-01 1.565848e-02 1.024528e+00 1.005884e+04 8.004554e-01 -6.701171e-03 3.121853e-03
6.606929e-01 -3.153767e-02 1.033079e+00 9.556447e+03 7.604824e-01 8.796334e-03 3.365755e-03
6.918304e-01 -6.372390e-02 1.022035e+00 9.334715e+03 7.428544e-01 9.417534e-05 3.307581e-03
7.244353e-01 -8.725172e-02 9.891240e-01 8.950268e+03 7.122582e-01 1.931787e-02 3.274679e-03
7.585769e-01 -1.058736e-01 1.021649e+00 1.005449e+04 8.000619e-01 4.110968e-02 3.257394e-03
7.943276e-01 -1.236553e-01 9.958343e-01 1.009383e+04 8.031455e-01 -4.353940e-03 3.148437e-03
8.317630e-01 -1.424350e-01 1.009831e+00 1.126950e+04 8.969773e-01 -8.255899e-03 2.980828e-03
8.709628e-01 -1.624493e-01 1.038767e+00 1.217147e+04 9.685871e-01 -1.475739e-02 2.871513e-03
9.120100e-01 -1.830720e-01 9.885380e-01 1.237417e+04 9.846717e-01 1.083405e-01 2.868772e-03
9.549918e-01 -2.050299e-01 1.033529e+00 1.399535e+04 1.113358e+00 5.694735e-02 2.665639e-03
9.999991e-01 -2.286393e-01 1.011725e+00 1.483161e+04 1.179169e+00 5.447090e-02 2.599597e-03
1.047128e+00 -2.529865e-01 1.020962e+00 1.601724e+04 1.274433e+00 -2.309722e-02 2.415538e-03
1.096477e+00 -2.791101e-01 9.912022e-01 1.719570e+04 1.368991e+00 -7.873112e-02 2.338767e-03
1.148153e+00 -3.065192e-01 1.037718e+00 1.864693e+04 1.483702e+00 -1.207680e-02 2.212763e-03
1.202263e+00 -3.347943e-01 9.943558e-01 1.900563e+04 1.511574e+00 -3.069264e-02 2.016783e-03
1.258924e+00 -3.656067e-01 1.033594e+00 2.129555e+04 1.693448e+00 -7.054508e-03 2.037168e-03
1.318256e+00 -3.970902e-01 1.005309e+00 2.161075e+04 1.719908e+00 3.978503e-02 1.873851e-03
1.380383e+00 -4.302719e-01 1.043488e+00 2.368563e+04 1.884394e+00 -1.212239e-02 1.789093e-03
1.445438e+00 -4.653065e-01 9.980191e-01 2.458694e+04 1.951637e+00 -2.917504e-02 1.708865e-03
1.513560e+00 -5.027829e-01 1.034990e+00 2.801852e+04 2.231909e+00 -7.804513e-03 1.723886e-03
1.584892e+00 -5.401765e-01 1.018500e+00 2.832450e+04 2.255544e+00 -4.552978e-02 1.627445e-03
1.659585e+00 -5.807997e-01 1.032065e+00 2.967920e+04 2.358278e+00 -3.240353e-02 1.509428e-03
1.737799e+00 -6.228856e-01 1.030273e+00 3.219346e+04 2.558973e+00 -9.908080e-04 1.464248e-03
1.819699e+00 -6.674418e-01 9.880395e-01 3.236061e+04 2.577355e+00 -4.914808e-02 1.318932e-03
1.905459e+00 -7.127640e-01 9.973278e-01 3.535089e+04 2.818793e+00 -1.666522e-02 1.334071e-03
1.995260e+00 -7.606521e-01 1.034439e+00 3.772365e+04 3.000548e+00 3.942728e-03 1.288652e-03
2.089294e+00 -8.110914e-01 1.045408e+00 4.049030e+04 3.217794e+00 1.148939e-02 1.217127e-03
2.187760e+00 -8.639784e-01 1.001333e+00 4.167224e+04 3.305489e+00 -1.045626e-02 1.199365e-03
2.290866e+00 -9.177683e-01 1.031828e+00 4.706250e+04 3.745393e+00 -1.750541e-02 1.172900e-03
2.398831e+00 -9.757133e-01 9.862351e-01 4.538565e+04 3.609316e+00 2.926350e-02 1.091361e-03
2.511884e+00 -1.033731e+00 9.727659e-01 4.664038e+04 3.702262e+00 -5.424678e-03 1.035571e-03
2.630266e+00 -1.095555e+00 1.002640e+00 5.182474e+04 4.122431e+00 2.353287e-02 9.996891e-04
2.754227e+00 -1.159657e+00 9.773375e-01 5.493627e+04 4.373896e+00 3.585148e-02 9.367466e-04
2.884029e+00 -1.224849e+00 1.004049e+00 5.857286e+04 4.650189e+00 4.205883e-02 9.167194e-04
3.019950e+00 -1.293927e+00 1.003054e+00 6.149983e+04 4.893378e+00 7.997632e-03 8.786917e-04
3.162276e+00 -1.365256e+00 9.959996e-01 6.470041e+04 5.166806e+00 2.346754e-03 8.779764e-04
3.311309e+00 -1.438467e+00 1.008439e+00 6.786431e+04 5.403628e+00 5.851734e-02 8.255243e-04
3.467366e+00 -1.514390e+00 1.008466e+00 7.107255e+04 5.674192e+00 5.504394e-02 8.132458e-04
3.630778e+00 -1.593608e+00 9.526480e-01 7.199331e+04 5.688198e+00 2.689481e-03 7.505417e-04
3.801891e+00 -1.673024e+00 9.854478e-01 7.622661e+04 6.018603e+00 -2.525306e-02 7.388592e-04
3.981068e+00 -1.757501e+00 9.851170e-01 8.187964e+04 6.477606e+00 -1.982236e-02 7.536411e-04
4.168690e+00 -1.844022e+00 1.000855e+00 8.628391e+04 6.880586e+00 -1.032376e-02 6.849766e-04
4.365154e+00 -1.934181e+00 1.004233e+00 9.205006e+04 7.354231e+00 2.252424e-02 6.793737e-04
4.570877e+00 -2.025187e+00 1.013422e+00 9.787449e+04 7.733657e+00 2.299964e-02 6.527901e-04
4.786296e+00 -2.119412e+00 1.016301e+00 1.001398e+05 8.030321e+00 6.591082e-03 6.735325e-04
5.011867e+00 -2.213610e+00 1.026483e+00 1.069135e+05 8.496327e+00 2.441120e-02 6.085634e-04
5.248068e+00 -2.313958e+00 9.913777e-01 1.060434e+05 8.435212e+00 5.684614e-03 5.884171e-04
5.495402e+00 -2.416287e+00 9.877689e-01 1.087269e+05 8.600733e+00 -6.016028e-02 5.543232e-04
5.754392e+00 -2.516056e+00 1.019982e+00 1.211371e+05 9.441071e+00 6.573284e-02 5.569458e-04
6.025588e+00 -2.621375e+00 9.941128e-01 1.239695e+05 9.893071e+00 2.579570e-02 5.437136e-04
6.309565e+00 -2.728685e+00 9.851990e-01 1.255404e+05 9.969465e+00 -2.123570e-02 4.984140e-04
6.606925e+00 -2.837695e+00 9.988837e-01 1.353936e+05 1.083018e+01 9.726167e-03 5.006790e-04
6.918300e+00 -2.948422e+00 9.913195e-01 1.389497e+05 1.097787e+01 -1.489520e-04 4.756451e-04
7.244349e+00 -3.059261e+00 1.012152e+00 1.494985e+05 1.193025e+01 2.535570e-02 4.787445e-04
7.585764e+00 -3.170386e+00 1.018447e+00 1.596246e+05 1.268147e+01 2.017534e-02 4.605055e-04
7.943270e+00 -3.283560e+00 1.025744e+00 1.695392e+05 1.337665e+01 -1.497710e-02 4.866123e-04
8.317624e+00 -3.396750e+00 1.027774e+00 1.775990e+05 1.404638e+01 -3.509998e-03 4.477501e-04
8.709621e+00 -3.509187e+00 1.019453e+00 1.741985e+05 1.389868e+01 -5.968213e-04 4.459620e-04
9.120093e+00 -3.622700e+00 1.006846e+00 1.835148e+05 1.447419e+01 -8.495629e-03 4.243851e-04
9.549910e+00 -3.734473e+00 1.007118e+00 1.908852e+05 1.498348e+01 -1.586288e-02 4.137754e-04
9.999982e+00 -3.846320e+00 1.043526e+00 2.001348e+05 1.604282e+01 -3.788948e-02 3.902912e-04
1.047127e+01 -3.954646e+00 1.010593e+00 2.126350e+05 1.695955e+01 -3.099275e-02 3.924370e-04
1.096476e+01 -4.062275e+00 9.821206e-01 2.177339e+05 1.728550e+01 2.183545e-02 3.689528e-04
1.148152e+01 -4.167292e+00 9.934335e-01 2.275760e+05 1.808509e+01 2.772212e-02 3.659725e-04
1.202262e+01 -4.270630e+00 1.006269e+00 2.346209e+05 1.856383e+01 4.167819e-02 3.436804e-04
1.258923e+01 -4.363688e+00 9.845296e-01 2.354558e+05 1.901201e+01 4.330635e-03 3.463030e-04
1.318254e+01 -4.461918e+00 9.897934e-01 2.475460e+05 1.981161e+01 -4.917133e-02 3.442764e-04
1.380382e+01 -4.552065e+00 9.833605e-01 2.560310e+05 2.030562e+01 5.483627e-06 3.451109e-04
1.445437e+01 -4.635228e+00 9.806677e-01 2.686468e+05 2.098808e+01 -2.750462e-02 3.268719e-04
1.513558e+01 -4.712708e+00 9.480090e-01 2.698325e+05 2.108485e+01 2.700007e-02 3.200769e-04
1.584890e+01 -4.784076e+00 1.000594e+00 3.027649e+05 2.408969e+01 -7.960171e-02 3.235340e-04
1.659583e+01 -4.845834e+00 9.954469e-01 3.122862e+05 2.494022e+01 -1.325399e-02 3.089905e-04
1.737797e+01 -4.907433e+00 9.440465e-01 3.278449e+05 2.628476e+01 -3.475142e-02 3.019571e-04
1.819697e+01 -4.955240e+00 1.014676e+00 3.564793e+05 2.872428e+01 -2.072638e-02 2.996922e-04
1.905456e+01 -4.997183e+00 9.823010e-01 3.526347e+05 2.822008e+01 -4.086018e-02 2.952814e-04
1.995258e+01 -5.029344e+00 1.006867e+00 3.878352e+05 3.102630e+01 1.139724e-02 2.830029e-04
2.089291e+01 -5.054701e+00 9.886220e-01 4.000891e+05 3.183608e+01 -1.871264e-02 2.871752e-04
2.187756e+01 -5.066482e+00 9.903923e-01 4.327023e+05 3.420940e+01 -1.315171e-02 2.927780e-04
2.290862e+01 -5.074157e+00 9.981509e-01 4.589943e+05 3.648595e+01 -6.246251e-02 2.908707e-04
2.398827e+01 -5.068826e+00 9.827693e-01 4.572750e+05 3.644521e+01 -8.736956e-02 2.758503e-04
2.511880e+01 -5.052546e+00 1.014187e+00 5.042278e+05 4.005102e+01 -2.204841e-02 2.719164e-04
2.630261e+01 -5.027205e+00 1.005050e+00 5.189151e+05 4.129880e+01 -2.453744e-02 2.617836e-04
2.754222e+01 -4.993185e+00 1.017978e+00 5.600499e+05 4.447171e+01 1.024866e-02 2.809763e-04
2.884024e+01 -4.948442e+00 1.013091e+00 5.653802e+05 4.470089e+01 1.220906e-02 2.608299e-04
3.019944e+01 -4.896571e+00 1.018679e+00 6.210982e+05 4.962578e+01 -3.571904e-02 2.714396e-04
3.162269e+01 -4.837323e+00 1.004759e+00 6.310368e+05 5.003831e+01 -1.378822e-02 2.681017e-04
3.311302e+01 -4.766335e+00 9.809017e-01 6.597427e+05 5.219773e+01 -5.112845e-02 2.775192e-04
3.467359e+01 -4.687806e+00 9.841387e-01 6.952291e+05 5.518220e+01 -1.905674e-02 2.583265e-04
3.630770e+01 -4.604483e+00 9.524924e-01 6.892792e+05 5.493774e+01 -3.285199e-02 2.465248e-04
3.801883e+01 -4.503728e+00 9.806679e-01 7.447151e+05 5.915980e+01 -3.269690e-02 2.510548e-04
3.981060e+01 -4.401179e+00 9.863209e-01 7.728456e+05 6.176230e+01 -2.002180e-02 2.576113e-04
4.168681e+01 -4.300402e+00 9.903048e-01 8.387827e+05 6.687563e+01 4.685342e-02 2.677441e-04
4.365145e+01 -4.184708e+00 9.833639e-01 8.599592e+05 6.853085e+01 -6.118065e-02 2.489090e-04
4.570868e+01 -4.068017e+00 1.022716e+00 9.244857e+05 7.362380e+01 -7.587612e-03 2.648830e-04
4.786286e+01 -3.947272e+00 9.946325e-01 9.855015e+05 7.839590e+01 -1.984626e-02 2.444983e-04
5.011856e+01 -3.811619e+00 1.026268e+00 1.030207e+06 8.212904e+01 3.263354e-03 2.512932e-04
5.248058e+01 -3.686214e+00 9.969571e-01 1.050523e+06 8.371295e+01 -2.665514e-02 2.388954e-04
5.495391e+01 -3.552230e+00 1.014448e+00 1.129816e+06 8.985506e+01 -6.343722e-04 2.403259e-04
5.754380e+01 -3.414383e+00 9.812089e-01 1.142270e+06 9.075397e+01 1.291430e-02 2.505779e-04
6.025576e+01 -3.279743e+00 9.774359e-01 1.192642e+06 9.479523e+01 -4.049718e-03 2.458096e-04
6.309552e+01 -3.138533e+00 9.826049e-01 1.240584e+06 9.862513e+01 -7.310379e-02 2.365112e-04
6.606911e+01 -3.005645e+00 1.028072e+00 1.368587e+06 1.089486e+02 1.664472e-02 2.443790e-04
6.918285e+01 -2.870008e+00 9.989130e-01 1.381148e+06 1.098653e+02 -4.957378e-03 2.312660e-04
7.244334e+01 -2.736095e+00 9.793868e-01 1.409752e+06 1.121597e+02 -2.340263e-02 2.413988e-04
7.585748e+01 -2.591368e+00 9.946127e-01 1.478583e+06 1.176906e+02 -2.607131e-02 2.481937e-04
7.943253e+01 -2.452993e+00 9.607297e-01 1.451288e+06 1.154472e+02 1.566768e-02 2.232790e-04
8.317607e+01 -2.324450e+00 9.778903e-01 1.627522e+06 1.295012e+02 4.071832e-03 2.330542e-04
8.709604e+01 -2.186678e+00 9.855425e-01 1.645798e+06 1.309743e+02 2.269399e-02 2.416372e-04
9.120074e+01 -2.059546e+00 1.019152e+00 1.790996e+06 1.425124e+02 5.446315e-02 2.514124e-04
9.549889e+01 -1.929141e+00 1.037482e+00 1.933919e+06 1.539156e+02 4.479885e-02 2.398491e-04
9.999962e+01 -1.794037e+00 1.011116e+00 1.957582e+06 1.557586e+02 8.999860e-02 2.293587e-04
1.047124e+02 -1.681233e+00 9.859430e-01 1.994077e+06 1.586794e+02 4.701674e-02 2.276897e-04
1.096474e+02 -1.558542e+00 9.900749e-01 2.056210e+06 1.636221e+02 1.118875e-02 2.275705e-04
1.148149e+02 -1.441650e+00 1.001523e+00 2.263392e+06 1.800934e+02 1.529050e-02 2.287626e-04
1.202260e+02 -1.332830e+00 1.004302e+00 2.346449e+06 1.867206e+02 4.434586e-03 2.356768e-04
1.258920e+02 -1.222180e+00 1.000632e+00 2.658454e+06 2.115424e+02 6.493175e-02 2.262592e-04
1.318251e+02 -1.118422e+00 9.810767e-01 2.518154e+06 2.003942e+02 -1.150280e-02 2.249479e-04
1.380379e+02 -1.012177e+00 9.831788e-01 2.739591e+06 2.180111e+02 4.448771e-03 2.260208e-04
1.445434e+02 -9.052894e-01 1.018847e+00 2.910893e+06 2.316366e+02 -2.208167e-02 2.230406e-04
1.513555e+02 -8.032128e-01 9.937947e-01 2.850290e+06 2.268179e+02 -9.822249e-03 2.194643e-04
1.584886e+02 -7.178795e-01 9.837677e-01 3.082760e+06 2.453170e+02 -5.257547e-03 2.107620e-04
1.659580e+02 -6.290289e-01 9.690887e-01 3.339094e+06 2.657155e+02 6.363344e-02 2.243519e-04
1.737793e+02 -5.281006e-01 1.012909e+00 3.488820e+06 2.776301e+02 1.056038e-01 2.219677e-04
1.819693e+02 -4.589002e-01 9.727256e-01 3.480874e+06 2.769960e+02 3.836513e-02 2.195835e-04
1.905452e+02 -3.893142e-01 9.294336e-01 3.560364e+06 2.833228e+02 -3.549606e-02 2.257824e-04
1.995253e+02 -3.053767e-01 9.230418e-01 3.883819e+06 3.090651e+02 -1.196927e-02 2.095699e-04
2.089287e+02 -2.550872e-01 9.724554e-01 3.921221e+06 3.120402e+02 2.089059e-02 2.279282e-04
2.187752e+02 -1.528816e-01 1.015154e+00 4.441868e+06 3.534719e+02 -6.116587e-02 2.144575e-04
2.290857e+02 -8.620766e-02 1.009047e+00 4.557856e+06 3.627033e+02 -1.055002e-03 2.297163e-04
2.398822e+02 -1.481135e-02 9.450423e-01 4.537598e+06 3.610901e+02 -1.676124e-02 2.381802e-04
2.511875e+02 3.881126e-02 9.846362e-01 5.194190e+06 4.133410e+02 -7.220119e-02 2.155304e-04
2.630255e+02 9.945667e-02 1.004382e+00 5.272610e+06 4.195800e+02 3.799915e-03 2.255440e-04
2.754215e+02 1.543232e-01 1.006541e+00 5.477986e+06 4.359233e+02 2.543950e-02 2.251863e-04
2.884018e+02 2.218655e-01 9.963808e-01 5.498966e+06 4.375941e+02 -4.669660e-02 2.114773e-04
3.019937e+02 2.700334e-01 1.032671e+00 6.474104e+06 5.151947e+02 -6.816912e-02 2.366304e-04
3.162262e+02 3.220451e-01 1.021893e+00 6.639158e+06 5.283275e+02 -2.748436e-02 2.129078e-04
3.311295e+02 3.635414e-01 1.035032e+00 6.961076e+06 5.539459e+02 -3.315395e-02 2.263784e-04
3.467351e+02 4.004313e-01 1.024020e+00 7.087150e+06 5.639756e+02 7.208276e-02 2.264977e-04
3.630762e+02 4.578858e-01 9.810031e-01 6.940036e+06 5.522700e+02 -3.705698e-02 2.355576e-04
3.801874e+02 5.055906e-01 1.011658e+00 7.561922e+06 6.017565e+02 -3.675795e-02 2.161264e-04
3.981051e+02 5.392518e-01 9.418867e-01 7.092775e+06 5.644282e+02 -3.914034e-02 2.256632e-04
4.168672e+02 5.678374e-01 1.030537e+00 8.747860e+06 6.961360e+02 -6.844980e-02 2.188683e-04
4.365135e+02 5.970863e-01 1.035412e+00 9.080803e+06 7.226299e+02 -1.591700e-02 2.164841e-04
4.570858e+02 6.197003e-01 1.014532e+00 8.812833e+06 7.012994e+02 9.603345e-02 2.297163e-04
4.786275e+02 6.696662e-01 1.042753e+00 9.549613e+06 7.599277e+02 -4.752398e-03 2.262592e-04
5.011845e+02 7.020815e-01 9.943037e-01 1.031833e+07 8.211074e+02 -7.985848e-02 2.139807e-04
5.248046e+02 7.605251e-01 1.083133e+00 1.183010e+07 9.414115e+02 2.441645e-03 2.280474e-04
5.495378e+02 7.469875e-01 1.070729e+00 1.243248e+07 9.893386e+02 -3.511012e-02 2.107620e-04
5.754368e+02 7.683479e-01 9.713131e-01 1.100268e+07 8.755688e+02 1.316488e-02 2.273321e-04
6.025562e+02 7.953434e-01 9.477179e-01 1.124090e+07 8.945252e+02 -5.023438e-02 2.272129e-04
6.309538e+02 8.614014e-01 1.040018e+00 1.329960e+07 1.058352e+03 1.073897e-02 2.053976e-04
6.606897e+02 8.521413e-01 9.930042e-01 1.316543e+07 1.047659e+03 -4.376501e-02 2.117157e-04
6.918270e+02 9.198628e-01 1.035356e+00 1.506312e+07 1.198687e+03 -5.107981e-02 2.354383e-04
7.244318e+02 9.320037e-01 1.060642e+00 1.672434e+07 1.330878e+03 -7.107282e-02 2.264977e-04
7.585732e+02 8.430013e-01 1.012301e+00 1.621172e+07 1.290084e+03 -2.566069e-02 2.361536e-04
7.943236e+02 8.838932e-01 9.889656e-01 1.563992e+07 1.244582e+03 4.070699e-02 2.266169e-04
8.317589e+02 9.488438e-01 1.056271e+00 1.855802e+07 1.476803e+03 -7.545030e-02 2.152920e-04
8.709584e+02 9.026133e-01 9.802130e-01 1.756192e+07 1.397532e+03 -6.723839e-02 2.419949e-04
9.120054e+02 9.340554e-01 9.690452e-01 1.724542e+07 1.372341e+03 -9.753990e-02 2.082586e-04
9.549869e+02 9.374321e-01 1.102761e+00 2.268516e+07 1.805219e+03 -8.683860e-03 2.194643e-04
