#./overdamped_3d --dev=0 --amp=40.0 --omega=1.0 --force=0 --Dg=0.01 --block=256 --paths=65536 --periods=1000 --trans=100 --samples=100 --spp=1000 --algorithm=euler --pav=1 --mode=moments --domain=1d --domainx=l:-2:3:300:1 --domainy=a:0:10:100:0 --domainz=D:-6:-1:100:1 --q=2 --eps=0 --phi=1.57079632679 --lambda=0 --zeta=3.6 --comp=0 --mean=0.0 --second=10 --skew=0.0 --distribution=r>> comp_r_l:-2:3:300:1_0.0_10_3.6_40.0.dat
#l <<v>> qnu(q) mu_q Dx Gx EBx
1.000000e-02 3.908854e-02 9.956063e-01 1.562964e+03 1.253013e-01 -1.539230e-03 2.855563e-02
1.039122e-02 4.062293e-02 9.952326e-01 1.624892e+03 1.302323e-01 1.491201e-02 2.752805e-02
1.079775e-02 4.230437e-02 9.986726e-01 1.695010e+03 1.359525e-01 2.111709e-02 2.657914e-02
1.122018e-02 4.401318e-02 9.974719e-01 1.768840e+03 1.417026e-01 2.071762e-02 2.545726e-02
1.165914e-02 4.565899e-02 1.010004e+00 1.866600e+03 1.496566e-01 2.779222e-02 2.496719e-02
1.211527e-02 4.754439e-02 1.000901e+00 1.921483e+03 1.540122e-01 4.284251e-02 2.375913e-02
1.258925e-02 4.939996e-02 1.003365e+00 1.980474e+03 1.590921e-01 7.850647e-03 2.280760e-02
1.308177e-02 5.122841e-02 9.976817e-01 2.068566e+03 1.660800e-01 2.167022e-02 2.210402e-02
1.359356e-02 5.329135e-02 1.003953e+00 2.165696e+03 1.737276e-01 2.691841e-02 2.134943e-02
1.412537e-02 5.539710e-02 1.003385e+00 2.253566e+03 1.804923e-01 3.784513e-02 2.050495e-02
1.467799e-02 5.760488e-02 1.007276e+00 2.353092e+03 1.877307e-01 2.329719e-02 1.989365e-02
1.525222e-02 5.981595e-02 1.010296e+00 2.441159e+03 1.937301e-01 -6.210804e-05 1.911986e-02
1.584893e-02 6.211633e-02 1.011868e+00 2.548117e+03 2.013472e-01 -1.917148e-02 1.863277e-02
1.646897e-02 6.446803e-02 1.011077e+00 2.628894e+03 2.070842e-01 -7.239580e-03 1.779926e-02
1.711327e-02 6.708884e-02 1.005153e+00 2.704220e+03 2.122891e-01 -1.465249e-02 1.690435e-02
1.778278e-02 6.969832e-02 9.995869e-01 2.805106e+03 2.203475e-01 -6.390870e-03 1.629066e-02
1.847849e-02 7.243170e-02 1.000302e+00 2.913744e+03 2.284110e-01 -2.213854e-02 1.575124e-02
1.920141e-02 7.516085e-02 1.008785e+00 3.052600e+03 2.392148e-01 -8.630753e-04 1.528883e-02
1.995261e-02 7.808642e-02 9.993961e-01 3.133504e+03 2.455985e-01 -1.234764e-02 1.463377e-02
2.073320e-02 8.114221e-02 1.013083e+00 3.323502e+03 2.597085e-01 9.795547e-03 1.439703e-02
2.154433e-02 8.430086e-02 1.013400e+00 3.440285e+03 2.701406e-01 4.485047e-02 1.377702e-02
2.238719e-02 8.763379e-02 1.016552e+00 3.622668e+03 2.850415e-01 1.334465e-02 1.336408e-02
2.326303e-02 9.103340e-02 1.012465e+00 3.707103e+03 2.940860e-01 1.708293e-02 1.269650e-02
2.417313e-02 9.454449e-02 1.011924e+00 3.873740e+03 3.098050e-01 -7.031500e-03 1.235902e-02
2.511884e-02 9.827501e-02 1.013772e+00 4.066792e+03 3.279586e-01 3.490806e-03 1.197028e-02
2.610155e-02 1.021260e-01 1.007148e+00 4.185552e+03 3.391791e-01 2.886045e-02 1.144433e-02
2.712270e-02 1.062044e-01 1.006761e+00 4.347553e+03 3.543435e-01 1.115930e-02 1.099372e-02
2.818380e-02 1.103353e-01 1.009373e+00 4.549089e+03 3.706097e-01 5.042076e-03 1.073503e-02
2.928642e-02 1.147629e-01 1.011108e+00 4.692199e+03 3.819470e-01 5.888939e-03 1.026022e-02
3.043217e-02 1.191623e-01 1.003143e+00 4.772312e+03 3.888702e-01 2.938807e-02 9.713292e-03
3.162274e-02 1.238379e-01 9.891540e-01 4.869119e+03 3.960421e-01 2.071977e-03 9.150147e-03
3.285990e-02 1.285652e-01 9.913425e-01 5.079860e+03 4.144842e-01 -2.835095e-03 8.884430e-03
3.414545e-02 1.336108e-01 1.000348e+00 5.356751e+03 4.366217e-01 -3.179562e-02 8.709788e-03
3.548130e-02 1.389471e-01 9.953815e-01 5.528978e+03 4.496973e-01 -1.758653e-02 8.284569e-03
3.686940e-02 1.444240e-01 1.002242e+00 5.829708e+03 4.726106e-01 -1.133573e-02 8.069158e-03
3.831182e-02 1.499976e-01 1.015064e+00 6.152358e+03 4.943900e-01 -2.844751e-03 7.873058e-03
3.981066e-02 1.558940e-01 1.010383e+00 6.248587e+03 4.985330e-01 -1.407027e-03 7.429004e-03
4.136815e-02 1.620795e-01 1.007189e+00 6.520780e+03 5.174326e-01 4.918814e-03 7.227421e-03
4.298656e-02 1.683070e-01 9.982617e-01 6.630843e+03 5.252212e-01 -1.990032e-02 6.865501e-03
4.466829e-02 1.749546e-01 1.001757e+00 6.865983e+03 5.431958e-01 -1.811504e-02 6.587267e-03
4.641582e-02 1.817683e-01 9.939810e-01 6.997392e+03 5.553612e-01 -3.393954e-02 6.261945e-03
4.823171e-02 1.887288e-01 9.906954e-01 7.349155e+03 5.786575e-01 -1.664323e-02 6.066561e-03
5.011865e-02 1.961518e-01 9.932100e-01 7.671003e+03 5.998350e-01 -3.877562e-02 5.897284e-03
5.207940e-02 2.039331e-01 9.996414e-01 7.987858e+03 6.219178e-01 -4.451996e-02 5.694985e-03
5.411686e-02 2.118618e-01 1.006677e+00 8.360540e+03 6.505657e-01 -3.836077e-02 5.537748e-03
5.623404e-02 2.203454e-01 9.949777e-01 8.617769e+03 6.720516e-01 -3.482234e-02 5.307317e-03
5.843404e-02 2.287658e-01 9.907315e-01 8.810842e+03 6.891707e-01 -1.782614e-02 5.080462e-03
6.072012e-02 2.376015e-01 9.979140e-01 9.181796e+03 7.247717e-01 -3.038305e-02 4.876137e-03
6.309562e-02 2.467364e-01 9.952555e-01 9.681286e+03 7.641824e-01 -1.832348e-02 4.772902e-03
6.556407e-02 2.565544e-01 9.992281e-01 1.021788e+04 8.040707e-01 -2.028322e-02 4.647136e-03
6.812909e-02 2.665933e-01 1.004373e+00 1.055909e+04 8.308684e-01 -1.439154e-02 4.473567e-03
7.079445e-02 2.770035e-01 1.002401e+00 1.082487e+04 8.605905e-01 3.343821e-03 4.271984e-03
7.356408e-02 2.876494e-01 9.953038e-01 1.117276e+04 8.906111e-01 1.682580e-02 4.078865e-03
7.644208e-02 2.990322e-01 1.005327e+00 1.181075e+04 9.353138e-01 3.081930e-02 4.043579e-03
7.943267e-02 3.105623e-01 9.916276e-01 1.215015e+04 9.521245e-01 2.482855e-02 3.877521e-03
8.254025e-02 3.227509e-01 9.998165e-01 1.280554e+04 1.004327e+00 5.007839e-02 3.775954e-03
8.576941e-02 3.353176e-01 1.003078e+00 1.331644e+04 1.043340e+00 1.338792e-02 3.646970e-03
8.912491e-02 3.485506e-01 1.002834e+00 1.378711e+04 1.069163e+00 -4.677236e-03 3.577232e-03
9.261168e-02 3.621365e-01 1.015374e+00 1.441229e+04 1.099761e+00 -6.536186e-03 3.491879e-03
9.623486e-02 3.763517e-01 1.010417e+00 1.506100e+04 1.164179e+00 -2.070820e-02 3.363729e-03
9.999978e-02 3.911279e-01 1.018281e+00 1.591150e+04 1.290667e+00 -3.075838e-03 3.288269e-03
1.039120e-01 4.061557e-01 1.016494e+00 1.655086e+04 1.408163e+00 -1.253253e-02 3.175855e-03
1.079773e-01 4.221801e-01 1.022706e+00 1.736833e+04 1.507476e+00 -1.520693e-03 3.089666e-03
1.122016e-01 4.387865e-01 1.011878e+00 1.782773e+04 1.516229e+00 -9.489059e-03 2.946734e-03
1.165912e-01 4.560000e-01 1.007227e+00 1.824647e+04 1.514757e+00 -1.181424e-02 2.798796e-03
1.211525e-01 4.736801e-01 1.017315e+00 1.928329e+04 1.578180e+00 -3.782630e-03 2.758741e-03
1.258922e-01 4.923667e-01 1.006065e+00 1.971706e+04 1.595608e+00 3.893256e-03 2.600193e-03
1.308174e-01 5.117772e-01 1.006331e+00 2.054510e+04 1.644628e+00 -1.760298e-02 2.551675e-03
1.359353e-01 5.314271e-01 1.005073e+00 2.124086e+04 1.645344e+00 -1.495093e-02 2.426744e-03
1.412534e-01 5.520345e-01 1.006100e+00 2.209677e+04 1.681472e+00 3.247142e-03 2.363443e-03
1.467796e-01 5.739192e-01 1.003416e+00 2.292829e+04 1.732959e+00 1.887321e-03 2.258897e-03
1.525219e-01 5.961949e-01 1.005830e+00 2.371829e+04 1.833544e+00 -6.925642e-03 2.172828e-03
1.584889e-01 6.194620e-01 1.008503e+00 2.461226e+04 1.949409e+00 -9.094238e-03 2.103567e-03
1.646893e-01 6.435454e-01 1.005916e+00 2.505701e+04 2.034955e+00 -2.128685e-02 2.001882e-03
1.711324e-01 6.690166e-01 1.006761e+00 2.630078e+04 2.163871e+00 -3.090256e-02 1.968384e-03
1.778274e-01 6.948895e-01 9.981253e-01 2.695469e+04 2.235490e+00 -3.571564e-02 1.874804e-03
1.847845e-01 7.217385e-01 1.000141e+00 2.814003e+04 2.264297e+00 -3.307968e-02 1.835108e-03
1.920137e-01 7.498045e-01 9.980993e-01 2.908998e+04 2.286897e+00 -3.183216e-02 1.753688e-03
1.995257e-01 7.789346e-01 9.847778e-01 2.947461e+04 2.256817e+00 -2.984661e-02 1.667023e-03
2.073316e-01 8.098076e-01 9.876002e-01 3.124156e+04 2.383186e+00 -9.851158e-03 1.624584e-03
2.154428e-01 8.412669e-01 9.920805e-01 3.201308e+04 2.506850e+00 -1.482081e-02 1.583338e-03
2.238715e-01 8.738151e-01 9.872302e-01 3.344758e+04 2.756086e+00 -1.782823e-02 1.538515e-03
2.326298e-01 9.075783e-01 9.946640e-01 3.502471e+04 2.916196e+00 -2.383298e-02 1.500964e-03
2.417308e-01 9.435762e-01 9.959937e-01 3.640568e+04 2.975561e+00 -2.911466e-02 1.467347e-03
2.511879e-01 9.803614e-01 1.006610e+00 3.834732e+04 3.082513e+00 -1.258403e-02 1.446247e-03
2.610149e-01 1.018989e+00 1.001961e+00 3.934590e+04 3.047180e+00 -3.702492e-02 1.384258e-03
2.712264e-01 1.058774e+00 9.951190e-01 4.040921e+04 3.111797e+00 -1.943916e-02 1.330376e-03
2.818374e-01 1.099764e+00 9.876263e-01 4.102725e+04 3.308831e+00 -1.332128e-02 1.262784e-03
2.928635e-01 1.142833e+00 9.901155e-01 4.290693e+04 3.403051e+00 1.242578e-02 1.243114e-03
3.043210e-01 1.187571e+00 9.956931e-01 4.459627e+04 3.636690e+00 -5.413473e-03 1.210570e-03
3.162267e-01 1.234247e+00 9.903600e-01 4.575902e+04 3.609634e+00 1.233518e-02 1.157999e-03
3.285983e-01 1.282571e+00 9.874258e-01 4.803002e+04 3.912665e+00 5.046487e-03 1.147747e-03
3.414538e-01 1.332519e+00 9.962887e-01 4.939132e+04 4.094738e+00 1.549006e-03 1.077175e-03
3.548123e-01 1.384587e+00 9.986764e-01 5.163476e+04 4.020254e+00 1.263893e-02 1.062632e-03
3.686934e-01 1.439253e+00 9.847851e-01 5.306248e+04 4.011978e+00 -1.226914e-02 1.013756e-03
3.831175e-01 1.495149e+00 9.891897e-01 5.516757e+04 4.053358e+00 -1.568866e-02 1.005888e-03
3.981059e-01 1.554043e+00 9.899791e-01 5.826017e+04 4.566473e+00 -2.930677e-02 9.880066e-04
4.136808e-01 1.614085e+00 9.948145e-01 6.078254e+04 5.018474e+00 5.455256e-03 9.542704e-04
4.298649e-01 1.676724e+00 9.999363e-01 6.399601e+04 5.290310e+00 5.470634e-03 9.226799e-04
4.466822e-01 1.741969e+00 1.000240e+00 6.573800e+04 5.418907e+00 -1.198828e-03 9.139776e-04
4.641575e-01 1.809227e+00 1.011404e+00 6.990277e+04 5.620079e+00 -2.815962e-02 8.991957e-04
4.823164e-01 1.879993e+00 1.008011e+00 7.142269e+04 5.718119e+00 -2.962595e-02 8.621216e-04
5.011858e-01 1.952736e+00 1.000530e+00 7.330001e+04 5.718119e+00 -3.204870e-02 8.432865e-04
5.207933e-01 2.028500e+00 9.949887e-01 7.517137e+04 6.066986e+00 -2.468067e-02 7.914305e-04
5.411680e-01 2.108100e+00 9.902411e-01 7.735559e+04 6.212135e+00 -2.460510e-02 7.932186e-04
5.623397e-01 2.189863e+00 9.833562e-01 7.958484e+04 6.313995e+00 -1.750892e-02 7.483959e-04
5.843398e-01 2.275071e+00 9.890460e-01 8.283677e+04 6.796553e+00 -2.436316e-02 7.379055e-04
6.072005e-01 2.363875e+00 9.886949e-01 8.737963e+04 6.504981e+00 -2.207881e-02 7.039309e-04
6.309556e-01 2.455713e+00 9.890821e-01 8.953945e+04 7.077939e+00 -8.441150e-03 6.881952e-04
6.556400e-01 2.551085e+00 9.830369e-01 9.335802e+04 7.496834e+00 -8.727908e-04 6.844997e-04
6.812901e-01 2.649917e+00 9.758824e-01 9.536505e+04 6.442592e+00 -2.168357e-03 6.427765e-04
7.079438e-01 2.753350e+00 9.664487e-01 9.802796e+04 7.794772e+00 -2.226472e-03 6.380081e-04
7.356402e-01 2.860142e+00 9.664617e-01 1.018849e+05 8.431392e+00 -1.183188e-02 5.959272e-04
7.644201e-01 2.971783e+00 9.593123e-01 1.045944e+05 8.854108e+00 -3.755629e-03 5.881786e-04
7.943260e-01 3.087120e+00 9.686404e-01 1.088071e+05 8.110536e+00 -1.072735e-02 5.745888e-04
8.254018e-01 3.206816e+00 9.666942e-01 1.124064e+05 9.292102e+00 -5.645752e-04 5.384684e-04
8.576935e-01 3.331170e+00 9.590566e-01 1.157459e+05 1.057807e+01 -1.646578e-03 5.334616e-04
8.912484e-01 3.460490e+00 9.766228e-01 1.236846e+05 9.933815e+00 -1.168531e-02 5.143881e-04
9.261161e-01 3.593929e+00 9.833652e-01 1.286927e+05 9.180057e+00 -1.824021e-03 5.334616e-04
9.623479e-01 3.733947e+00 9.786018e-01 1.332893e+05 9.554389e+00 -1.979208e-02 4.913807e-04
9.999971e-01 3.878474e+00 9.871714e-01 1.388921e+05 1.117395e+01 -7.049620e-03 4.892349e-04
1.039119e+00 4.028903e+00 9.961306e-01 1.470110e+05 1.112811e+01 8.728862e-03 4.873276e-04
1.079772e+00 4.184554e+00 9.851002e-01 1.485281e+05 1.195827e+01 8.184671e-03 4.516840e-04
1.122015e+00 4.346586e+00 9.954361e-01 1.580017e+05 1.234024e+01 2.313173e-02 4.667044e-04
1.165911e+00 4.515385e+00 9.943699e-01 1.616144e+05 1.155083e+01 1.006985e-02 4.448891e-04
1.211524e+00 4.690598e+00 1.001733e+00 1.704300e+05 1.385285e+01 -1.107180e-02 4.401207e-04
1.258922e+00 4.872647e+00 1.007919e+00 1.774617e+05 1.522794e+01 4.621744e-04 4.427433e-04
1.308174e+00 5.060936e+00 9.992391e-01 1.834116e+05 1.409221e+01 1.823449e-02 4.297495e-04
1.359353e+00 5.257456e+00 1.006570e+00 1.923215e+05 1.530943e+01 -1.667565e-02 4.204512e-04
1.412534e+00 5.461579e+00 1.010930e+00 2.000468e+05 1.651137e+01 2.156138e-03 4.138947e-04
1.467795e+00 5.672618e+00 1.007287e+00 2.071630e+05 1.616505e+01 -8.012176e-03 4.062653e-04
1.525219e+00 5.891994e+00 1.001724e+00 2.120421e+05 1.697992e+01 -5.473733e-03 3.900528e-04
1.584889e+00 6.119797e+00 9.844964e-01 2.123591e+05 1.754015e+01 -1.433021e-02 3.564358e-04
1.646893e+00 6.357576e+00 9.864742e-01 2.226511e+05 1.544185e+01 2.792478e-03 3.466606e-04
1.711323e+00 6.601712e+00 9.784719e-01 2.275534e+05 1.885413e+01 6.922603e-03 3.463030e-04
1.778274e+00 6.857117e+00 9.980052e-01 2.444301e+05 2.277571e+01 5.879235e-02 3.267527e-04
1.847844e+00 7.122483e+00 9.986368e-01 2.489348e+05 2.510828e+01 7.931447e-02 3.430843e-04
1.920137e+00 7.396344e+00 9.984178e-01 2.608787e+05 2.067741e+01 3.309488e-02 3.325939e-04
1.995257e+00 7.680953e+00 1.001985e+00 2.737482e+05 2.546479e+01 3.843164e-02 3.083944e-04
2.073316e+00 7.976439e+00 1.003116e+00 2.840208e+05 2.668710e+01 2.831364e-02 3.088713e-04
2.154429e+00 8.284287e+00 9.972504e-01 2.916301e+05 2.577037e+01 3.420031e-02 2.900362e-04
2.238715e+00 8.603756e+00 9.903858e-01 3.022530e+05 2.601483e+01 1.558781e-02 2.820492e-04
2.326299e+00 8.935323e+00 1.004784e+00 3.151400e+05 2.972250e+01 2.135444e-02 2.815723e-04
2.417309e+00 9.279554e+00 1.007193e+00 3.270953e+05 2.391653e+01 2.192485e-02 2.776384e-04
2.511880e+00 9.636922e+00 1.007277e+00 3.416062e+05 2.583148e+01 4.199982e-03 2.700090e-04
2.610151e+00 1.000859e+01 1.011095e+00 3.611876e+05 2.872428e+01 3.241122e-02 2.785921e-04
2.712266e+00 1.039215e+01 1.021561e+00 3.793249e+05 2.599446e+01 3.376329e-02 2.621412e-04
2.818376e+00 1.079100e+01 1.000281e+00 3.765909e+05 2.990585e+01 6.639099e-02 2.428293e-04
2.928637e+00 1.120501e+01 9.931868e-01 3.797106e+05 3.214675e+01 5.607522e-02 2.545118e-04
3.043212e+00 1.163516e+01 9.898406e-01 3.940218e+05 3.218750e+01 4.559016e-02 2.140999e-04
3.162270e+00 1.208217e+01 9.828728e-01 4.039491e+05 3.585442e+01 3.340876e-02 2.273321e-04
3.285985e+00 1.254396e+01 9.930895e-01 4.190274e+05 3.243196e+01 6.956220e-03 2.155304e-04
3.414541e+00 1.302509e+01 9.825723e-01 4.317607e+05 3.471360e+01 2.091277e-02 2.001524e-04
3.548125e+00 1.352263e+01 9.860322e-01 4.468159e+05 3.781012e+01 1.824284e-02 1.956224e-04
3.686936e+00 1.404118e+01 9.960908e-01 4.710562e+05 2.754272e+01 1.766241e-02 1.994371e-04
3.831177e+00 1.457757e+01 9.813142e-01 4.745987e+05 3.251344e+01 4.039693e-02 1.976490e-04
3.981061e+00 1.513700e+01 9.835397e-01 4.898241e+05 5.125553e+01 3.586221e-02 1.733303e-04
4.136810e+00 1.571540e+01 9.932004e-01 5.220125e+05 3.772863e+01 3.645146e-02 1.778603e-04
4.298651e+00 1.631790e+01 9.872860e-01 5.399119e+05 2.224604e+01 4.397643e-02 1.763105e-04
4.466824e+00 1.694075e+01 9.927469e-01 5.545729e+05 4.465506e+01 4.961598e-02 1.627207e-04
4.641576e+00 1.759049e+01 9.838056e-01 5.664141e+05 3.137262e+01 3.159761e-02 1.690388e-04
4.823165e+00 1.826103e+01 9.776253e-01 5.752044e+05 4.669224e+01 3.358662e-02 1.620054e-04
5.011858e+00 1.895851e+01 9.956222e-01 6.130082e+05 2.819462e+01 2.882600e-02 1.528263e-04
5.207934e+00 1.968226e+01 9.888448e-01 6.319164e+05 4.889240e+01 1.773667e-02 1.337528e-04
5.411680e+00 2.043574e+01 9.874349e-01 6.428541e+05 3.430616e+01 2.053440e-02 1.318455e-04
5.623397e+00 2.121488e+01 9.851617e-01 6.571079e+05 6.567879e+01 8.003473e-03 1.355410e-04
5.843397e+00 2.202336e+01 9.710254e-01 6.559401e+05 5.361866e+01 3.683567e-03 1.165867e-04
6.072004e+00 2.286193e+01 9.633196e-01 6.675033e+05 7.333859e+01 1.823866e-02 1.062155e-04
6.309555e+00 2.373259e+01 9.610612e-01 6.800920e+05 7.594619e+01 -1.411223e-02 1.133680e-04
6.556399e+00 2.463898e+01 9.641967e-01 7.138068e+05 7.415347e+01 -1.995850e-02 1.193285e-04
6.812900e+00 2.557849e+01 9.505464e-01 7.267742e+05 4.889240e+01 -3.342611e-02 1.130104e-04
7.079436e+00 2.655392e+01 9.505305e-01 7.407474e+05 7.692403e+01 -1.787847e-02 9.608269e-05
7.356400e+00 2.756783e+01 9.514854e-01 7.636300e+05 6.633069e+01 -1.801497e-02 1.059771e-04
7.644198e+00 2.861837e+01 9.655950e-01 8.088606e+05 3.666930e+01 -1.349330e-02 1.109838e-04
7.943257e+00 2.970787e+01 9.740327e-01 8.497992e+05 8.507277e+01 -3.049493e-02 9.477139e-05
8.254015e+00 3.084164e+01 9.770291e-01 8.785438e+05 1.016962e+02 -5.731171e-02 8.058548e-05
8.576931e+00 3.201484e+01 9.667537e-01 9.000463e+05 2.542405e+01 -5.125684e-02 8.237362e-05
8.912479e+00 3.323609e+01 9.764714e-01 9.277764e+05 6.844936e+01 -4.597622e-02 7.259846e-05
9.261156e+00 3.450211e+01 9.644986e-01 9.431936e+05 6.812341e+01 1.157355e-02 6.878376e-05
9.623473e+00 3.581422e+01 9.624788e-01 9.741401e+05 8.898416e+01 5.234241e-03 7.140636e-05
9.999966e+00 3.718093e+01 9.596258e-01 9.951129e+05 6.714556e+01 -8.706450e-03 7.462502e-05
1.039119e+01 3.859740e+01 9.490439e-01 1.008092e+06 7.724998e+01 -1.821905e-02 6.222725e-05
1.079772e+01 4.006981e+01 9.593235e-01 1.056694e+06 1.316835e+02 -2.313465e-02 6.377697e-05
1.122015e+01 4.159831e+01 9.488948e-01 1.077387e+06 1.284240e+02 -1.439083e-02 5.841255e-05
1.165910e+01 4.318382e+01 9.525353e-01 1.128332e+06 1.434177e+02 1.884580e-02 6.556511e-05
1.211523e+01 4.483179e+01 9.714033e-01 1.205113e+06 9.452530e+01 -8.008003e-03 6.115437e-05
1.258921e+01 4.654448e+01 9.702357e-01 1.239776e+06 -3.520253e+01 -7.137656e-03 6.353855e-05
1.308173e+01 4.832010e+01 9.642646e-01 1.264914e+06 1.251645e+02 -4.769683e-03 6.020069e-05
1.359352e+01 5.016449e+01 9.822350e-01 1.345023e+06 3.259493e+00 -4.995924e-02 5.865097e-05
1.412532e+01 5.208290e+01 9.803269e-01 1.397293e+06 1.062595e+02 -3.811836e-02 5.519390e-05
1.467794e+01 5.407357e+01 9.683154e-01 1.429831e+06 1.408101e+02 -3.416449e-02 5.531311e-05
1.525217e+01 5.613985e+01 9.619012e-01 1.446327e+06 3.389873e+01 -1.250637e-02 3.433228e-05
1.584887e+01 5.828852e+01 9.610195e-01 1.480124e+06 1.753607e+02 -1.255935e-02 3.504753e-05
1.646892e+01 6.051580e+01 9.693650e-01 1.569451e+06 2.477215e+02 1.085901e-02 4.231930e-05
1.711322e+01 6.283333e+01 9.732312e-01 1.642662e+06 1.721012e+02 -1.615018e-02 4.804134e-05
1.778273e+01 6.523840e+01 9.653576e-01 1.686329e+06 3.546328e+02 7.976294e-03 5.424023e-05
1.847843e+01 6.773704e+01 9.681516e-01 1.761896e+06 -2.698860e+02 -1.676893e-02 3.862381e-05
1.920134e+01 7.033704e+01 9.769490e-01 1.828136e+06 2.529367e+02 -1.068234e-03 2.598763e-05
1.995255e+01 7.303779e+01 9.926289e-01 1.925458e+06 1.290759e+02 1.584339e-02 3.409386e-05
2.073313e+01 7.584011e+01 1.004498e+00 2.060034e+06 6.518986e+00 2.147889e-02 5.865097e-05
2.154426e+01 7.874953e+01 1.017611e+00 2.190970e+06 3.207341e+02 -1.863635e-02 2.694130e-05
2.238712e+01 8.177223e+01 1.005193e+00 2.217194e+06 -5.736708e+01 1.831162e-02 5.745888e-05
2.326295e+01 8.491820e+01 1.007439e+00 2.303756e+06 3.050886e+02 -2.071983e-02 2.717972e-05
2.417306e+01 8.818634e+01 9.963810e-01 2.358128e+06 1.056076e+03 3.542304e-03 2.276897e-05
2.511876e+01 9.158181e+01 9.904578e-01 2.407448e+06 4.719746e+02 -3.434068e-02 4.076958e-05
2.610146e+01 9.510793e+01 9.949903e-01 2.482846e+06 4.693670e+01 -4.299575e-02 2.539158e-05
2.712261e+01 9.876727e+01 9.663466e-01 2.499863e+06 5.475948e+01 -1.611638e-02 2.908707e-05
2.818371e+01 1.025732e+02 9.747868e-01 2.561772e+06 1.684506e+03 -1.153791e-02 3.683567e-05
2.928632e+01 1.065297e+02 9.709449e-01 2.652820e+06 9.178732e+02 -2.471650e-02 2.276897e-05
3.043207e+01 1.106382e+02 9.884431e-01 2.777457e+06 -6.101771e+02 -6.448579e-02 2.694130e-05
3.162264e+01 1.149001e+02 9.737243e-01 2.770238e+06 2.208633e+03 -1.928437e-02 2.360344e-05
3.285979e+01 1.193411e+02 9.714428e-01 2.901139e+06 4.172151e+02 -1.797551e-02 3.302097e-05
3.414534e+01 1.239500e+02 9.846597e-01 3.097295e+06 5.997467e+02 2.207696e-02 2.145767e-05
3.548118e+01 1.287359e+02 9.991962e-01 3.276701e+06 -1.355949e+02 1.106536e-02 2.491474e-05
3.686928e+01 1.337118e+02 1.014830e+00 3.476006e+06 1.903544e+03 3.703082e-02 3.206730e-05
3.831170e+01 1.388896e+02 9.961218e-01 3.496129e+06 1.084759e+03 3.357089e-02 1.478195e-05
3.981053e+01 1.442675e+02 9.962813e-01 3.617102e+06 9.908859e+01 -3.600186e-02 3.266335e-05
4.136801e+01 1.498573e+02 9.918979e-01 3.681943e+06 -9.335188e+02 -1.715690e-02 1.728535e-05
4.298642e+01 1.556652e+02 9.930398e-01 3.900809e+06 -3.024810e+02 -1.667923e-02 1.072884e-06
4.466815e+01 1.616907e+02 9.921144e-01 4.114050e+06 -7.457720e+02 3.461695e-02 7.629395e-06
4.641567e+01 1.679792e+02 1.002844e+00 4.344428e+06 -1.439392e+03 4.240310e-02 2.336502e-05
4.823155e+01 1.744997e+02 1.000180e+00 4.578338e+06 -4.318176e+03 1.684463e-02 9.059906e-06
5.011848e+01 1.812599e+02 1.019644e+00 4.780200e+06 4.943999e+03 3.640771e-02 1.537800e-05
5.207923e+01 1.882985e+02 1.021403e+00 4.981886e+06 3.734075e+03 6.789446e-03 2.098083e-05
5.411669e+01 1.956031e+02 1.022385e+00 5.038212e+06 7.645467e+03 4.748726e-02 -1.192093e-07
5.623386e+01 2.032211e+02 1.019458e+00 5.362314e+06 -1.537438e+04 -4.592538e-03 3.063679e-05
5.843385e+01 2.111154e+02 1.030327e+00 5.605440e+06 -8.313011e+03 -8.852184e-03 6.318092e-06
6.071991e+01 2.192880e+02 1.013923e+00 5.709763e+06 2.662876e+04 -4.897982e-02 2.622604e-06
6.309542e+01 2.278481e+02 9.877136e-01 5.514999e+06 -2.826632e+04 5.480051e-04 1.227856e-05
6.556385e+01 2.367163e+02 9.838217e-01 5.701196e+06 -8.740656e+03 -2.803624e-02 1.883507e-05
6.812886e+01 2.459342e+02 9.677368e-01 5.854613e+06 -2.903817e+04 -1.615691e-02 1.883507e-05
7.079421e+01 2.554866e+02 9.720582e-01 5.946048e+06 -7.509872e+02 -1.233739e-02 1.549721e-06
7.356384e+01 2.654613e+02 9.873244e-01 6.636896e+06 -2.232101e+04 -4.947859e-02 -9.357929e-06
7.644183e+01 2.757662e+02 9.709280e-01 6.778926e+06 -1.072243e+04 -3.244191e-02 5.245209e-06
7.943240e+01 2.865367e+02 9.729317e-01 7.076528e+06 -3.312688e+04 -4.973418e-02 1.966953e-05
8.253998e+01 2.976737e+02 9.671792e-01 7.246441e+06 2.674349e+04 -6.220573e-02 6.675720e-06
8.576913e+01 3.092710e+02 9.664926e-01 7.232180e+06 3.237589e+04 -8.011752e-02 3.075600e-05
8.912461e+01 3.213483e+02 9.417257e-01 7.629318e+06 -1.355949e+03 -9.831291e-02 3.266335e-05
9.261137e+01 3.338749e+02 9.726610e-01 8.032194e+06 3.646460e+04 3.293204e-02 -3.457069e-06
9.623454e+01 3.469204e+02 9.637927e-01 8.330782e+06 2.937194e+04 -7.522166e-03 3.576279e-06
9.999945e+01 3.604372e+02 1.007064e+00 9.271294e+06 6.558622e+04 -8.073449e-03 2.515316e-05
1.039117e+02 3.745524e+02 1.014903e+00 9.583048e+06 -6.775573e+04 -1.793951e-02 -1.090765e-05
1.079769e+02 3.890785e+02 1.053207e+00 1.097683e+07 1.315896e+05 -6.190830e-02 2.729893e-05
1.122012e+02 4.042872e+02 1.008083e+00 1.061820e+07 8.869994e+04 -5.020082e-03 -1.382828e-05
1.165908e+02 4.200323e+02 9.953552e-01 1.017500e+07 1.610450e+05 3.371227e-02 -4.309416e-05
1.211521e+02 4.364486e+02 1.064701e+00 1.215832e+07 1.120640e+05 4.296553e-02 1.907349e-06
1.258918e+02 4.535562e+02 1.055643e+00 1.277525e+07 -9.950580e+04 1.693010e-03 2.455711e-05
1.308170e+02 4.713511e+02 1.049241e+00 1.265628e+07 -2.880036e+05 1.975131e-02 -3.296137e-05
1.359349e+02 4.897532e+02 1.015921e+00 1.268409e+07 -2.871274e+05 -2.059031e-02 7.987022e-06
1.412529e+02 5.086929e+02 1.030643e+00 1.374711e+07 2.826215e+05 -8.641732e-02 2.861023e-05
1.467791e+02 5.287980e+02 1.045401e+00 1.379555e+07 -3.457044e+05 -2.968252e-02 3.373623e-05
1.525214e+02 5.494916e+02 1.077426e+00 1.479571e+07 -3.910974e+05 2.611411e-02 9.298325e-06
1.584884e+02 5.708951e+02 1.054322e+00 1.589787e+07 -1.874965e+05 -2.295929e-02 -1.925230e-05
1.646888e+02 5.931182e+02 9.858915e-01 1.464200e+07 3.187523e+04 -3.746742e-02 -3.987551e-05
1.711318e+02 6.162338e+02 9.994580e-01 1.473166e+07 2.979750e+05 -1.181912e-02 -4.595518e-05
1.778269e+02 6.404478e+02 1.037711e+00 1.603738e+07 -3.170835e+05 6.707072e-03 4.351139e-05
1.847839e+02 6.652598e+02 1.048891e+00 1.836670e+07 4.504254e+05 -1.942885e-02 1.204014e-05
1.920130e+02 6.912996e+02 1.028513e+00 1.941039e+07 1.982606e+05 -6.175953e-02 3.111362e-05
1.995250e+02 7.184890e+02 1.054175e+00 1.958467e+07 -5.654099e+05 1.181006e-02 -2.980232e-05
2.073309e+02 7.462645e+02 1.072284e+00 1.981488e+07 7.863671e+05 2.558947e-03 -2.735853e-05
2.154421e+02 7.758906e+02 9.715326e-01 1.763968e+07 -7.207808e+05 -1.952851e-02 5.841255e-06
2.238707e+02 8.060578e+02 9.675590e-01 1.955266e+07 -1.510319e+05 3.407717e-03 -7.462502e-05
2.326290e+02 8.376686e+02 1.096638e+00 2.494066e+07 -5.680801e+05 5.394161e-02 -9.262562e-05
2.417300e+02 8.704403e+02 1.097380e+00 2.608403e+07 -1.068238e+06 -8.383822e-02 -2.717972e-05
2.511870e+02 9.040684e+02 9.763042e-01 2.100103e+07 8.839954e+05 3.374851e-02 1.168251e-04
2.610140e+02 9.393419e+02 1.096457e+00 2.597323e+07 1.933709e+06 2.824044e-02 1.598597e-04
2.712255e+02 9.760388e+02 1.156194e+00 2.819046e+07 2.063713e+06 2.460396e-02 1.087189e-04
2.818365e+02 1.014688e+03 9.373815e-01 2.455628e+07 -5.884402e+05 -3.811300e-02 7.665157e-05
2.928625e+02 1.053937e+03 1.116035e+00 3.195489e+07 2.653154e+06 1.145940e-01 -4.792213e-05
3.043200e+02 1.095269e+03 1.013932e+00 2.804255e+07 1.130152e+06 -9.828550e-02 -7.206202e-05
3.162257e+02 1.137854e+03 1.201441e+00 3.554477e+07 2.367112e+06 -9.644437e-02 5.304813e-05
3.285971e+02 1.183187e+03 1.143895e+00 3.624807e+07 -2.551020e+06 1.182818e-02 -1.258850e-04
3.414526e+02 1.229558e+03 1.151932e+00 3.561035e+07 -3.336052e+06 -6.982452e-02 -2.778172e-04
3.548110e+02 1.277358e+03 9.733560e-01 3.047714e+07 -2.273989e+06 -5.831856e-02 -1.017451e-04
3.686920e+02 1.327334e+03 8.845806e-01 3.121330e+07 -9.742808e+05 2.618599e-02 8.463860e-05
3.831161e+02 1.378939e+03 9.421761e-01 3.301480e+07 1.542027e+06 9.290576e-03 2.684593e-04
3.981045e+02 1.433299e+03 1.038559e+00 3.988511e+07 -1.103450e+06 6.373334e-02 -2.563000e-05
4.136792e+02 1.489411e+03 1.025694e+00 3.797345e+07 -4.525950e+06 -7.401633e-02 -2.529621e-04
4.298633e+02 1.547382e+03 9.327083e-01 3.991072e+07 5.881064e+05 1.287031e-02 -8.344650e-05
4.466805e+02 1.607287e+03 1.238163e+00 4.942574e+07 7.875686e+06 9.548545e-03 5.245209e-06
4.641557e+02 1.670108e+03 1.234318e+00 5.109860e+07 6.772904e+06 -1.376119e-01 1.708269e-04
4.823145e+02 1.736072e+03 9.495803e-01 4.266560e+07 1.248308e+06 -1.265863e-01 3.368855e-04
5.011837e+02 1.804230e+03 8.663110e-01 3.992778e+07 1.148176e+06 5.774236e-02 -1.026392e-04
5.207911e+02 1.875553e+03 1.369501e+00 6.647386e+07 -9.284205e+06 -1.793031e-01 -3.700256e-04
5.411657e+02 1.948978e+03 1.416603e+00 7.516996e+07 -1.022010e+07 7.354522e-02 -2.318621e-04
5.623373e+02 2.023618e+03 1.121789e+00 5.857908e+07 4.638097e+06 -1.543208e-01 -2.852678e-04
5.843372e+02 2.104217e+03 1.380008e+00 8.464002e+07 -8.939752e+06 -8.317798e-02 -5.966425e-05
6.071978e+02 2.186223e+03 1.113418e+00 6.619964e+07 -5.497894e+06 6.189644e-02 -2.009273e-04
6.309528e+02 2.272110e+03 1.422998e+00 8.526626e+07 -1.927601e+07 -1.805139e-01 -3.998876e-04
6.556371e+02 2.358790e+03 1.503328e+00 9.884958e+07 1.548302e+07 -1.499222e-01 -3.703833e-04
6.812871e+02 2.451512e+03 1.254828e+00 8.276651e+07 1.368466e+07 -4.482394e-02 -3.457069e-04
7.079406e+02 2.547051e+03 1.488404e+00 1.069497e+08 1.312525e+07 -1.847368e-01 4.109144e-04
7.356368e+02 2.648702e+03 1.083247e+00 7.396490e+07 -6.842328e+06 -1.131012e-01 1.866817e-04
7.644166e+02 2.752458e+03 1.404630e+00 1.162215e+08 -1.498236e+07 1.786017e-02 -3.479123e-04
7.943223e+02 2.857965e+03 1.108913e+00 8.352867e+07 1.831207e+07 1.175272e-02 -3.787279e-04
8.253980e+02 2.971352e+03 8.808714e-01 8.099910e+07 -1.121474e+06 -7.870978e-02 3.478527e-04
8.576895e+02 3.087008e+03 7.695326e-01 6.594404e+07 -9.129334e+06 -1.196982e-01 -3.831983e-04
8.912442e+02 3.209448e+03 1.487713e+00 1.366737e+08 -1.544964e+07 -2.183048e-01 1.573563e-05
9.261117e+02 3.335485e+03 1.659247e+00 1.773187e+08 -2.743073e+07 -1.616104e-01 1.606941e-04
9.623433e+02 3.463087e+03 1.307049e+00 1.340978e+08 2.845073e+07 -1.714421e-01 5.241632e-04
