#./overdamped_3d --dev=0 --amp=100.0 --omega=1.0 --force=0 --Dg=0.01 --block=256 --paths=65536 --periods=1000 --trans=100 --samples=100 --spp=1000 --algorithm=euler --pav=1 --mode=moments --domain=1d --domainx=l:-2:3:300:1 --domainy=a:0:10:100:0 --domainz=D:-6:-1:100:1 --q=2 --eps=0 --phi=1.57079632679 --lambda=500.0 --zeta=3.6 --comp=0 --mean=0.0 --second=10 --skew=0.99 --distribution=r>> comp_r_l:-2:3:300:1_0.0_10_3.6_100.0.dat
#l <<v>> qnu(q) mu_q Dx Gx EBx
1.000000e-02 3.910035e-02 9.952387e-01 1.567865e+03 1.257818e-01 -9.642839e-04 2.888584e-02
1.039122e-02 4.071146e-02 9.940577e-01 1.634646e+03 1.311126e-01 -1.333773e-03 2.787924e-02
1.079775e-02 4.232971e-02 9.960334e-01 1.688563e+03 1.353718e-01 3.031731e-02 2.666867e-02
1.122018e-02 4.402663e-02 1.002564e+00 1.767624e+03 1.417896e-01 2.454019e-02 2.578080e-02
1.165914e-02 4.571510e-02 9.956554e-01 1.834250e+03 1.472426e-01 4.752040e-03 2.465653e-02
1.211527e-02 4.753924e-02 1.004043e+00 1.919823e+03 1.540987e-01 4.384542e-02 2.406311e-02
1.258925e-02 4.940857e-02 1.005161e+00 2.011081e+03 1.614136e-01 2.914774e-02 2.337050e-02
1.308177e-02 5.122020e-02 9.983387e-01 2.064579e+03 1.656567e-01 2.163696e-02 2.220583e-02
1.359356e-02 5.323315e-02 1.005915e+00 2.156066e+03 1.731363e-01 2.718139e-02 2.147603e-02
1.412537e-02 5.536412e-02 9.986807e-01 2.221304e+03 1.781174e-01 3.715277e-02 2.055025e-02
1.467799e-02 5.765773e-02 1.015411e+00 2.379869e+03 1.898631e-01 3.797662e-02 2.028894e-02
1.525222e-02 5.980487e-02 1.009153e+00 2.443535e+03 1.938047e-01 1.566827e-02 1.937604e-02
1.584893e-02 6.208792e-02 1.013878e+00 2.564713e+03 2.025396e-01 -1.849985e-02 1.893377e-02
1.646897e-02 6.457351e-02 1.006154e+00 2.651355e+03 2.089767e-01 -7.182479e-03 1.803815e-02
1.711327e-02 6.704772e-02 1.003845e+00 2.732175e+03 2.147634e-01 -9.868145e-03 1.724267e-02
1.778278e-02 6.978008e-02 9.990933e-01 2.818881e+03 2.209406e-01 -6.000757e-03 1.649392e-02
1.847849e-02 7.239371e-02 9.921957e-01 2.894458e+03 2.268654e-01 -2.846980e-02 1.574016e-02
1.920141e-02 7.530961e-02 1.006214e+00 3.066847e+03 2.404060e-01 -8.332729e-05 1.548791e-02
1.995261e-02 7.807045e-02 1.000763e+00 3.164379e+03 2.475792e-01 -8.701921e-03 1.494849e-02
2.073320e-02 8.116762e-02 1.002809e+00 3.314498e+03 2.587660e-01 1.206279e-02 1.446056e-02
2.154433e-02 8.435933e-02 1.024604e+00 3.474450e+03 2.730079e-01 3.768539e-02 1.401055e-02
2.238719e-02 8.762415e-02 1.019243e+00 3.629528e+03 2.855190e-01 2.346385e-02 1.350880e-02
2.326303e-02 9.113175e-02 1.018736e+00 3.768572e+03 2.987089e-01 9.424448e-03 1.294684e-02
2.417313e-02 9.456842e-02 1.011892e+00 3.882211e+03 3.105411e-01 1.194227e-02 1.251256e-02
2.511884e-02 9.824549e-02 1.000740e+00 3.973490e+03 3.202322e-01 1.660550e-02 1.191366e-02
2.610155e-02 1.020486e-01 1.007448e+00 4.147560e+03 3.363988e-01 3.673422e-02 1.146281e-02
2.712270e-02 1.061325e-01 1.002060e+00 4.314246e+03 3.512773e-01 2.378476e-02 1.102281e-02
2.818380e-02 1.104119e-01 1.011705e+00 4.545367e+03 3.706768e-01 -9.317338e-03 1.078379e-02
2.928642e-02 1.146769e-01 1.008752e+00 4.706290e+03 3.828994e-01 5.630374e-03 1.039016e-02
3.043217e-02 1.192581e-01 1.004080e+00 4.784549e+03 3.894621e-01 1.840055e-02 9.837627e-03
3.162274e-02 1.238509e-01 9.899355e-01 4.897515e+03 3.978625e-01 2.188540e-02 9.311318e-03
3.285990e-02 1.285499e-01 9.957204e-01 5.140387e+03 4.190798e-01 -1.197630e-02 9.043336e-03
3.414545e-02 1.337901e-01 1.001660e+00 5.395176e+03 4.397053e-01 -3.815281e-02 8.808970e-03
3.548130e-02 1.390623e-01 1.005581e+00 5.572949e+03 4.542928e-01 -3.644586e-03 8.390188e-03
3.686940e-02 1.444309e-01 9.927740e-01 5.813260e+03 4.699099e-01 -1.909304e-02 8.194804e-03
3.831182e-02 1.500871e-01 1.014185e+00 6.121145e+03 4.914804e-01 -3.973365e-03 7.975698e-03
3.981066e-02 1.560348e-01 1.016713e+00 6.318936e+03 5.034817e-01 -7.048011e-03 7.641315e-03
4.136815e-02 1.620802e-01 1.005558e+00 6.498131e+03 5.152144e-01 -1.168054e-02 7.249832e-03
4.298656e-02 1.683637e-01 9.936742e-01 6.581322e+03 5.195712e-01 -1.163012e-02 6.896853e-03
4.466829e-02 1.750277e-01 9.983014e-01 6.867598e+03 5.451554e-01 -2.270627e-02 6.637454e-03
4.641582e-02 1.818327e-01 9.914405e-01 7.076675e+03 5.584249e-01 -4.050243e-02 6.397605e-03
4.823171e-02 1.889421e-01 9.937416e-01 7.450916e+03 5.865854e-01 -2.302188e-02 6.164074e-03
5.011865e-02 1.962337e-01 9.963996e-01 7.728772e+03 6.043013e-01 -2.957892e-02 5.982518e-03
5.207940e-02 2.039835e-01 1.005983e+00 8.091757e+03 6.288908e-01 -4.605055e-02 5.838275e-03
5.411686e-02 2.120598e-01 9.892341e-01 8.269333e+03 6.435430e-01 -5.106711e-02 5.540490e-03
5.623404e-02 2.203147e-01 9.909348e-01 8.566833e+03 6.666204e-01 -3.295898e-02 5.325317e-03
5.843404e-02 2.288909e-01 9.923494e-01 8.848140e+03 6.911104e-01 -3.224063e-02 5.120039e-03
6.072012e-02 2.377078e-01 9.917744e-01 9.209164e+03 7.216880e-01 -3.209949e-02 4.945993e-03
6.309562e-02 2.470656e-01 9.910956e-01 9.650508e+03 7.615564e-01 -2.449954e-02 4.782796e-03
6.556407e-02 2.566480e-01 9.974682e-01 1.012112e+04 7.971872e-01 -2.410531e-02 4.694223e-03
6.812909e-02 2.667918e-01 9.986765e-01 1.050996e+04 8.296349e-01 1.798391e-03 4.495382e-03
7.079445e-02 2.771599e-01 1.000739e+00 1.077772e+04 8.555374e-01 3.082204e-02 4.317403e-03
7.356408e-02 2.879225e-01 9.959242e-01 1.118698e+04 8.931377e-01 8.793116e-03 4.147768e-03
7.644208e-02 2.992062e-01 1.001743e+00 1.184105e+04 9.372634e-01 1.013541e-02 4.104376e-03
7.943267e-02 3.106447e-01 1.003459e+00 1.236719e+04 9.770920e-01 3.543293e-02 3.986716e-03
8.254025e-02 3.229373e-01 1.001171e+00 1.275789e+04 9.959916e-01 3.976178e-02 3.829122e-03
8.576941e-02 3.356721e-01 9.987439e-01 1.327044e+04 1.035422e+00 1.870513e-02 3.687143e-03
8.912491e-02 3.487516e-01 1.003892e+00 1.381122e+04 1.061365e+00 -2.413809e-03 3.586054e-03
9.261168e-02 3.623518e-01 1.003241e+00 1.442596e+04 1.106167e+00 -7.280409e-03 3.506422e-03
9.623486e-02 3.764902e-01 1.002208e+00 1.507688e+04 1.158369e+00 -3.717959e-03 3.401279e-03
9.999978e-02 3.913943e-01 1.022943e+00 1.599250e+04 1.293015e+00 -4.007399e-03 3.362656e-03
1.039120e-01 4.066654e-01 1.006458e+00 1.626263e+04 1.392844e+00 -2.440935e-02 3.179908e-03
1.079773e-01 4.224163e-01 1.010849e+00 1.714846e+04 1.487621e+00 6.434917e-04 3.109813e-03
1.122016e-01 4.391029e-01 1.010215e+00 1.785174e+04 1.529877e+00 -1.541698e-02 3.002644e-03
1.165912e-01 4.562353e-01 1.004805e+00 1.837470e+04 1.512489e+00 -2.083701e-02 2.871275e-03
1.211525e-01 4.739782e-01 1.004356e+00 1.917686e+04 1.570063e+00 -1.402152e-02 2.784967e-03
1.258922e-01 4.927425e-01 9.999138e-01 1.973380e+04 1.583273e+00 9.936571e-03 2.673507e-03
1.308174e-01 5.119795e-01 1.013395e+00 2.079054e+04 1.657758e+00 -1.521564e-02 2.622843e-03
1.359353e-01 5.318011e-01 1.003068e+00 2.125365e+04 1.645662e+00 -3.728747e-03 2.493501e-03
1.412534e-01 5.525236e-01 1.007943e+00 2.215865e+04 1.672639e+00 5.437136e-04 2.411127e-03
1.467796e-01 5.745811e-01 1.008148e+00 2.300013e+04 1.751102e+00 -7.158577e-03 2.318740e-03
1.525219e-01 5.968974e-01 1.001861e+00 2.364834e+04 1.823756e+00 -5.751371e-03 2.201915e-03
1.584889e-01 6.202235e-01 1.006698e+00 2.481228e+04 1.982036e+00 -1.809835e-03 2.170444e-03
1.646893e-01 6.442597e-01 1.000573e+00 2.530182e+04 2.071322e+00 -2.745914e-02 2.068162e-03
1.711324e-01 6.695808e-01 1.005186e+00 2.647290e+04 2.176762e+00 -2.982461e-02 2.017617e-03
1.778274e-01 6.957964e-01 1.003731e+00 2.733178e+04 2.247108e+00 -3.568500e-02 1.950979e-03
1.847845e-01 7.227629e-01 9.942407e-01 2.825611e+04 2.293900e+00 -2.635932e-02 1.873136e-03
1.920137e-01 7.506955e-01 9.972867e-01 2.936460e+04 2.298993e+00 -4.299515e-02 1.817107e-03
1.995257e-01 7.799556e-01 9.839263e-01 2.988935e+04 2.308861e+00 -2.422959e-02 1.744270e-03
2.073316e-01 8.105387e-01 9.951600e-01 3.149579e+04 2.407696e+00 -2.097166e-02 1.684666e-03
2.154428e-01 8.422009e-01 9.790835e-01 3.174612e+04 2.513375e+00 -2.555114e-02 1.619339e-03
2.238715e-01 8.752171e-01 9.904573e-01 3.348805e+04 2.777095e+00 -1.641095e-03 1.581311e-03
2.326298e-01 9.091061e-01 9.970658e-01 3.532773e+04 2.887548e+00 -1.424199e-02 1.553297e-03
2.417308e-01 9.449007e-01 9.927987e-01 3.678582e+04 2.950414e+00 -2.940392e-02 1.525521e-03
2.511879e-01 9.820023e-01 9.966556e-01 3.817021e+04 3.037631e+00 -1.710188e-02 1.464844e-03
2.610149e-01 1.020627e+00 1.007813e+00 3.973267e+04 3.070417e+00 -2.156192e-02 1.435757e-03
2.712264e-01 1.060568e+00 9.931461e-01 4.098460e+04 3.216203e+00 -1.997620e-02 1.388550e-03
2.818374e-01 1.101503e+00 9.904192e-01 4.193229e+04 3.414192e+00 -8.663774e-03 1.327038e-03
2.928635e-01 1.144894e+00 9.903200e-01 4.349058e+04 3.491859e+00 -1.766443e-03 1.266479e-03
3.043210e-01 1.189692e+00 9.929515e-01 4.547791e+04 3.606133e+00 3.599286e-03 1.259327e-03
3.162267e-01 1.236519e+00 9.921746e-01 4.688025e+04 3.779293e+00 1.746440e-02 1.205683e-03
3.285983e-01 1.285203e+00 9.916869e-01 4.868346e+04 3.868738e+00 2.261305e-02 1.167893e-03
3.414538e-01 1.335500e+00 9.907937e-01 4.998789e+04 4.052722e+00 -4.537284e-03 1.148582e-03
3.548123e-01 1.387943e+00 1.001478e+00 5.250525e+04 4.072456e+00 1.350164e-02 1.094460e-03
3.686934e-01 1.442112e+00 9.798352e-01 5.337641e+04 4.176226e+00 4.177094e-04 1.055121e-03
3.831175e-01 1.498580e+00 9.829762e-01 5.627224e+04 4.140575e+00 -7.809818e-03 1.049399e-03
3.981059e-01 1.557301e+00 9.914817e-01 5.917586e+04 4.695707e+00 -1.727682e-02 1.023054e-03
4.136808e-01 1.617869e+00 9.895034e-01 6.169520e+04 5.278214e+00 -9.408414e-03 9.750128e-04
4.298649e-01 1.681217e+00 1.000630e+00 6.453723e+04 5.388350e+00 1.172543e-03 9.676218e-04
4.466822e-01 1.746726e+00 1.005676e+00 6.755002e+04 5.612440e+00 -1.629847e-02 9.568930e-04
4.641575e-01 1.814139e+00 1.005354e+00 7.025396e+04 5.730851e+00 -3.044319e-02 9.223223e-04
4.823164e-01 1.885115e+00 9.991413e-01 7.261116e+04 5.863268e+00 -2.086782e-02 8.940697e-04
5.011858e-01 1.958527e+00 1.004761e+00 7.480969e+04 6.064440e+00 -2.676105e-02 8.674860e-04
5.207933e-01 2.035227e+00 9.933966e-01 7.728928e+04 6.217228e+00 -2.591860e-02 8.498430e-04
5.411680e-01 2.114763e+00 9.908397e-01 7.967460e+04 6.024969e+00 -2.852964e-02 8.212328e-04
5.623397e-01 2.197358e+00 9.856765e-01 8.193872e+04 6.530446e+00 -3.540385e-02 7.846355e-04
5.843398e-01 2.282960e+00 9.849378e-01 8.588101e+04 6.862761e+00 -3.277797e-02 7.754564e-04
6.072005e-01 2.372319e+00 9.883045e-01 8.898389e+04 6.713792e+00 -1.902544e-02 7.624626e-04
6.309556e-01 2.464701e+00 9.842505e-01 9.259191e+04 7.314761e+00 -1.108408e-02 7.300377e-04
6.556400e-01 2.560683e+00 9.842982e-01 9.583877e+04 7.221815e+00 1.179588e-02 7.073879e-04
6.812901e-01 2.659974e+00 9.817994e-01 9.952521e+04 7.145420e+00 4.794359e-03 6.873608e-04
7.079438e-01 2.764534e+00 9.714130e-01 1.012139e+05 8.400834e+00 7.189989e-03 6.637573e-04
7.356402e-01 2.872024e+00 9.647233e-01 1.041641e+05 8.922862e+00 -7.007539e-03 6.339550e-04
7.644201e-01 2.985106e+00 9.645200e-01 1.080682e+05 8.815910e+00 -1.434577e-02 6.146431e-04
7.943260e-01 3.101255e+00 9.522017e-01 1.116451e+05 8.431392e+00 -2.088064e-02 5.800724e-04
8.254018e-01 3.221674e+00 9.671782e-01 1.169756e+05 1.010188e+01 -1.260692e-02 5.909204e-04
8.576935e-01 3.347119e+00 9.589312e-01 1.201795e+05 9.944000e+00 -9.562552e-03 5.552769e-04
8.912484e-01 3.477146e+00 9.650915e-01 1.256023e+05 9.401601e+00 -1.607394e-02 5.491972e-04
9.261161e-01 3.612473e+00 9.793805e-01 1.331730e+05 9.717364e+00 -1.465780e-02 5.472898e-04
9.623479e-01 3.753587e+00 9.831870e-01 1.378963e+05 9.381228e+00 -3.508449e-02 5.418062e-04
9.999971e-01 3.900358e+00 9.900015e-01 1.451092e+05 1.015027e+01 -1.132411e-02 5.050898e-04
1.039119e+00 4.051573e+00 9.983895e-01 1.522864e+05 1.172399e+01 -1.030195e-02 5.081892e-04
1.079772e+00 4.208619e+00 9.878859e-01 1.551346e+05 1.357783e+01 -9.900928e-04 4.959106e-04
1.122015e+00 4.373131e+00 9.935002e-01 1.629641e+05 1.142860e+01 9.716153e-03 4.858971e-04
1.165911e+00 4.542929e+00 9.966580e-01 1.698890e+05 1.316020e+01 5.463600e-03 4.899502e-04
1.211524e+00 4.720902e+00 9.951489e-01 1.757634e+05 1.400563e+01 -3.352761e-03 4.588366e-04
1.258922e+00 4.905245e+00 1.007818e+00 1.837467e+05 1.525850e+01 -8.624911e-03 4.642010e-04
1.308174e+00 5.095709e+00 9.981685e-01 1.921410e+05 1.491727e+01 2.327299e-02 4.574060e-04
1.359353e+00 5.295423e+00 1.011866e+00 2.030510e+05 1.562520e+01 8.331656e-03 4.650354e-04
1.412534e+00 5.501575e+00 1.005317e+00 2.091905e+05 1.579836e+01 4.976511e-03 4.359484e-04
1.467795e+00 5.715441e+00 1.008511e+00 2.170358e+05 1.658267e+01 5.255938e-03 4.281998e-04
1.525219e+00 5.937885e+00 9.926817e-01 2.221972e+05 1.745866e+01 -5.332708e-03 4.010201e-04
1.584889e+00 6.169217e+00 9.932907e-01 2.256960e+05 1.874208e+01 -1.802546e-02 3.701448e-04
1.646893e+00 6.409878e+00 9.870133e-01 2.322586e+05 1.836521e+01 4.188180e-03 3.876686e-04
1.711323e+00 6.658675e+00 9.921490e-01 2.443450e+05 1.895599e+01 2.077568e-02 3.811121e-04
1.778274e+00 6.917597e+00 9.994925e-01 2.566211e+05 2.126819e+01 4.997694e-02 3.741980e-04
1.847844e+00 7.187184e+00 9.942225e-01 2.659297e+05 2.460917e+01 8.251429e-02 3.564358e-04
1.920137e+00 7.465597e+00 1.004896e+00 2.786320e+05 2.293868e+01 4.216158e-02 3.570318e-04
1.995257e+00 7.754896e+00 9.996626e-01 2.926419e+05 2.418136e+01 5.817115e-02 3.477335e-04
2.073316e+00 8.056448e+00 1.003462e+00 3.019041e+05 2.770569e+01 5.712807e-02 3.273487e-04
2.154429e+00 8.370234e+00 1.007614e+00 3.155529e+05 2.200158e+01 6.434500e-02 3.167391e-04
2.238715e+00 8.694844e+00 1.006869e+00 3.286768e+05 2.750197e+01 3.055477e-02 3.238916e-04
2.326299e+00 9.031868e+00 1.006566e+00 3.398471e+05 2.931507e+01 2.066684e-02 3.048182e-04
2.417309e+00 9.382220e+00 1.016758e+00 3.584235e+05 2.790941e+01 1.886177e-02 2.977848e-04
2.511880e+00 9.747327e+00 1.014628e+00 3.743809e+05 2.709454e+01 -6.308615e-03 3.087521e-04
2.610151e+00 1.012508e+01 1.022785e+00 3.947914e+05 2.685007e+01 2.641678e-03 2.907515e-04
2.712266e+00 1.051809e+01 1.021199e+00 4.103399e+05 2.493512e+01 2.585196e-02 2.999306e-04
2.818376e+00 1.092478e+01 9.989822e-01 4.067567e+05 2.803164e+01 4.593444e-02 2.630949e-04
2.928637e+00 1.134756e+01 9.852433e-01 4.097091e+05 3.536550e+01 4.490685e-02 2.459288e-04
3.043212e+00 1.178742e+01 9.930527e-01 4.286947e+05 4.436985e+01 2.720356e-02 2.498627e-04
3.162270e+00 1.224302e+01 9.929629e-01 4.478280e+05 3.446914e+01 9.518743e-03 2.492666e-04
3.285985e+00 1.271817e+01 9.913790e-01 4.639331e+05 4.176226e+01 8.890271e-03 2.521276e-04
3.414541e+00 1.320904e+01 9.844759e-01 4.708036e+05 4.661075e+01 -1.079828e-02 2.325773e-04
3.548125e+00 1.371946e+01 9.926348e-01 4.908929e+05 3.206526e+01 1.632893e-02 2.150536e-04
3.686936e+00 1.424876e+01 9.846603e-01 5.076098e+05 2.318315e+01 5.804658e-03 1.940727e-04
3.831177e+00 1.479846e+01 9.804506e-01 5.230800e+05 4.090664e+01 2.362287e-02 1.947880e-04
3.981061e+00 1.537174e+01 9.784377e-01 5.443862e+05 5.361866e+01 2.136910e-02 2.065897e-04
4.136810e+00 1.596451e+01 9.889702e-01 5.791103e+05 5.035917e+01 4.012263e-02 1.976490e-04
4.298651e+00 1.658237e+01 9.892282e-01 5.998071e+05 5.647072e+01 1.470745e-02 1.999140e-04
4.466824e+00 1.722068e+01 9.856652e-01 6.150673e+05 4.465506e+01 7.789493e-03 1.875162e-04
4.641576e+00 1.788666e+01 9.768747e-01 6.330734e+05 3.707673e+01 -4.719496e-03 1.733303e-04
4.823165e+00 1.857689e+01 9.839708e-01 6.511474e+05 3.691376e+01 2.466154e-02 1.683235e-04
5.011858e+00 1.929212e+01 9.916590e-01 6.851637e+05 5.475948e+01 5.018830e-03 1.642704e-04
5.207934e+00 2.003527e+01 9.895002e-01 7.052199e+05 4.351423e+01 2.180099e-03 1.615286e-04
5.411680e+00 2.080782e+01 9.780655e-01 7.205443e+05 7.252372e+01 1.806128e-02 1.447201e-04
5.623397e+00 2.160857e+01 9.731863e-01 7.340050e+05 5.818195e+01 1.369178e-02 1.590252e-04
5.843397e+00 2.244121e+01 9.789090e-01 7.535402e+05 5.003322e+01 -4.184008e-03 1.279116e-04
6.072004e+00 2.330285e+01 9.671096e-01 7.602756e+05 4.432911e+01 2.565539e-02 1.116991e-04
6.309555e+00 2.419837e+01 9.624252e-01 7.810965e+05 9.778479e+01 2.650785e-02 1.082420e-04
6.556399e+00 2.513002e+01 9.692943e-01 8.197726e+05 1.080522e+02 2.488732e-03 1.296997e-04
6.812900e+00 2.609277e+01 9.618239e-01 8.436836e+05 5.818195e+01 8.873940e-03 1.137257e-04
7.079436e+00 2.709695e+01 9.659745e-01 8.728074e+05 6.209335e+01 1.532686e-02 1.093149e-04
7.356400e+00 2.813756e+01 9.603309e-01 9.026004e+05 1.183196e+02 4.491806e-03 1.089573e-04
7.644198e+00 2.921777e+01 9.608434e-01 9.370160e+05 7.154588e+01 2.501273e-02 1.059771e-04
7.943257e+00 3.033822e+01 9.778243e-01 9.917621e+05 9.387340e+01 1.431119e-02 1.076460e-04
8.254015e+00 3.150177e+01 9.805605e-01 1.027403e+06 3.911392e+01 -2.077591e-02 1.009703e-04
8.576931e+00 3.270795e+01 9.780566e-01 1.053598e+06 9.159176e+01 -2.577901e-02 9.083748e-05
8.912479e+00 3.396017e+01 9.673270e-01 1.087188e+06 9.974049e+01 -2.592134e-02 9.894371e-05
9.261156e+00 3.526133e+01 9.637454e-01 1.106419e+06 8.050948e+01 9.871483e-03 8.952618e-05
9.623473e+00 3.660765e+01 9.525900e-01 1.136379e+06 1.043038e+02 1.393557e-04 7.283688e-05
9.999966e+00 3.801329e+01 9.649563e-01 1.180756e+06 6.421201e+01 1.793420e-02 9.536743e-05
1.039119e+01 3.946722e+01 9.558939e-01 1.206200e+06 7.138290e+01 4.855871e-03 8.618832e-05
1.079772e+01 4.097486e+01 9.631439e-01 1.256954e+06 2.705379e+01 9.100080e-03 8.189678e-05
1.122015e+01 4.254265e+01 9.656550e-01 1.299419e+06 8.670251e+01 7.857084e-04 7.104874e-05
1.165910e+01 4.416912e+01 9.653771e-01 1.352394e+06 1.010443e+02 2.621198e-02 7.438660e-05
1.211523e+01 4.585396e+01 9.730116e-01 1.398711e+06 8.735442e+01 1.364231e-03 6.413460e-05
1.258921e+01 4.760657e+01 9.798855e-01 1.472882e+06 1.401582e+02 -1.066285e-02 7.283688e-05
1.308173e+01 4.942500e+01 9.792691e-01 1.502481e+06 1.199493e+02 -2.287769e-02 5.865097e-05
1.359352e+01 5.130972e+01 9.715773e-01 1.546169e+06 1.505886e+02 -3.522748e-02 5.173683e-05
1.412532e+01 5.326909e+01 9.716209e-01 1.620317e+06 1.316835e+02 -4.418582e-02 4.816055e-05
1.467794e+01 5.530151e+01 9.694397e-01 1.642169e+06 4.172151e+01 -5.275017e-02 4.899502e-05
1.525217e+01 5.741041e+01 9.578546e-01 1.660222e+06 2.288164e+02 -2.756572e-02 5.424023e-05
1.584887e+01 5.960027e+01 9.666379e-01 1.725150e+06 2.451139e+02 -2.525896e-02 4.196167e-05
1.646892e+01 6.187181e+01 9.791161e-01 1.846598e+06 1.173418e+02 1.420712e-02 5.519390e-05
1.711322e+01 6.423036e+01 9.685628e-01 1.895634e+06 2.086076e+02 -1.287729e-02 4.851818e-05
1.778273e+01 6.667912e+01 9.740393e-01 1.951740e+06 -1.251645e+02 -1.568854e-03 3.898144e-05
1.847843e+01 6.921587e+01 9.690747e-01 2.007617e+06 1.512405e+02 -2.047074e-02 4.756451e-05
1.920134e+01 7.185905e+01 9.817052e-01 2.090752e+06 1.134304e+02 8.609891e-03 4.112720e-05
1.995255e+01 7.459921e+01 9.887504e-01 2.207286e+06 3.129113e+02 2.376187e-02 4.851818e-05
2.073313e+01 7.744310e+01 9.963194e-01 2.303810e+06 2.972658e+02 2.204204e-02 3.814697e-05
2.154426e+01 8.039029e+01 1.000694e+00 2.460813e+06 2.542405e+02 -4.947603e-03 5.304813e-05
2.238712e+01 8.345651e+01 9.977295e-01 2.500614e+06 0.000000e+00 8.168340e-03 3.755093e-05
2.326295e+01 8.664174e+01 9.940514e-01 2.596418e+06 -4.015695e+02 -4.962754e-02 4.184246e-05
2.417306e+01 8.994814e+01 9.889608e-01 2.675252e+06 2.190379e+02 -1.292276e-02 4.160404e-05
2.511876e+01 9.337990e+01 9.830505e-01 2.695468e+06 1.319443e+03 -1.974255e-02 3.385544e-05
2.610146e+01 9.693993e+01 9.873956e-01 2.818778e+06 -8.083543e+01 -4.833132e-02 3.349781e-05
2.712261e+01 1.006325e+02 9.747970e-01 2.841714e+06 6.779745e+02 -4.301733e-02 1.668930e-05
2.818371e+01 1.044705e+02 9.605592e-01 2.844235e+06 1.342911e+03 -2.552086e-02 3.361702e-05
2.928632e+01 1.084540e+02 9.718435e-01 3.022814e+06 7.066581e+02 -2.012849e-02 2.813339e-05
3.043207e+01 1.125912e+02 9.865274e-01 3.167956e+06 9.856707e+02 -6.842971e-02 2.288818e-05
3.162264e+01 1.168827e+02 9.777122e-01 3.110089e+06 1.861823e+03 -1.264131e-02 2.598763e-05
3.285979e+01 1.213452e+02 9.790133e-01 3.273751e+06 1.157772e+03 -2.820718e-02 1.156330e-05
3.414534e+01 1.259748e+02 9.876904e-01 3.470348e+06 1.788810e+03 8.734941e-03 2.467632e-05
3.548118e+01 1.307867e+02 9.889785e-01 3.609292e+06 -2.816202e+02 -2.557230e-02 2.396107e-05
3.686928e+01 1.357857e+02 1.008603e+00 3.830398e+06 1.924405e+03 9.217262e-03 1.084805e-05
3.831170e+01 1.409768e+02 9.904017e-01 3.798677e+06 2.790126e+03 2.563429e-02 3.302097e-05
3.981053e+01 1.463688e+02 9.888906e-01 3.878486e+06 -1.121266e+03 -3.101975e-02 1.347065e-05
4.136801e+01 1.519698e+02 9.825523e-01 3.961813e+06 2.967443e+03 -2.112496e-02 2.014637e-05
4.298642e+01 1.577882e+02 9.953300e-01 4.161136e+06 1.220354e+03 -7.476211e-04 8.344650e-06
4.466815e+01 1.638153e+02 9.968739e-01 4.453701e+06 1.585417e+03 2.291560e-02 1.633167e-05
4.641567e+01 1.701084e+02 9.953694e-01 4.659204e+06 1.481114e+03 5.677235e-02 2.980232e-05
4.823155e+01 1.766303e+02 1.004233e+00 4.895532e+06 5.215189e+02 -8.075356e-03 9.775162e-06
5.011848e+01 1.834051e+02 1.023260e+00 5.146573e+06 -7.405568e+03 6.796002e-03 3.576279e-06
5.207923e+01 1.904231e+02 1.036660e+00 5.351506e+06 4.787543e+03 2.143264e-03 2.121925e-05
5.411669e+01 1.977534e+02 1.029270e+00 5.407724e+06 -1.637569e+04 2.748001e-02 2.849102e-05
5.623386e+01 2.053207e+02 1.023414e+00 5.737586e+06 -3.963544e+03 -4.193568e-02 8.344650e-06
5.843385e+01 2.132145e+02 1.030711e+00 6.031796e+06 -5.183898e+03 -3.513116e-02 -3.099442e-06
6.071991e+01 2.214174e+02 1.014177e+00 6.131016e+06 -1.830531e+04 -6.565028e-02 2.372265e-05
6.309542e+01 2.298886e+02 9.866795e-01 5.918217e+06 2.551271e+04 -2.619624e-02 -1.239777e-05
6.556385e+01 2.387609e+02 1.002998e+00 6.176491e+06 1.687635e+04 -5.232197e-02 -2.068281e-05
6.812886e+01 2.479401e+02 9.977118e-01 6.390891e+06 3.241762e+04 -3.093779e-02 -7.688999e-06
7.079421e+01 2.575294e+02 9.698154e-01 6.293246e+06 -1.656344e+04 5.421400e-03 -2.169609e-05
7.356384e+01 2.674338e+02 1.002235e+00 6.995426e+06 2.547098e+04 -4.481047e-02 1.049042e-05
7.644183e+01 2.777339e+02 9.631951e-01 7.092678e+06 9.345618e+03 -3.656387e-03 1.323223e-05
7.943240e+01 2.884480e+02 9.792072e-01 7.484307e+06 2.958055e+04 -5.946046e-02 1.478195e-05
8.253998e+01 2.996223e+02 9.723640e-01 7.642818e+06 -2.236273e+04 -5.732971e-02 1.037121e-05
8.576913e+01 3.111968e+02 9.640708e-01 7.529848e+06 -2.834977e+04 -7.370239e-02 1.931190e-05
8.912461e+01 3.232137e+02 9.480023e-01 7.915630e+06 -1.015919e+04 -8.788043e-02 1.668930e-05
9.261137e+01 3.357238e+02 9.563436e-01 8.129542e+06 -9.929720e+03 6.613529e-02 1.347065e-05
9.623454e+01 3.487395e+02 9.677527e-01 8.593476e+06 -2.640972e+04 -2.451479e-02 -1.293421e-05
9.999945e+01 3.622409e+02 1.000140e+00 9.401380e+06 -4.055331e+04 -8.416653e-03 1.299381e-05
1.039117e+02 3.761934e+02 1.008161e+00 9.579480e+06 9.036880e+04 -2.797276e-02 1.192093e-07
1.079769e+02 3.908457e+02 1.047282e+00 1.130809e+07 -8.824100e+04 -1.726586e-02 -2.425909e-05
1.122012e+02 4.060332e+02 1.015486e+00 1.093203e+07 -1.639238e+05 -1.516056e-02 -3.516674e-06
1.165908e+02 4.217789e+02 9.991897e-01 1.050661e+07 -2.087327e+05 1.209497e-02 7.390976e-06
1.211521e+02 4.380390e+02 1.051092e+00 1.221510e+07 9.137011e+03 5.458701e-02 1.215935e-05
1.258918e+02 4.550301e+02 1.053520e+00 1.311488e+07 -2.257134e+04 7.597327e-03 -1.668930e-05
1.308170e+02 4.725919e+02 1.041462e+00 1.282038e+07 2.737766e+05 -7.094622e-03 1.502037e-05
1.359349e+02 4.909565e+02 1.004206e+00 1.281646e+07 2.804520e+05 -7.914352e-02 9.655952e-06
1.412529e+02 5.102403e+02 1.026313e+00 1.383911e+07 -2.620945e+05 -7.186472e-02 2.110004e-05
1.467791e+02 5.298667e+02 1.033234e+00 1.369841e+07 3.441190e+05 -4.579633e-02 -1.358986e-05
1.525214e+02 5.505202e+02 1.083282e+00 1.491800e+07 3.493759e+05 5.682206e-02 1.215935e-05
1.584884e+02 5.719678e+02 1.053215e+00 1.616764e+07 2.670177e+05 2.159286e-02 2.920628e-05
1.646888e+02 5.943554e+02 9.974099e-01 1.495483e+07 -1.749800e+05 -4.189271e-02 5.435944e-05
1.711318e+02 6.175852e+02 1.012382e+00 1.500253e+07 -4.801312e+05 3.466165e-02 1.316071e-04
1.778269e+02 6.414178e+02 1.029184e+00 1.614856e+07 1.869124e+04 -4.732192e-03 1.549721e-06
1.847839e+02 6.664732e+02 1.035303e+00 1.836146e+07 -2.450722e+05 2.349949e-02 -1.686811e-05
1.920130e+02 6.924129e+02 1.035347e+00 1.975806e+07 -2.408166e+05 -5.658746e-02 -3.796816e-05
1.995250e+02 7.193849e+02 1.051379e+00 1.966092e+07 -2.635131e+05 1.887894e-02 4.005432e-05
2.073309e+02 7.472682e+02 1.014994e+00 1.907912e+07 2.795341e+05 -1.125538e-02 2.479553e-05
2.154421e+02 7.767036e+02 9.603721e-01 1.755011e+07 -8.848298e+05 -9.540439e-03 -4.827976e-05
2.238707e+02 8.069714e+02 1.026221e+00 2.090440e+07 -8.903371e+05 3.421187e-03 -4.523993e-05
2.326290e+02 8.385222e+02 1.137745e+00 2.570359e+07 -1.035528e+06 5.644691e-02 -4.714727e-05
2.417300e+02 8.709109e+02 1.042174e+00 2.513719e+07 1.224944e+05 -2.618605e-02 -1.098514e-04
2.511870e+02 9.049430e+02 9.307556e-01 2.030031e+07 -3.566355e+05 1.685977e-03 -1.395345e-04
2.610140e+02 9.399997e+02 1.046303e+00 2.509575e+07 1.667358e+06 2.008188e-02 2.026558e-05
2.712255e+02 9.766716e+02 1.110301e+00 2.724859e+07 1.589423e+06 7.015991e-02 1.311302e-06
2.818365e+02 1.015438e+03 1.078371e+00 2.795447e+07 -2.032338e+06 -5.506420e-02 5.960464e-06
2.928625e+02 1.054392e+03 1.154157e+00 3.343503e+07 2.881788e+06 1.028368e-01 2.598763e-05
3.043200e+02 1.095562e+03 1.123196e+00 3.056566e+07 2.575052e+06 -1.415330e-01 3.051758e-05
3.162257e+02 1.138373e+03 1.117810e+00 3.303818e+07 1.723265e+06 -7.691699e-02 1.635551e-04
3.285971e+02 1.183436e+03 1.073622e+00 3.403722e+07 -2.053032e+06 1.483226e-02 1.087189e-04
3.414526e+02 1.229928e+03 1.173651e+00 3.628476e+07 -3.854066e+06 -8.144248e-02 -2.291203e-04
3.548110e+02 1.277501e+03 9.046346e-01 2.882747e+07 -9.696079e+05 -6.646401e-02 -2.090335e-04
3.686920e+02 1.327797e+03 9.514372e-01 3.322721e+07 -2.462904e+06 4.148996e-02 -5.674362e-05
3.831161e+02 1.379358e+03 9.043381e-01 3.209832e+07 4.245581e+05 -1.102763e-02 1.724958e-04
3.981045e+02 1.433481e+03 1.036715e+00 4.040298e+07 -5.901091e+05 4.649270e-02 -8.445978e-05
4.136792e+02 1.489722e+03 1.099019e+00 4.053751e+07 -5.361048e+06 -1.011238e-01 -2.418160e-04
4.298633e+02 1.547581e+03 9.292969e-01 3.988816e+07 8.678074e+04 -2.248412e-02 -8.213520e-05
4.466805e+02 1.607479e+03 1.215186e+00 4.856843e+07 7.800254e+06 8.672595e-03 -2.086163e-06
4.641557e+02 1.670294e+03 1.210292e+00 4.971293e+07 6.772904e+06 -1.111103e-01 1.364946e-04
4.823145e+02 1.736250e+03 9.392626e-01 4.201944e+07 9.625988e+05 -1.097514e-01 3.560781e-04
5.011837e+02 1.804263e+03 8.647748e-01 3.970910e+07 1.805707e+06 8.737147e-02 -2.878904e-05
5.207911e+02 1.875646e+03 1.361114e+00 6.655662e+07 -9.099962e+06 -1.876066e-01 -4.173517e-04
5.411657e+02 1.949053e+03 1.411689e+00 7.577695e+07 -1.008259e+07 8.131623e-02 -2.495646e-04
5.623373e+02 2.023652e+03 1.150186e+00 6.012094e+07 5.006582e+06 -1.588176e-01 -2.674460e-04
5.843372e+02 2.104276e+03 1.396031e+00 8.615644e+07 -9.233471e+06 -8.136338e-02 -3.796816e-05
6.071978e+02 2.186323e+03 1.133833e+00 6.689444e+07 -6.037270e+06 5.429637e-02 -2.064109e-04
6.309528e+02 2.272143e+03 1.416988e+00 8.492512e+07 -1.923328e+07 -1.703225e-01 -3.855228e-04
6.556371e+02 2.358821e+03 1.497745e+00 9.912386e+07 1.532281e+07 -1.555235e-01 -3.471375e-04
6.812871e+02 2.451546e+03 1.248930e+00 8.328843e+07 1.369400e+07 -2.253097e-02 -3.381968e-04
7.079406e+02 2.547083e+03 1.485395e+00 1.070684e+08 1.295970e+07 -1.814455e-01 3.999472e-04
7.356368e+02 2.648719e+03 1.082336e+00 7.423626e+07 -6.830312e+06 -1.113967e-01 2.144575e-04
7.644166e+02 2.752448e+03 1.388590e+00 1.156522e+08 -1.484618e+07 2.414918e-02 -3.489256e-04
7.943223e+02 2.857968e+03 1.131613e+00 8.561771e+07 1.882208e+07 8.053303e-03 -3.718734e-04
8.253980e+02 2.971361e+03 8.792166e-01 8.119841e+07 -8.704776e+05 -7.922441e-02 3.297329e-04
8.576895e+02 3.087015e+03 7.648493e-01 6.540943e+07 -8.963783e+06 -1.106349e-01 -3.954768e-04
8.912442e+02 3.209454e+03 1.492765e+00 1.371746e+08 -1.539357e+07 -2.189754e-01 1.168251e-05
9.261117e+02 3.335484e+03 1.668479e+00 1.786934e+08 -2.751083e+07 -1.567952e-01 1.322031e-04
9.623433e+02 3.463100e+03 1.300932e+00 1.332982e+08 2.883524e+07 -1.723945e-01 5.508661e-04
