#./overdamped_3d --dev=0 --amp=40.0 --omega=1.0 --force=0 --Dg=0.01 --block=256 --paths=65536 --periods=1000 --trans=100 --samples=100 --spp=1000 --algorithm=euler --pav=1 --mode=moments --domain=1d --domainx=l:-2:3:300:1 --domainy=a:0:10:100:0 --domainz=D:-6:-1:100:1 --q=2 --eps=0 --phi=1.57079632679 --lambda=0 --zeta=3.6 --comp=0 --mean=0.0 --second=0 --skew=0.0 --distribution=e>> comp_e_l:-2:3:300:1_0.0_3.6_40.0.dat
#l <<v>> qnu(q) mu_q Dx Gx EBx
1.000000e-02 3.181362e-02 1.002538e+00 1.851692e+03 1.476094e-01 3.023660e-02 1.008800e-01
1.039122e-02 3.304063e-02 1.002164e+00 1.909553e+03 1.523287e-01 1.799035e-02 9.722078e-02
1.079775e-02 3.440433e-02 1.000658e+00 2.005173e+03 1.601071e-01 1.166618e-02 9.338403e-02
1.122018e-02 3.569380e-02 1.016626e+00 2.115406e+03 1.688811e-01 -2.087533e-03 9.088874e-02
1.165914e-02 3.710978e-02 1.012200e+00 2.178715e+03 1.741466e-01 4.921794e-03 8.771932e-02
1.211527e-02 3.854225e-02 1.007426e+00 2.257417e+03 1.804708e-01 1.250577e-02 8.350468e-02
1.258925e-02 4.000686e-02 1.011080e+00 2.347377e+03 1.876611e-01 9.178162e-03 8.033597e-02
1.308177e-02 4.159251e-02 1.016364e+00 2.451207e+03 1.958750e-01 7.778764e-03 7.810783e-02
1.359356e-02 4.317511e-02 1.007501e+00 2.494422e+03 1.994448e-01 1.765513e-02 7.448113e-02
1.412537e-02 4.496073e-02 1.001076e+00 2.575446e+03 2.060167e-01 7.880211e-03 7.083249e-02
1.467799e-02 4.671936e-02 1.004419e+00 2.685010e+03 2.148760e-01 3.064156e-02 6.851387e-02
1.525222e-02 4.843165e-02 1.000839e+00 2.738599e+03 2.191402e-01 3.095102e-02 6.475735e-02
1.584893e-02 5.040586e-02 1.010138e+00 2.919102e+03 2.335667e-01 1.549494e-02 6.419873e-02
1.646897e-02 5.239201e-02 9.959403e-01 2.969645e+03 2.375083e-01 1.312053e-02 6.124723e-02
1.711327e-02 5.440244e-02 1.009554e+00 3.146601e+03 2.514406e-01 -7.799804e-03 5.895722e-02
1.778278e-02 5.653252e-02 1.015554e+00 3.252628e+03 2.596358e-01 3.116429e-02 5.730975e-02
1.847849e-02 5.884667e-02 1.002076e+00 3.324729e+03 2.644409e-01 2.147496e-02 5.462885e-02
1.920141e-02 6.111924e-02 1.000306e+00 3.459603e+03 2.743197e-01 -2.771437e-03 5.216599e-02
1.995261e-02 6.352241e-02 1.010203e+00 3.640923e+03 2.881600e-01 1.525176e-02 5.122662e-02
2.073320e-02 6.591678e-02 1.003670e+00 3.763991e+03 2.971373e-01 -7.542372e-04 4.878283e-02
2.154433e-02 6.848939e-02 1.002959e+00 3.899317e+03 3.074090e-01 -5.630314e-03 4.671764e-02
2.238719e-02 7.123117e-02 1.000816e+00 3.987845e+03 3.140662e-01 -4.401863e-03 4.449809e-02
2.326303e-02 7.393891e-02 1.005657e+00 4.201209e+03 3.303584e-01 1.491475e-02 4.341924e-02
2.417313e-02 7.687477e-02 1.005926e+00 4.324468e+03 3.401091e-01 2.155900e-02 4.137897e-02
2.511884e-02 7.985251e-02 9.982585e-01 4.478271e+03 3.518966e-01 -1.713812e-03 3.964615e-02
2.610155e-02 8.304077e-02 9.989495e-01 4.603590e+03 3.617641e-01 1.200140e-02 3.810322e-02
2.712270e-02 8.632094e-02 9.994068e-01 4.789556e+03 3.776597e-01 5.647516e-02 3.652406e-02
2.818380e-02 8.956841e-02 1.000437e+00 5.020418e+03 3.976685e-01 1.135719e-02 3.550661e-02
2.928642e-02 9.311642e-02 9.940089e-01 5.180613e+03 4.129698e-01 2.153611e-02 3.397107e-02
3.043217e-02 9.683124e-02 9.991760e-01 5.407970e+03 4.326627e-01 2.572441e-02 3.275192e-02
3.162274e-02 1.005205e-01 1.003828e+00 5.671219e+03 4.562997e-01 2.047241e-02 3.163946e-02
3.285990e-02 1.045611e-01 1.001370e+00 5.868454e+03 4.739808e-01 3.455615e-02 3.036058e-02
3.414545e-02 1.086712e-01 9.993777e-01 6.091980e+03 4.929252e-01 1.168430e-02 2.905262e-02
3.548130e-02 1.129476e-01 9.970672e-01 6.297126e+03 5.102557e-01 4.499090e-02 2.777445e-02
3.686940e-02 1.172212e-01 9.954979e-01 6.543750e+03 5.295483e-01 1.863849e-02 2.689672e-02
3.831182e-02 1.219323e-01 9.993213e-01 6.780278e+03 5.484728e-01 4.678607e-03 2.564883e-02
3.981066e-02 1.266752e-01 1.003551e+00 7.092390e+03 5.740669e-01 1.324415e-04 2.526772e-02
4.136815e-02 1.315738e-01 9.991632e-01 7.368750e+03 5.969155e-01 9.789467e-03 2.393985e-02
4.298656e-02 1.366126e-01 9.993057e-01 7.628327e+03 6.174664e-01 -1.292670e-02 2.316296e-02
4.466829e-02 1.421245e-01 9.986206e-01 7.903016e+03 6.374503e-01 -4.133523e-03 2.218640e-02
4.641582e-02 1.476463e-01 9.928449e-01 8.161059e+03 6.555343e-01 -2.105904e-02 2.125287e-02
4.823171e-02 1.533962e-01 1.002691e+00 8.551112e+03 6.823469e-01 -2.044368e-02 2.028286e-02
5.011865e-02 1.596206e-01 1.004359e+00 8.922960e+03 7.098957e-01 -2.554303e-02 1.980019e-02
5.207940e-02 1.657759e-01 1.002798e+00 9.230698e+03 7.331372e-01 -6.607771e-04 1.878619e-02
5.411686e-02 1.722401e-01 9.990211e-01 9.571702e+03 7.573984e-01 6.433845e-03 1.829875e-02
5.623404e-02 1.789083e-01 9.970174e-01 9.947989e+03 7.864044e-01 1.634955e-02 1.762569e-02
5.843404e-02 1.859060e-01 9.898505e-01 1.021610e+04 8.045680e-01 2.402973e-02 1.681924e-02
6.072012e-02 1.931657e-01 9.955882e-01 1.074966e+04 8.478581e-01 1.183057e-02 1.638031e-02
6.309562e-02 2.008209e-01 9.934243e-01 1.117927e+04 8.789431e-01 1.365221e-02 1.575589e-02
6.556407e-02 2.086323e-01 9.884182e-01 1.143862e+04 8.929885e-01 1.118064e-02 1.520085e-02
6.812909e-02 2.167903e-01 1.000368e+00 1.212629e+04 9.513487e-01 -1.956463e-03 1.483858e-02
7.079445e-02 2.251870e-01 9.970892e-01 1.238258e+04 9.701488e-01 -1.191103e-02 1.397514e-02
7.356408e-02 2.341573e-01 9.896491e-01 1.283758e+04 1.014851e+00 -8.495033e-03 1.343215e-02
7.644208e-02 2.433051e-01 9.979889e-01 1.352298e+04 1.069302e+00 5.259514e-03 1.332152e-02
7.943267e-02 2.529179e-01 9.990958e-01 1.407775e+04 1.116671e+00 -5.373597e-03 1.270509e-02
8.254025e-02 2.627161e-01 9.950868e-01 1.456133e+04 1.156420e+00 4.203677e-03 1.220751e-02
8.576941e-02 2.729588e-01 1.000266e+00 1.512609e+04 1.197283e+00 8.194327e-03 1.182663e-02
8.912491e-02 2.835130e-01 9.897081e-01 1.568385e+04 1.246322e+00 5.016208e-03 1.136148e-02
9.261168e-02 2.947110e-01 9.879009e-01 1.625988e+04 1.292895e+00 -2.672791e-03 1.101494e-02
9.623486e-02 3.062136e-01 9.908158e-01 1.686964e+04 1.334753e+00 -7.641435e-03 1.056623e-02
9.999978e-02 3.182197e-01 1.003071e+00 1.769012e+04 1.397699e+00 1.436102e-02 1.022589e-02
1.039120e-01 3.307980e-01 9.968460e-01 1.836849e+04 1.447196e+00 3.507257e-03 9.856462e-03
1.079773e-01 3.436978e-01 9.924353e-01 1.909567e+04 1.489014e+00 -2.116442e-03 9.536624e-03
1.122016e-01 3.571138e-01 9.835824e-01 1.961223e+04 1.525779e+00 1.187325e-04 9.094238e-03
1.165912e-01 3.711452e-01 9.925284e-01 2.042284e+04 1.588207e+00 -2.806067e-03 8.757949e-03
1.211525e-01 3.857028e-01 1.000697e+00 2.146122e+04 1.707892e+00 -1.364172e-03 8.541107e-03
1.258922e-01 4.007562e-01 9.906349e-01 2.196376e+04 1.807682e+00 -1.929772e-02 8.144021e-03
1.308174e-01 4.164849e-01 9.960476e-01 2.308009e+04 1.937751e+00 -1.983428e-02 7.811666e-03
1.359353e-01 4.329484e-01 9.980253e-01 2.392516e+04 2.011599e+00 -1.045048e-02 7.562518e-03
1.412534e-01 4.496556e-01 9.947639e-01 2.498346e+04 2.058749e+00 -1.816577e-02 7.284045e-03
1.467796e-01 4.675762e-01 9.992669e-01 2.606915e+04 2.115885e+00 -1.794237e-02 6.989002e-03
1.525219e-01 4.857935e-01 9.995926e-01 2.686007e+04 2.174454e+00 -1.309574e-02 6.680608e-03
1.584889e-01 5.045444e-01 9.973602e-01 2.790751e+04 2.228885e+00 -1.095867e-02 6.470323e-03
1.646893e-01 5.245783e-01 9.943169e-01 2.922125e+04 2.313158e+00 -5.816638e-03 6.262302e-03
1.711324e-01 5.449017e-01 1.003469e+00 3.030545e+04 2.366156e+00 -7.300436e-03 6.049037e-03
1.778274e-01 5.662656e-01 9.964802e-01 3.128971e+04 2.403160e+00 -1.489925e-02 5.784273e-03
1.847845e-01 5.886703e-01 9.922076e-01 3.236119e+04 2.500085e+00 -1.320285e-02 5.555153e-03
1.920137e-01 6.116308e-01 9.923092e-01 3.371707e+04 2.675713e+00 -2.385342e-02 5.362988e-03
1.995257e-01 6.355630e-01 9.996742e-01 3.523581e+04 2.819191e+00 -2.197641e-02 5.143404e-03
2.073316e-01 6.603605e-01 9.993024e-01 3.629104e+04 2.917469e+00 -3.516561e-02 4.963994e-03
2.154428e-01 6.862410e-01 9.897022e-01 3.736430e+04 3.015509e+00 -1.553535e-02 4.766941e-03
2.238715e-01 7.130746e-01 9.945053e-01 3.916010e+04 3.164319e+00 -3.473771e-02 4.608512e-03
2.326298e-01 7.412637e-01 9.827031e-01 4.016505e+04 3.172435e+00 -3.716499e-02 4.431129e-03
2.417308e-01 7.703611e-01 9.984753e-01 4.247530e+04 3.288141e+00 -2.435541e-02 4.330158e-03
2.511879e-01 8.004128e-01 9.934149e-01 4.367471e+04 3.385066e+00 -2.693748e-02 4.121542e-03
2.610149e-01 8.317556e-01 9.794615e-01 4.453230e+04 3.497907e+00 -2.760118e-02 3.924966e-03
2.712264e-01 8.643556e-01 9.854629e-01 4.703031e+04 3.832769e+00 -2.713794e-02 3.783941e-03
2.818374e-01 8.982939e-01 9.856171e-01 4.877912e+04 3.971393e+00 -3.238726e-02 3.678083e-03
2.928635e-01 9.333917e-01 9.841309e-01 5.090204e+04 4.152989e+00 -4.365063e-02 3.573179e-03
3.043210e-01 9.701225e-01 9.899928e-01 5.341655e+04 4.276812e+00 -3.016090e-02 3.485799e-03
3.162267e-01 1.008047e+00 9.927194e-01 5.483338e+04 4.328059e+00 -2.100652e-02 3.330112e-03
3.285983e-01 1.047775e+00 9.919545e-01 5.755113e+04 4.579843e+00 -3.362083e-02 3.242612e-03
3.414538e-01 1.088623e+00 9.881112e-01 5.894673e+04 4.686158e+00 -3.288138e-02 3.089070e-03
3.548123e-01 1.131540e+00 9.933368e-01 6.190763e+04 4.955766e+00 -3.248924e-02 3.038645e-03
3.686934e-01 1.175770e+00 9.941991e-01 6.465165e+04 5.187178e+00 -1.687807e-02 2.904773e-03
3.831175e-01 1.222072e+00 9.960324e-01 6.726783e+04 5.334237e+00 -3.016698e-02 2.810597e-03
3.981059e-01 1.270158e+00 1.000673e+00 7.032892e+04 5.635994e+00 -2.042311e-02 2.736092e-03
4.136808e-01 1.319707e+00 1.001715e+00 7.336286e+04 5.851172e+00 -1.825815e-02 2.641439e-03
4.298649e-01 1.371629e+00 1.012334e+00 7.702572e+04 6.105820e+00 -2.508050e-02 2.576351e-03
4.466822e-01 1.425439e+00 1.004148e+00 7.970703e+04 6.126829e+00 -1.383704e-02 2.502441e-03
4.641575e-01 1.481578e+00 1.008600e+00 8.340722e+04 6.414580e+00 -2.650648e-02 2.423525e-03
4.823164e-01 1.539512e+00 1.001668e+00 8.609055e+04 6.758992e+00 -1.834542e-02 2.319932e-03
5.011858e-01 1.600072e+00 1.002655e+00 9.021336e+04 7.354868e+00 -1.744384e-02 2.257109e-03
5.207933e-01 1.663131e+00 1.002569e+00 9.339453e+04 7.668722e+00 -1.320410e-02 2.219558e-03
5.411680e-01 1.728436e+00 9.996715e-01 9.749380e+04 7.953290e+00 -2.071655e-02 2.121091e-03
5.623397e-01 1.796246e+00 1.001475e+00 9.999161e+04 8.113082e+00 -2.648669e-02 2.038360e-03
5.843398e-01 1.866368e+00 9.997526e-01 1.025479e+05 8.183110e+00 -8.438051e-03 1.937747e-03
6.072005e-01 1.939945e+00 9.984091e-01 1.075159e+05 8.557443e+00 -9.799302e-03 1.901984e-03
6.309556e-01 2.016088e+00 9.993371e-01 1.115914e+05 8.683494e+00 -1.377094e-02 1.841068e-03
6.556400e-01 2.095395e+00 9.877072e-01 1.148379e+05 8.850287e+00 -1.570785e-02 1.773357e-03
6.812901e-01 2.177911e+00 9.930062e-01 1.199657e+05 9.704632e+00 -3.435910e-02 1.720071e-03
7.079438e-01 2.263663e+00 9.911349e-01 1.244651e+05 1.009552e+01 -2.352995e-02 1.652956e-03
7.356402e-01 2.352091e+00 9.900393e-01 1.280244e+05 9.885431e+00 -2.617037e-02 1.592517e-03
7.644201e-01 2.445408e+00 9.867414e-01 1.327897e+05 1.027632e+01 -2.156544e-02 1.525640e-03
7.943260e-01 2.540817e+00 9.764218e-01 1.353105e+05 1.049149e+01 -1.111728e-02 1.455545e-03
8.254018e-01 2.641021e+00 9.865725e-01 1.427536e+05 1.059081e+01 -8.475423e-03 1.404524e-03
8.576935e-01 2.745324e+00 9.963366e-01 1.512864e+05 1.138785e+01 -8.394003e-03 1.405835e-03
8.912484e-01 2.853076e+00 9.911295e-01 1.566983e+05 1.257706e+01 2.796292e-03 1.341701e-03
9.261161e-01 2.965731e+00 9.958482e-01 1.630964e+05 1.285972e+01 4.447699e-04 1.305580e-03
9.623479e-01 3.082166e+00 9.978800e-01 1.708281e+05 1.391396e+01 -1.164258e-03 1.269937e-03
9.999971e-01 3.203410e+00 9.973723e-01 1.772161e+05 1.429339e+01 1.608026e-02 1.216292e-03
1.039119e+00 3.329859e+00 9.974485e-01 1.852998e+05 1.590531e+01 -8.711696e-03 1.168966e-03
1.079772e+00 3.461041e+00 1.000104e+00 1.913022e+05 1.509553e+01 -7.102728e-03 1.147628e-03
1.122015e+00 3.597668e+00 9.976782e-01 1.989836e+05 1.509043e+01 1.208925e-02 1.117826e-03
1.165911e+00 3.739474e+00 9.978306e-01 2.078021e+05 1.549278e+01 1.111126e-02 1.079202e-03
1.211524e+00 3.886899e+00 1.001289e+00 2.182797e+05 1.638405e+01 2.721238e-02 1.050472e-03
1.258922e+00 4.040322e+00 1.002448e+00 2.264717e+05 1.798833e+01 1.644647e-02 1.033902e-03
1.308174e+00 4.199817e+00 9.973052e-01 2.349676e+05 1.847216e+01 2.401829e-02 9.981394e-04
1.359353e+00 4.366001e+00 9.951215e-01 2.455680e+05 1.844160e+01 8.082509e-03 9.745359e-04
1.412534e+00 4.537914e+00 9.967855e-01 2.518901e+05 1.907313e+01 4.908085e-03 9.360313e-04
1.467795e+00 4.717386e+00 9.952545e-01 2.639032e+05 2.151266e+01 -5.598128e-03 9.038448e-04
1.525219e+00 4.904024e+00 1.003519e+00 2.794741e+05 2.242939e+01 -2.712011e-04 8.932352e-04
1.584889e+00 5.097653e+00 9.958532e-01 2.831802e+05 2.257199e+01 1.619780e-02 8.331537e-04
1.646893e+00 5.299413e+00 9.946130e-01 2.962147e+05 2.303036e+01 2.083421e-03 8.165836e-04
1.711323e+00 5.508135e+00 9.836223e-01 3.017965e+05 2.453787e+01 -1.004088e-02 7.977486e-04
1.778274e+00 5.727321e+00 9.894782e-01 3.176760e+05 2.438508e+01 1.937151e-02 7.636547e-04
1.847844e+00 5.953833e+00 9.862252e-01 3.263086e+05 2.635097e+01 -1.980245e-03 7.184744e-04
1.920137e+00 6.189734e+00 9.862322e-01 3.358326e+05 2.644264e+01 1.764071e-02 7.083416e-04
1.995257e+00 6.434398e+00 9.902936e-01 3.479497e+05 2.489438e+01 6.775260e-03 6.836653e-04
2.073316e+00 6.690478e+00 9.836314e-01 3.608515e+05 3.294125e+01 1.539111e-02 6.502867e-04
2.154429e+00 6.955186e+00 9.863776e-01 3.780924e+05 3.149485e+01 3.198826e-02 6.506443e-04
2.238715e+00 7.231013e+00 9.829368e-01 3.890301e+05 3.274772e+01 1.727784e-02 6.107092e-04
2.326299e+00 7.518958e+00 9.915940e-01 4.021283e+05 3.218750e+01 1.374602e-03 5.868673e-04
2.417309e+00 7.816885e+00 9.873125e-01 4.225510e+05 2.939655e+01 2.582073e-04 5.934238e-04
2.511880e+00 8.127683e+00 9.854891e-01 4.365627e+05 3.463211e+01 -5.382597e-03 5.594492e-04
2.610151e+00 8.449812e+00 9.864148e-01 4.568888e+05 3.567108e+01 1.293862e-02 5.544424e-04
2.712266e+00 8.787118e+00 9.817274e-01 4.706349e+05 4.292345e+01 -1.138210e-03 5.187988e-04
2.818376e+00 9.136279e+00 9.888247e-01 4.937661e+05 3.913429e+01 -3.643811e-03 5.040169e-04
2.928637e+00 9.499186e+00 9.868255e-01 5.093445e+05 4.108998e+01 -4.134834e-03 5.062819e-04
3.043212e+00 9.879048e+00 9.873317e-01 5.382999e+05 4.204746e+01 2.909899e-03 4.850626e-04
3.162270e+00 1.027175e+01 9.874164e-01 5.573348e+05 4.728302e+01 9.520650e-03 4.737377e-04
3.285985e+00 1.068142e+01 9.831513e-01 5.731967e+05 4.139556e+01 4.882097e-03 4.380941e-04
3.414541e+00 1.110797e+01 9.848778e-01 5.953258e+05 4.982950e+01 -1.240098e-02 4.353523e-04
3.548125e+00 1.155168e+01 9.804336e-01 6.133108e+05 4.950355e+01 -4.267991e-03 4.209280e-04
3.686936e+00 1.201214e+01 9.816548e-01 6.389002e+05 5.626700e+01 1.510441e-02 3.857613e-04
3.831177e+00 1.249297e+01 9.899446e-01 6.739511e+05 5.276305e+01 1.437628e-02 3.877878e-04
3.981061e+00 1.299193e+01 9.829256e-01 6.891599e+05 5.003322e+01 5.208611e-03 3.666878e-04
4.136810e+00 1.351229e+01 9.848939e-01 7.179916e+05 5.728559e+01 4.305959e-03 3.670454e-04
4.298651e+00 1.405356e+01 9.825967e-01 7.497739e+05 6.221558e+01 -1.042849e-02 3.608465e-04
4.466824e+00 1.461501e+01 9.855323e-01 7.788468e+05 5.659295e+01 -4.344761e-03 3.348589e-04
4.641576e+00 1.520129e+01 9.750545e-01 8.023542e+05 7.105695e+01 -1.152384e-02 3.186464e-04
4.823165e+00 1.581083e+01 9.912965e-01 8.463605e+05 7.081248e+01 3.395200e-03 3.068447e-04
5.011858e+00 1.644534e+01 9.892660e-01 8.778034e+05 6.396755e+01 -4.682183e-03 3.093481e-04
5.207934e+00 1.710503e+01 9.862803e-01 9.099253e+05 8.784334e+01 -1.503587e-03 3.126860e-04
5.411680e+00 1.779398e+01 9.891832e-01 9.545259e+05 6.372309e+01 4.892468e-03 2.722740e-04
5.623397e+00 1.850851e+01 9.951997e-01 9.822166e+05 8.539872e+01 -4.930496e-03 2.701283e-04
5.843397e+00 1.925405e+01 9.910687e-01 1.030816e+06 8.287261e+01 1.840711e-02 2.676249e-04
6.072004e+00 2.002823e+01 1.001727e+00 1.081360e+06 9.574761e+01 -2.914608e-03 2.462864e-04
6.309555e+00 2.083522e+01 1.000732e+00 1.119099e+06 9.444381e+01 -1.250756e-02 2.634525e-04
6.556399e+00 2.167562e+01 9.917105e-01 1.149601e+06 9.273258e+01 -9.623528e-03 2.359152e-04
6.812900e+00 2.254898e+01 9.881819e-01 1.187092e+06 1.295648e+02 -1.401728e-02 2.330542e-04
7.079436e+00 2.346041e+01 9.905581e-01 1.241443e+06 1.199493e+02 -2.641082e-04 2.453327e-04
7.356400e+00 2.440733e+01 9.914102e-01 1.295267e+06 1.238607e+02 -1.141721e-02 2.131462e-04
7.644198e+00 2.539286e+01 9.864777e-01 1.333177e+06 1.148971e+02 -2.602398e-03 2.131462e-04
7.943257e+00 2.641876e+01 9.974107e-01 1.386013e+06 1.233718e+02 1.876712e-03 1.885891e-04
8.254015e+00 2.748887e+01 9.926046e-01 1.435682e+06 9.729587e+01 -4.859626e-03 1.958609e-04
8.576931e+00 2.860066e+01 9.933912e-01 1.502976e+06 9.208068e+01 1.558208e-02 1.941919e-04
8.912479e+00 2.975823e+01 9.780766e-01 1.526134e+06 1.225569e+02 7.298589e-03 1.749992e-04
9.261156e+00 3.096355e+01 9.746560e-01 1.569414e+06 9.452530e+01 7.666826e-03 1.664162e-04
9.623473e+00 3.221931e+01 9.766715e-01 1.652797e+06 1.264683e+02 -3.523529e-03 1.525879e-04
9.999966e+00 3.352533e+01 9.732381e-01 1.718851e+06 1.763386e+02 6.414652e-03 1.503229e-04
1.039119e+01 3.488540e+01 9.652429e-01 1.747092e+06 1.144082e+02 -5.951345e-03 1.477003e-04
1.079772e+01 3.630145e+01 9.724432e-01 1.831778e+06 1.538481e+02 4.069209e-03 1.473427e-04
1.122015e+01 3.777620e+01 9.748484e-01 1.938715e+06 1.078892e+02 -1.155317e-03 1.384020e-04
1.165910e+01 3.930901e+01 9.797122e-01 2.014221e+06 2.209936e+02 -2.905190e-03 1.505613e-04
1.211523e+01 4.090511e+01 9.758866e-01 2.097521e+06 2.138228e+02 -4.939497e-03 1.144409e-04
1.258921e+01 4.256904e+01 9.743910e-01 2.154061e+06 1.043038e+02 -3.231466e-03 1.156330e-04
1.308173e+01 4.429975e+01 9.769887e-01 2.259178e+06 9.061391e+01 1.175630e-02 1.047850e-04
1.359352e+01 4.609751e+01 9.935843e-01 2.392414e+06 2.131709e+02 1.335466e-02 9.858608e-05
1.412532e+01 4.797379e+01 9.895270e-01 2.473408e+06 2.066519e+02 9.305596e-03 1.205206e-04
1.467794e+01 4.992332e+01 9.852759e-01 2.544492e+06 1.505886e+02 2.488279e-02 1.125336e-04
1.525217e+01 5.195396e+01 9.932052e-01 2.674961e+06 1.127785e+02 3.341317e-03 1.063347e-04
1.584887e+01 5.406887e+01 9.946689e-01 2.775614e+06 1.134304e+02 4.372239e-03 9.942055e-05
1.646892e+01 5.626435e+01 9.974517e-01 2.894389e+06 1.140823e+02 -9.315014e-04 8.845329e-05
1.711322e+01 5.855079e+01 9.986041e-01 3.030196e+06 5.202151e+02 -1.069528e-02 9.453297e-05
1.778273e+01 6.093346e+01 1.002082e+00 3.165706e+06 2.007848e+02 1.283884e-03 9.143353e-05
1.847843e+01 6.341125e+01 1.003745e+00 3.312290e+06 3.337721e+02 -7.556319e-03 9.107590e-05
1.920134e+01 6.598721e+01 9.963828e-01 3.416784e+06 3.455063e+02 -2.072847e-02 9.834766e-05
1.995255e+01 6.867117e+01 1.002571e+00 3.559189e+06 2.451139e+02 2.078176e-03 7.915497e-05
2.073313e+01 7.146278e+01 1.005919e+00 3.704045e+06 3.116075e+02 1.587033e-03 8.940697e-05
2.154426e+01 7.436784e+01 1.012257e+00 3.875598e+06 4.693670e+01 6.718159e-03 8.165836e-05
2.238712e+01 7.738683e+01 1.010433e+00 4.011838e+06 2.216455e+02 2.557397e-03 7.152557e-05
2.326295e+01 8.053297e+01 1.016177e+00 4.183737e+06 3.415949e+02 -1.315057e-03 7.152557e-05
2.417306e+01 8.380235e+01 1.006377e+00 4.216436e+06 2.659746e+02 3.733099e-02 5.877018e-05
2.511876e+01 8.719942e+01 1.000777e+00 4.342454e+06 3.259493e+02 1.941347e-02 4.875660e-05
2.610146e+01 9.073580e+01 1.002406e+00 4.521234e+06 5.580252e+02 2.439785e-02 5.459785e-05
2.712261e+01 9.441267e+01 9.920840e-01 4.621446e+06 4.432911e+02 1.900971e-02 6.496906e-05
2.818371e+01 9.823488e+01 9.876652e-01 4.776488e+06 2.086076e+01 1.353693e-02 5.125999e-05
2.928632e+01 1.022116e+02 9.960470e-01 4.969254e+06 2.346835e+01 1.214015e-02 5.900860e-05
3.043207e+01 1.063468e+02 9.909300e-01 5.140202e+06 2.659746e+02 3.437865e-02 4.196167e-05
3.162264e+01 1.106461e+02 9.868777e-01 5.312624e+06 4.198227e+02 1.561081e-02 6.341934e-05
3.285979e+01 1.151176e+02 9.822922e-01 5.441752e+06 7.562024e+02 -2.214313e-04 4.410744e-05
3.414534e+01 1.197643e+02 9.857901e-01 5.677949e+06 4.224303e+02 -3.333902e-02 4.756451e-05
3.548118e+01 1.245926e+02 1.004573e+00 6.069636e+06 7.509872e+02 -2.775192e-03 3.707409e-05
3.686928e+01 1.296111e+02 9.911535e-01 6.211142e+06 9.387340e+02 2.104735e-02 3.576279e-05
3.831170e+01 1.348322e+02 9.872085e-01 6.479692e+06 1.089974e+03 5.248427e-03 2.729893e-05
3.981053e+01 1.402569e+02 9.881179e-01 6.697297e+06 -2.868354e+02 3.839374e-03 3.099442e-05
4.136801e+01 1.458921e+02 9.987012e-01 6.992756e+06 9.230884e+02 -1.343310e-02 4.088879e-05
4.298642e+01 1.517575e+02 9.962893e-01 7.253487e+06 1.230785e+03 -6.423175e-03 2.455711e-05
4.466815e+01 1.578514e+02 9.986416e-01 7.571003e+06 4.693670e+01 -3.245622e-02 2.765656e-05
4.641567e+01 1.641787e+02 9.927593e-01 7.733286e+06 2.096506e+03 -2.505684e-02 5.722046e-05
4.823155e+01 1.707590e+02 9.941016e-01 8.013002e+06 5.945316e+02 -4.567069e-02 3.862381e-05
5.011848e+01 1.775920e+02 9.980318e-01 8.346701e+06 3.056101e+03 -2.072692e-02 4.196167e-05
5.207923e+01 1.847050e+02 1.005154e+00 8.795968e+06 -2.461569e+03 -1.192421e-02 2.121925e-05
5.411669e+01 1.920719e+02 1.005043e+00 9.252277e+06 6.216505e+03 4.091740e-03 2.014637e-05
5.623386e+01 1.997442e+02 1.003296e+00 9.479173e+06 6.863188e+03 -1.676285e-02 3.731251e-05
5.843385e+01 2.077160e+02 1.003675e+00 9.803967e+06 6.195645e+03 -3.897786e-03 2.527237e-05
6.071991e+01 2.160077e+02 1.004701e+00 1.020823e+07 -4.422480e+03 1.015151e-02 2.861023e-05
6.309542e+01 2.246001e+02 1.004026e+00 1.064199e+07 6.852758e+03 -7.533371e-03 3.373623e-05
6.556385e+01 2.335389e+02 1.010117e+00 1.114357e+07 7.572455e+03 -5.765557e-04 1.776218e-05
6.812886e+01 2.428248e+02 9.911770e-01 1.132099e+07 6.508556e+03 -4.987359e-03 2.634525e-05
7.079421e+01 2.524865e+02 9.935812e-01 1.186696e+07 -6.070480e+03 4.033566e-03 2.002716e-05
7.356384e+01 2.625034e+02 1.003559e+00 1.236120e+07 6.049619e+03 7.831931e-03 2.133846e-05
7.644183e+01 2.729202e+02 9.940433e-01 1.274181e+07 2.691038e+03 -7.149041e-03 1.347065e-05
7.943240e+01 2.837483e+02 9.850351e-01 1.292719e+07 -3.358582e+03 -6.232977e-03 2.074242e-05
8.253998e+01 2.949873e+02 1.001252e+00 1.361766e+07 2.920506e+03 3.044724e-03 8.344650e-06
8.576913e+01 3.066583e+02 9.990262e-01 1.401408e+07 4.610227e+03 -1.418096e-02 2.384186e-05
8.912461e+01 3.187994e+02 1.000865e+00 1.473572e+07 -4.610227e+03 -2.734244e-03 5.602837e-06
9.261137e+01 3.314050e+02 9.931206e-01 1.529272e+07 5.340354e+03 1.350522e-03 1.144409e-05
9.623454e+01 3.445023e+02 1.006298e+00 1.615646e+07 1.881640e+04 3.212571e-03 -6.318092e-06
9.999945e+01 3.581008e+02 9.967281e-01 1.668460e+07 3.225073e+04 -9.677470e-03 7.867813e-06
1.039117e+02 3.722810e+02 9.997982e-01 1.725044e+07 -5.173468e+04 -1.412630e-02 5.006790e-06
1.079769e+02 3.869317e+02 1.006677e+00 1.831361e+07 4.288971e+04 -2.586383e-02 1.025200e-05
1.122012e+02 4.021731e+02 1.011747e+00 1.874498e+07 1.002151e+05 6.386399e-03 1.585484e-05
1.165908e+02 4.180312e+02 1.007630e+00 1.959421e+07 8.778206e+04 -1.329643e-02 2.193451e-05
1.211521e+02 4.345738e+02 1.016909e+00 2.041216e+07 -9.754490e+04 1.884270e-02 1.442432e-05
1.258918e+02 4.516073e+02 1.009226e+00 2.097842e+07 1.348439e+05 -2.347410e-02 8.106232e-06
1.308170e+02 4.694178e+02 9.930401e-01 2.153492e+07 4.697842e+04 -7.391810e-03 1.668930e-05
1.359349e+02 4.878596e+02 1.012932e+00 2.254961e+07 1.233288e+05 1.455820e-02 1.013279e-05
1.412529e+02 5.070923e+02 9.955537e-01 2.321963e+07 1.318400e+04 1.581073e-03 1.025200e-05
1.467791e+02 5.269984e+02 1.003186e+00 2.405501e+07 1.430213e+05 4.194140e-03 3.027916e-05
1.525214e+02 5.477363e+02 1.004598e+00 2.509754e+07 7.192788e+04 -4.477555e-02 1.788139e-05
1.584884e+02 5.692369e+02 1.001897e+00 2.608571e+07 1.498637e+05 -2.720529e-02 1.180172e-05
1.646888e+02 5.916695e+02 9.993185e-01 2.671468e+07 -8.461123e+04 -3.834319e-02 2.479553e-05
1.711318e+02 6.149371e+02 1.005476e+00 2.817274e+07 -1.692225e+05 -2.926105e-02 1.692772e-05
1.778269e+02 6.389935e+02 9.922822e-01 2.844006e+07 1.310890e+05 2.950227e-02 1.335144e-05
1.847839e+02 6.641824e+02 1.000248e+00 2.999875e+07 -1.968421e+05 3.778219e-02 1.299381e-05
1.920130e+02 6.902161e+02 9.982383e-01 3.182988e+07 -6.108029e+04 1.302421e-02 2.026558e-05
1.995250e+02 7.172684e+02 1.000666e+00 3.279046e+07 2.820374e+04 3.504968e-02 9.775162e-06
2.073309e+02 7.454636e+02 1.010351e+00 3.439880e+07 -1.750635e+05 5.747747e-02 5.245209e-06
2.154421e+02 7.746851e+02 1.013391e+00 3.536633e+07 -1.416862e+05 1.598489e-02 -4.708767e-06
2.238707e+02 8.049329e+02 1.016988e+00 3.747570e+07 4.237237e+05 -6.940901e-03 2.980232e-05
2.326290e+02 8.365364e+02 1.023440e+00 3.887905e+07 3.145802e+05 -3.845096e-04 3.635883e-05
2.417300e+02 8.695930e+02 1.055804e+00 4.238727e+07 -9.943071e+05 4.078579e-02 6.508827e-05
2.511870e+02 9.032361e+02 1.069232e+00 4.506065e+07 1.135326e+06 2.535129e-02 3.039837e-05
2.610140e+02 9.388082e+02 1.028477e+00 4.546680e+07 3.699864e+05 6.435061e-02 -3.159046e-06
2.712255e+02 9.755040e+02 1.025889e+00 4.623232e+07 8.227482e+05 4.167688e-02 5.364418e-06
2.818365e+02 1.013846e+03 1.020271e+00 4.823736e+07 6.812289e+05 3.605020e-02 -1.257658e-05
2.928625e+02 1.053565e+03 1.034427e+00 5.070221e+07 5.493889e+05 -9.969056e-03 2.372265e-05
3.043200e+02 1.094962e+03 9.941824e-01 5.014809e+07 -4.729551e+05 -2.441394e-02 1.549721e-06
3.162257e+02 1.137508e+03 1.064052e+00 5.614151e+07 1.740955e+06 -2.874196e-03 1.227856e-05
3.285971e+02 1.182676e+03 1.072200e+00 6.005511e+07 -1.835746e+06 1.456511e-02 1.728535e-05
3.414526e+02 1.228873e+03 1.028209e+00 5.906813e+07 -1.396836e+06 -1.748621e-03 5.352497e-05
3.548110e+02 1.277001e+03 1.034578e+00 6.193580e+07 -1.714921e+06 -4.052889e-02 5.459785e-05
3.686920e+02 1.326626e+03 1.021769e+00 6.327496e+07 9.465777e+05 -3.661680e-02 1.943111e-05
3.831161e+02 1.378445e+03 1.045972e+00 6.666800e+07 2.078065e+06 1.928532e-02 -1.621246e-05
3.981045e+02 1.432710e+03 1.001329e+00 6.551357e+07 -6.775574e+05 -7.338285e-03 2.932549e-05
4.136792e+02 1.489057e+03 1.038691e+00 7.178205e+07 -2.977247e+06 -2.624798e-02 -3.147125e-05
4.298633e+02 1.546877e+03 1.000435e+00 7.120549e+07 1.875799e+06 -4.016435e-02 2.145767e-06
4.466805e+02 1.607176e+03 1.101029e+00 8.132087e+07 4.806318e+06 -2.202821e-02 -8.726120e-05
4.641557e+02 1.670000e+03 1.106077e+00 8.377018e+07 4.833020e+06 -2.411026e-02 -1.516342e-04
4.823145e+02 1.735786e+03 9.959336e-01 7.701441e+07 1.477943e+06 -2.766609e-02 -1.196861e-04
5.011837e+02 1.804036e+03 9.858503e-01 8.077138e+07 -1.146173e+06 -1.025140e-02 1.051426e-04
5.207911e+02 1.875117e+03 1.160813e+00 1.015294e+08 -7.554598e+06 3.039074e-02 1.665354e-04
5.411657e+02 1.948546e+03 1.203681e+00 1.128282e+08 -8.708781e+06 -3.215253e-03 5.245209e-05
5.623373e+02 2.023663e+03 1.044705e+00 9.987084e+07 3.003949e+06 -4.015774e-02 5.936623e-05
5.843372e+02 2.104020e+03 1.178287e+00 1.121892e+08 -7.899718e+06 2.418280e-03 1.502037e-05
6.071978e+02 2.185858e+03 9.987500e-01 1.011942e+08 -3.696860e+06 -1.894468e-02 7.879734e-05
6.309528e+02 2.272031e+03 1.221416e+00 1.279584e+08 -1.464592e+07 -4.635990e-02 1.392365e-04
6.556371e+02 2.358926e+03 1.239656e+00 1.359101e+08 1.342965e+07 -1.426542e-02 2.232790e-04
6.812871e+02 2.451542e+03 1.077121e+00 1.188101e+08 1.098644e+07 5.481005e-02 -1.030564e-04
7.079406e+02 2.547315e+03 1.177264e+00 1.352791e+08 1.170872e+07 4.318690e-02 -3.057718e-04
7.356368e+02 2.648561e+03 1.023311e+00 1.268808e+08 -7.252200e+06 -1.247233e-02 1.145601e-04
7.644166e+02 2.752481e+03 1.135201e+00 1.443942e+08 -1.266732e+07 -4.490006e-02 2.685785e-04
7.943223e+02 2.858330e+03 1.106456e+00 1.519757e+08 1.745228e+07 -4.677474e-02 2.044439e-04
8.253980e+02 2.971171e+03 9.191939e-01 1.324401e+08 -1.882475e+06 2.580178e-02 -1.497865e-04
8.576895e+02 3.087133e+03 9.517950e-01 1.431334e+08 -2.210906e+06 6.106734e-03 1.609325e-04
8.912442e+02 3.209295e+03 1.286330e+00 1.933746e+08 -1.678473e+07 -3.941697e-02 -1.200438e-04
9.261117e+02 3.334973e+03 1.347600e+00 2.164901e+08 -2.547082e+07 -3.178716e-04 -1.599789e-04
9.623433e+02 3.463031e+03 1.086304e+00 1.753073e+08 1.619195e+07 -3.613532e-03 2.788305e-04
