#./overdamped_3d --dev=0 --amp=100.0 --omega=1.0 --force=0 --Dg=0.01 --block=256 --paths=65536 --periods=1000 --trans=100 --samples=100 --spp=1000 --algorithm=euler --pav=1 --mode=moments --domain=1d --domainx=l:-2:3:300:1 --domainy=a:0:10:100:0 --domainz=D:-6:-1:100:1 --q=2 --eps=0 --phi=1.57079632679 --lambda=500.0 --zeta=3.6 --comp=0 --mean=0.0 --second=3.14 --skew=0.99 --distribution=s>> comp_s_3.14_l:-2:3:300:1_0.0_0.99_3.6_100.0.dat
#l <<v>> qnu(q) mu_q Dx Gx EBx
1.000000e-02 3.295652e-02 1.000202e+00 1.381115e+03 1.104890e-01 -3.350890e-02 3.801906e-02
1.039122e-02 3.429193e-02 1.001770e+00 1.429522e+03 1.144753e-01 -5.135435e-02 3.640938e-02
1.079775e-02 3.569222e-02 1.001677e+00 1.478004e+03 1.184927e-01 -2.143317e-02 3.458989e-02
1.122018e-02 3.711980e-02 1.010566e+00 1.546057e+03 1.240003e-01 -2.566332e-02 3.355706e-02
1.165914e-02 3.844627e-02 1.011314e+00 1.611535e+03 1.293616e-01 -4.155850e-02 3.268826e-02
1.211527e-02 4.003715e-02 1.019783e+00 1.699697e+03 1.363492e-01 -2.199584e-02 3.158855e-02
1.258925e-02 4.159655e-02 1.012445e+00 1.752200e+03 1.404281e-01 -2.718645e-02 3.029799e-02
1.308177e-02 4.317799e-02 1.006097e+00 1.820462e+03 1.459494e-01 -4.443347e-03 2.925873e-02
1.359356e-02 4.490066e-02 1.008216e+00 1.873777e+03 1.502584e-01 -2.382505e-02 2.795696e-02
1.412537e-02 4.663483e-02 1.015190e+00 1.943863e+03 1.559277e-01 -3.376108e-02 2.680933e-02
1.467799e-02 4.849654e-02 1.002491e+00 2.007025e+03 1.610897e-01 -3.360331e-02 2.545977e-02
1.525222e-02 5.040765e-02 9.967072e-01 2.084560e+03 1.673141e-01 -5.950034e-03 2.491558e-02
1.584893e-02 5.244254e-02 9.903591e-01 2.164715e+03 1.736697e-01 -1.333022e-02 2.378702e-02
1.646897e-02 5.446091e-02 1.003247e+00 2.258029e+03 1.808808e-01 -5.984187e-03 2.308881e-02
1.711327e-02 5.665189e-02 1.001081e+00 2.358773e+03 1.886048e-01 -2.141261e-02 2.229285e-02
1.778278e-02 5.886131e-02 1.004514e+00 2.457873e+03 1.953677e-01 -1.865399e-02 2.166593e-02
1.847849e-02 6.112699e-02 1.008934e+00 2.576884e+03 2.039732e-01 -2.703190e-02 2.095187e-02
1.920141e-02 6.360024e-02 1.011150e+00 2.656379e+03 2.091719e-01 -2.906817e-02 2.006149e-02
1.995261e-02 6.606106e-02 1.019501e+00 2.794602e+03 2.198129e-01 -1.543742e-02 1.964879e-02
2.073320e-02 6.844816e-02 1.016478e+00 2.848790e+03 2.240019e-01 -1.544416e-02 1.875138e-02
2.154433e-02 7.115563e-02 1.020926e+00 3.006800e+03 2.360579e-01 1.516962e-02 1.822948e-02
2.238719e-02 7.398531e-02 1.022227e+00 3.158624e+03 2.478142e-01 1.265299e-02 1.761210e-02
2.326303e-02 7.680830e-02 1.025565e+00 3.289165e+03 2.577141e-01 1.604831e-02 1.707017e-02
2.417313e-02 7.983172e-02 1.019182e+00 3.384406e+03 2.647617e-01 4.646778e-03 1.639092e-02
2.511884e-02 8.295901e-02 1.008413e+00 3.426541e+03 2.682855e-01 3.183556e-02 1.530612e-02
2.610155e-02 8.629815e-02 1.012937e+00 3.599151e+03 2.829999e-01 1.796949e-02 1.485968e-02
2.712270e-02 8.972366e-02 1.011734e+00 3.734051e+03 2.952249e-01 -4.989505e-04 1.432157e-02
2.818380e-02 9.329533e-02 1.004572e+00 3.858101e+03 3.068830e-01 1.266718e-03 1.367509e-02
2.928642e-02 9.685679e-02 1.012144e+00 4.013258e+03 3.219953e-01 1.311302e-05 1.322198e-02
3.043217e-02 1.007361e-01 1.010894e+00 4.130043e+03 3.345909e-01 -2.113640e-03 1.267529e-02
3.162274e-02 1.046515e-01 1.002212e+00 4.294145e+03 3.488427e-01 1.052678e-02 1.210761e-02
3.285990e-02 1.086180e-01 9.985695e-01 4.448892e+03 3.626494e-01 8.882284e-04 1.168764e-02
3.414545e-02 1.129609e-01 1.005169e+00 4.675255e+03 3.812631e-01 -1.115245e-02 1.138031e-02
3.548130e-02 1.173960e-01 1.016808e+00 4.919360e+03 3.999912e-01 1.469851e-03 1.124823e-02
3.686940e-02 1.220714e-01 1.022061e+00 5.087816e+03 4.139968e-01 -2.026021e-03 1.067102e-02
3.831182e-02 1.267829e-01 1.029014e+00 5.415532e+03 4.409437e-01 -3.351438e-02 1.053274e-02
3.981066e-02 1.317757e-01 1.044853e+00 5.766128e+03 4.693131e-01 -1.094580e-02 1.036751e-02
4.136815e-02 1.370260e-01 1.036198e+00 5.995532e+03 4.880984e-01 1.690984e-03 1.000273e-02
4.298656e-02 1.423705e-01 1.030433e+00 6.023251e+03 4.893119e-01 -6.777763e-03 9.444833e-03
4.466829e-02 1.479105e-01 1.024794e+00 6.234910e+03 5.020791e-01 -1.143056e-02 9.133935e-03
4.641582e-02 1.536566e-01 1.031103e+00 6.553658e+03 5.232069e-01 -2.139133e-02 8.885145e-03
4.823171e-02 1.595802e-01 1.016957e+00 6.684994e+03 5.307171e-01 -2.366328e-02 8.324146e-03
5.011865e-02 1.659262e-01 1.023264e+00 7.074012e+03 5.598076e-01 -8.858979e-03 8.111119e-03
5.207940e-02 1.723872e-01 1.015646e+00 7.259223e+03 5.753053e-01 -5.468309e-03 7.698536e-03
5.411686e-02 1.791589e-01 1.020544e+00 7.480047e+03 5.926532e-01 -2.997792e-02 7.385731e-03
5.623404e-02 1.863400e-01 1.013385e+00 7.721862e+03 6.094440e-01 -3.181547e-02 7.048011e-03
5.843404e-02 1.936187e-01 1.008618e+00 7.937854e+03 6.239868e-01 -2.605534e-02 6.743789e-03
6.072012e-02 2.011384e-01 1.012144e+00 8.343166e+03 6.497202e-01 -1.826215e-02 6.590366e-03
6.309562e-02 2.090727e-01 1.018206e+00 8.688559e+03 6.751651e-01 -2.526814e-02 6.310582e-03
6.556407e-02 2.171467e-01 1.015833e+00 9.088562e+03 7.097017e-01 -6.380975e-03 6.147981e-03
6.812909e-02 2.257888e-01 1.003803e+00 9.314038e+03 7.281040e-01 -2.205402e-02 5.864382e-03
7.079445e-02 2.346268e-01 1.007317e+00 9.606681e+03 7.562644e-01 -2.626228e-02 5.540848e-03
7.356408e-02 2.437053e-01 9.903709e-01 9.723684e+03 7.670870e-01 1.320362e-03 5.261183e-03
7.644208e-02 2.533093e-01 1.002633e+00 1.019477e+04 8.044288e-01 -4.484713e-03 5.134344e-03
7.943267e-02 2.629452e-01 9.941663e-01 1.065147e+04 8.413725e-01 7.933855e-03 4.975319e-03
8.254025e-02 2.731501e-01 9.987497e-01 1.102819e+04 8.737805e-01 1.987791e-02 4.786730e-03
8.576941e-02 2.838139e-01 9.846397e-01 1.121805e+04 8.902729e-01 3.052711e-03 4.572749e-03
8.912491e-02 2.949630e-01 1.007613e+00 1.195502e+04 9.481456e-01 1.201379e-02 4.497051e-03
9.261168e-02 3.064174e-01 1.000080e+00 1.238125e+04 9.785044e-01 -1.551467e-02 4.332542e-03
9.623486e-02 3.183638e-01 9.902115e-01 1.284313e+04 1.010733e+00 -4.111707e-03 4.191875e-03
9.999978e-02 3.308977e-01 9.963136e-01 1.327895e+04 1.042544e+00 -2.060372e-02 4.017711e-03
1.039120e-01 3.438013e-01 1.002041e+00 1.410942e+04 1.099283e+00 -1.358193e-02 3.964067e-03
1.079773e-01 3.573460e-01 9.928038e-01 1.447869e+04 1.106405e+00 -2.810955e-04 3.808379e-03
1.122016e-01 3.714826e-01 9.927618e-01 1.502418e+04 1.149656e+00 -1.549935e-02 3.694654e-03
1.165912e-01 3.858438e-01 9.942999e-01 1.564490e+04 1.235162e+00 -2.708578e-02 3.555298e-03
1.211525e-01 4.010233e-01 9.956258e-01 1.616505e+04 1.349634e+00 -1.403326e-02 3.431559e-03
1.258922e-01 4.167997e-01 9.892293e-01 1.661132e+04 1.449583e+00 -1.595700e-02 3.297687e-03
1.308174e-01 4.330061e-01 9.848563e-01 1.715388e+04 1.471666e+00 -2.091581e-02 3.135443e-03
1.359353e-01 4.500100e-01 9.867369e-01 1.799821e+04 1.505526e+00 -8.305669e-03 3.054023e-03
1.412534e-01 4.677216e-01 9.862962e-01 1.868404e+04 1.535845e+00 -4.214048e-03 2.934694e-03
1.467796e-01 4.861484e-01 9.840251e-01 1.904159e+04 1.539585e+00 2.098107e-02 2.791047e-03
1.525219e-01 5.050206e-01 9.773281e-01 1.967762e+04 1.568313e+00 -6.487668e-03 2.685547e-03
1.584889e-01 5.247066e-01 9.874824e-01 2.076291e+04 1.624335e+00 -9.473383e-03 2.659559e-03
1.646893e-01 5.452804e-01 9.773842e-01 2.123726e+04 1.609534e+00 -2.188683e-03 2.510548e-03
1.711324e-01 5.664532e-01 9.873077e-01 2.218946e+04 1.672957e+00 -1.182002e-02 2.447724e-03
1.778274e-01 5.888751e-01 1.000463e+00 2.358595e+04 1.825189e+00 -4.467547e-03 2.418637e-03
1.847845e-01 6.116787e-01 9.933894e-01 2.426055e+04 1.899992e+00 -6.536901e-03 2.329946e-03
1.920137e-01 6.358596e-01 9.931667e-01 2.525005e+04 2.046255e+00 -2.218992e-02 2.277017e-03
1.995257e-01 6.608399e-01 9.957112e-01 2.643823e+04 2.150183e+00 -1.548439e-02 2.216220e-03
2.073316e-01 6.866255e-01 1.001495e+00 2.780944e+04 2.262865e+00 -2.824008e-02 2.195597e-03
2.154428e-01 7.133965e-01 1.002699e+00 2.887818e+04 2.334326e+00 -3.487110e-02 2.111912e-03
2.238715e-01 7.411199e-01 1.009870e+00 3.019850e+04 2.375069e+00 -3.656334e-02 2.070308e-03
2.326298e-01 7.699940e-01 1.002938e+00 3.104176e+04 2.415972e+00 -4.716456e-02 1.980305e-03
2.417308e-01 8.004703e-01 1.006160e+00 3.243899e+04 2.490297e+00 -3.285640e-02 1.916409e-03
2.511879e-01 8.317316e-01 1.015291e+00 3.430104e+04 2.646428e+00 -3.005153e-02 1.886129e-03
2.610149e-01 8.645900e-01 1.018361e+00 3.590455e+04 2.906010e+00 -9.228885e-03 1.842499e-03
2.712264e-01 8.983913e-01 1.003966e+00 3.687771e+04 3.040337e+00 1.521850e-02 1.751184e-03
2.818374e-01 9.332930e-01 1.010654e+00 3.841965e+04 3.167183e+00 2.184141e-02 1.683831e-03
2.928635e-01 9.698216e-01 1.008371e+00 3.987976e+04 3.173549e+00 6.433845e-03 1.659513e-03
3.043210e-01 1.008100e+00 1.006750e+00 4.106317e+04 3.243259e+00 4.422855e-02 1.602054e-03
3.162267e-01 1.047818e+00 1.003215e+00 4.237309e+04 3.298009e+00 3.964508e-02 1.569033e-03
3.285983e-01 1.088969e+00 1.005920e+00 4.405222e+04 3.498862e+00 6.626081e-02 1.481891e-03
3.414538e-01 1.131579e+00 1.002892e+00 4.570645e+04 3.676479e+00 6.209731e-02 1.443028e-03
3.548123e-01 1.176319e+00 1.011548e+00 4.823216e+04 3.806986e+00 6.412661e-02 1.427889e-03
3.686934e-01 1.222352e+00 1.002526e+00 4.857896e+04 3.888474e+00 6.302464e-02 1.373291e-03
3.831175e-01 1.270707e+00 9.938980e-01 5.058850e+04 3.985558e+00 2.370083e-02 1.328707e-03
3.981059e-01 1.320301e+00 1.007273e+00 5.390500e+04 4.372304e+00 2.939498e-02 1.312017e-03
4.136808e-01 1.372214e+00 9.975916e-01 5.522143e+04 4.408592e+00 2.029157e-02 1.253366e-03
4.298649e-01 1.425953e+00 1.016326e+00 5.841900e+04 4.431510e+00 2.261889e-02 1.252890e-03
4.466822e-01 1.481801e+00 1.007026e+00 6.008204e+04 4.464614e+00 2.968526e-02 1.208663e-03
4.641575e-01 1.539354e+00 1.019063e+00 6.350317e+04 4.800113e+00 1.843834e-02 1.168728e-03
4.823164e-01 1.599689e+00 1.016770e+00 6.555865e+04 5.390259e+00 2.244234e-03 1.122713e-03
5.011858e-01 1.661867e+00 1.012379e+00 6.729693e+04 5.556417e+00 -9.100914e-03 1.073956e-03
5.207933e-01 1.727220e+00 1.018506e+00 7.028316e+04 5.773504e+00 -2.631932e-02 1.054883e-03
5.411680e-01 1.795266e+00 1.009893e+00 7.251748e+04 5.964490e+00 -9.920835e-03 1.011252e-03
5.623397e-01 1.865420e+00 1.011247e+00 7.503796e+04 5.613713e+00 3.465414e-04 9.841919e-04
5.843398e-01 1.938439e+00 1.013697e+00 7.840656e+04 6.100091e+00 -6.287634e-03 9.760857e-04
6.072005e-01 2.014390e+00 1.011527e+00 8.188858e+04 6.586468e+00 1.534092e-02 9.433031e-04
6.309556e-01 2.093279e+00 1.006806e+00 8.514506e+04 6.699786e+00 3.301024e-02 9.162426e-04
6.556400e-01 2.175483e+00 1.003922e+00 8.725648e+04 7.221815e+00 1.831675e-02 8.797646e-04
6.812901e-01 2.260559e+00 1.009983e+00 9.132577e+04 7.366964e+00 4.263008e-02 8.684397e-04
7.079438e-01 2.349076e+00 1.008346e+00 9.470327e+04 7.507020e+00 2.738941e-02 8.348227e-04
7.356402e-01 2.441356e+00 1.008375e+00 9.829916e+04 7.796045e+00 6.599307e-03 8.121729e-04
7.644201e-01 2.537394e+00 9.994044e-01 1.015119e+05 7.878806e+00 -5.572855e-03 7.797480e-04
7.943260e-01 2.636541e+00 9.947243e-01 1.045558e+05 7.242186e+00 3.063023e-02 7.498264e-04
8.254018e-01 2.739979e+00 9.921063e-01 1.069967e+05 8.619831e+00 -4.733980e-03 7.364750e-04
8.576935e-01 2.847561e+00 1.001012e+00 1.136158e+05 8.989071e+00 2.965140e-02 7.286072e-04
8.912484e-01 2.959216e+00 1.007170e+00 1.189942e+05 9.651155e+00 -3.945112e-03 7.219315e-04
9.261161e-01 3.074538e+00 1.006100e+00 1.226081e+05 9.628237e+00 9.319901e-03 6.847382e-04
9.623479e-01 3.195069e+00 1.010054e+00 1.279971e+05 9.844687e+00 3.490448e-03 6.701946e-04
9.999971e-01 3.320884e+00 1.012416e+00 1.348323e+05 1.235297e+01 -1.008976e-02 6.570816e-04
1.039119e+00 3.451670e+00 1.011971e+00 1.383975e+05 1.125034e+01 -4.322410e-03 6.401539e-04
1.079772e+00 3.585919e+00 1.018641e+00 1.457577e+05 1.089384e+01 -1.423889e-02 6.083250e-04
1.122015e+00 3.727627e+00 1.011204e+00 1.503479e+05 1.075633e+01 3.284335e-03 6.002188e-04
1.165911e+00 3.873610e+00 1.013451e+00 1.537723e+05 1.200410e+01 7.677317e-03 5.848408e-04
1.211524e+00 4.025565e+00 1.003615e+00 1.581689e+05 1.200410e+01 -1.323330e-02 5.679131e-04
1.258922e+00 4.183882e+00 1.025203e+00 1.671552e+05 1.481541e+01 5.347848e-03 5.595684e-04
1.308174e+00 4.347521e+00 1.013808e+00 1.738490e+05 1.390378e+01 -1.200020e-03 5.536079e-04
1.359353e+00 4.519371e+00 1.017057e+00 1.829820e+05 1.435705e+01 -2.025962e-04 5.193949e-04
1.412534e+00 4.697016e+00 1.018773e+00 1.895134e+05 1.507516e+01 -1.509207e-02 5.168915e-04
1.467795e+00 4.881824e+00 1.015048e+00 1.990294e+05 1.693409e+01 -2.473295e-02 5.103350e-04
1.525219e+00 5.073627e+00 1.016964e+00 2.084841e+05 1.538583e+01 -4.088432e-02 5.052090e-04
1.584889e+00 5.273184e+00 9.995364e-01 2.090744e+05 1.548259e+01 -2.514112e-02 4.765987e-04
1.646893e+00 5.481044e+00 1.013152e+00 2.205586e+05 1.746885e+01 -2.205211e-02 4.837513e-04
1.711323e+00 5.696493e+00 1.005784e+00 2.286701e+05 1.737717e+01 -3.353357e-03 4.662275e-04
1.778274e+00 5.921208e+00 1.018135e+00 2.403873e+05 1.812074e+01 -1.227015e-02 4.669428e-04
1.847844e+00 6.154441e+00 1.015959e+00 2.455289e+05 1.911897e+01 -2.957892e-02 4.553795e-04
1.920137e+00 6.396232e+00 1.018108e+00 2.575253e+05 2.271459e+01 -1.661086e-02 4.389286e-04
1.995257e+00 6.648544e+00 1.012328e+00 2.623098e+05 2.072834e+01 1.125503e-02 4.210472e-04
2.073316e+00 6.909437e+00 1.014877e+00 2.751268e+05 2.178767e+01 1.960397e-03 4.019737e-04
2.154429e+00 7.181397e+00 1.009430e+00 2.875157e+05 2.762420e+01 -1.751238e-02 3.937483e-04
2.238715e+00 7.464197e+00 1.006250e+00 2.984035e+05 2.705379e+01 9.044528e-03 3.881454e-04
2.326299e+00 7.759711e+00 1.004026e+00 3.117139e+05 2.336649e+01 2.055383e-02 3.741980e-04
2.417309e+00 8.064430e+00 1.010831e+00 3.252283e+05 2.957990e+01 4.021001e-02 3.561974e-04
2.511880e+00 8.382250e+00 1.007875e+00 3.379967e+05 2.862242e+01 1.039660e-02 3.544092e-04
2.610151e+00 8.714068e+00 1.013614e+00 3.505902e+05 3.067998e+01 4.395723e-03 3.432035e-04
2.712266e+00 9.056964e+00 1.012898e+00 3.663213e+05 2.255162e+01 1.600087e-02 3.428459e-04
2.818376e+00 9.414888e+00 1.008715e+00 3.813859e+05 2.583148e+01 2.241230e-02 3.325939e-04
2.928637e+00 9.786110e+00 9.905941e-01 3.839002e+05 3.133188e+01 -3.173828e-03 3.087521e-04
3.043212e+00 1.017173e+01 9.972349e-01 3.999797e+05 3.114853e+01 2.851486e-04 2.921820e-04
3.162270e+00 1.057401e+01 9.975103e-01 4.155709e+05 2.766495e+01 -8.705616e-03 2.772808e-04
3.285985e+00 1.099033e+01 9.934736e-01 4.315326e+05 3.239121e+01 -1.488507e-03 2.784729e-04
3.414541e+00 1.142447e+01 9.941197e-01 4.454109e+05 3.267642e+01 -5.731702e-03 2.752542e-04
3.548125e+00 1.187584e+01 9.930124e-01 4.638978e+05 4.322903e+01 -1.562351e-02 2.731085e-04
3.686936e+00 1.234589e+01 9.893846e-01 4.809551e+05 4.685521e+01 2.414656e-02 2.624989e-04
3.831177e+00 1.283391e+01 9.946597e-01 4.980627e+05 3.222824e+01 2.445269e-02 2.582073e-04
3.981061e+00 1.334294e+01 9.950287e-01 5.195555e+05 5.883385e+01 1.395309e-02 2.425909e-04
4.136810e+00 1.387000e+01 1.001926e+00 5.410297e+05 4.771083e+01 3.233945e-02 2.350807e-04
4.298651e+00 1.442012e+01 9.930944e-01 5.601284e+05 5.011471e+01 3.096092e-02 2.300739e-04
4.466824e+00 1.499238e+01 9.876106e-01 5.758468e+05 4.245490e+01 1.161575e-02 2.217293e-04
4.641576e+00 1.558600e+01 9.850869e-01 5.911954e+05 5.475948e+01 1.725113e-02 2.056360e-04
4.823165e+00 1.620289e+01 9.822786e-01 6.159423e+05 3.666930e+01 8.850455e-03 2.088547e-04
5.011858e+00 1.684548e+01 9.816143e-01 6.344841e+05 5.826344e+01 1.356995e-02 1.972914e-04
5.207934e+00 1.751340e+01 9.877431e-01 6.596041e+05 4.498101e+01 4.999876e-03 1.926422e-04
5.411680e+00 1.820811e+01 9.806386e-01 6.821027e+05 5.264081e+01 1.961565e-02 1.746416e-04
5.623397e+00 1.893132e+01 9.956678e-01 7.069655e+05 4.742562e+01 3.241670e-02 1.847744e-04
5.843397e+00 1.968329e+01 9.986210e-01 7.533311e+05 6.730853e+01 1.511455e-02 1.741648e-04
6.072004e+00 2.046637e+01 9.944149e-01 7.709720e+05 6.567879e+01 4.075432e-02 1.686811e-04
6.309555e+00 2.127963e+01 9.844877e-01 7.804719e+05 7.219777e+01 2.609599e-02 1.661777e-04
6.556399e+00 2.212664e+01 9.676470e-01 7.967276e+05 6.486391e+01 3.663826e-02 1.592636e-04
6.812900e+00 2.300605e+01 9.645622e-01 8.249216e+05 5.296676e+01 3.644645e-02 1.589060e-04
7.079436e+00 2.392236e+01 9.808161e-01 8.654468e+05 8.523575e+01 3.094459e-02 1.385212e-04
7.356400e+00 2.487618e+01 9.773225e-01 8.942520e+05 7.806486e+01 2.488244e-02 1.317263e-04
7.644198e+00 2.586689e+01 9.793800e-01 9.383389e+05 2.917246e+01 3.686416e-02 1.465082e-04
7.943257e+00 2.689741e+01 9.766553e-01 9.689808e+05 5.459651e+01 3.260326e-02 1.357794e-04
8.254015e+00 2.796869e+01 9.865808e-01 1.015706e+06 7.887973e+01 2.715981e-02 1.274347e-04
8.576931e+00 2.908330e+01 9.830456e-01 1.047818e+06 6.176740e+01 1.973522e-02 1.227856e-04
8.912479e+00 3.024236e+01 9.870124e-01 1.085724e+06 6.584176e+01 1.706433e-02 1.204014e-04
9.261156e+00 3.144972e+01 9.872345e-01 1.148207e+06 1.075633e+02 1.937509e-02 1.101494e-04
9.623473e+00 3.270474e+01 9.844661e-01 1.171090e+06 6.649366e+01 1.560807e-02 1.111031e-04
9.999966e+00 3.401377e+01 9.841949e-01 1.217051e+06 1.492848e+02 9.839177e-03 9.906292e-05
1.039119e+01 3.537185e+01 9.838670e-01 1.257100e+06 5.247784e+01 3.578782e-03 9.644032e-05
1.079772e+01 3.678578e+01 9.854890e-01 1.312709e+06 1.144082e+02 -2.327955e-02 9.393692e-05
1.122015e+01 3.825666e+01 9.749806e-01 1.331084e+06 1.101709e+02 -4.793465e-03 9.155273e-05
1.165910e+01 3.978847e+01 9.767597e-01 1.403137e+06 1.456993e+02 -4.115462e-03 9.202957e-05
1.211523e+01 4.137852e+01 9.841182e-01 1.487961e+06 1.691677e+02 2.242351e-02 9.906292e-05
1.258921e+01 4.303539e+01 9.738469e-01 1.511837e+06 6.193037e+01 -7.176399e-03 9.453297e-05
1.308173e+01 4.475940e+01 9.872510e-01 1.590016e+06 1.727531e+02 3.357887e-03 8.201599e-05
1.359352e+01 4.655130e+01 9.816704e-01 1.652178e+06 1.316835e+02 -9.817243e-03 7.414818e-05
1.412532e+01 4.841651e+01 9.971359e-01 1.740592e+06 1.473291e+02 -6.995440e-03 7.784367e-05
1.467794e+01 5.035589e+01 9.955359e-01 1.789124e+06 1.140823e+02 -5.707860e-03 5.531311e-05
1.525217e+01 5.237592e+01 9.956052e-01 1.846228e+06 1.095190e+02 -3.078461e-03 7.772446e-05
1.584887e+01 5.447619e+01 9.981645e-01 1.928910e+06 1.199493e+02 1.279712e-03 6.079674e-05
1.646892e+01 5.666388e+01 1.002146e+00 2.025538e+06 2.320759e+02 1.756489e-02 5.412102e-05
1.711322e+01 5.893620e+01 1.000107e+00 2.092534e+06 2.698860e+02 3.078532e-02 5.924702e-05
1.778273e+01 6.129983e+01 9.994142e-01 2.186400e+06 -1.851392e+02 3.184235e-02 6.306171e-05
1.847843e+01 6.376120e+01 9.995468e-01 2.236999e+06 2.203417e+02 3.191817e-02 5.590916e-05
1.920134e+01 6.632087e+01 9.931213e-01 2.318482e+06 1.955696e+02 1.943040e-02 4.839897e-05
1.995255e+01 6.898269e+01 9.959446e-01 2.387339e+06 1.629747e+02 8.991122e-03 4.827976e-05
2.073313e+01 7.175425e+01 1.004316e+00 2.516989e+06 1.408101e+02 4.270434e-02 4.720688e-05
2.154426e+01 7.463802e+01 1.016773e+00 2.636394e+06 1.043038e+02 6.432259e-02 5.412102e-05
2.238712e+01 7.763740e+01 1.002732e+00 2.684348e+06 3.885316e+02 6.987834e-02 2.324581e-05
2.326295e+01 8.075460e+01 9.973726e-01 2.766672e+06 1.069114e+02 5.208409e-02 4.661083e-05
2.417306e+01 8.400044e+01 9.999779e-01 2.857121e+06 4.041772e+02 4.652536e-02 2.956390e-05
2.511876e+01 8.737817e+01 1.013885e+00 3.008038e+06 7.822783e+00 2.086961e-02 3.600121e-05
2.610146e+01 9.088956e+01 9.940974e-01 3.039606e+06 4.902278e+02 3.694618e-02 3.159046e-05
2.712261e+01 9.454257e+01 9.913754e-01 3.146040e+06 5.319493e+02 3.801548e-02 3.731251e-05
2.818371e+01 9.833797e+01 9.940104e-01 3.297421e+06 4.276455e+02 3.293395e-02 3.504753e-05
2.928632e+01 1.022885e+02 9.918068e-01 3.404375e+06 2.972658e+02 2.987969e-02 2.634525e-05
3.043207e+01 1.063962e+02 9.950648e-01 3.538685e+06 5.084809e+02 5.114055e-02 4.148483e-05
3.162264e+01 1.106669e+02 9.859176e-01 3.577418e+06 1.929620e+02 9.632945e-03 2.181530e-05
3.285979e+01 1.151058e+02 9.842938e-01 3.704422e+06 3.389873e+01 2.339208e-02 2.801418e-05
3.414534e+01 1.197267e+02 9.707650e-01 3.795508e+06 -1.293367e+03 2.005064e-02 2.837181e-05
3.548118e+01 1.245246e+02 9.780590e-01 3.961400e+06 5.736708e+01 9.434938e-03 1.811981e-05
3.686928e+01 1.295203e+02 9.853801e-01 4.234940e+06 -2.711898e+02 2.773285e-02 2.598763e-05
3.831170e+01 1.347094e+02 9.871694e-01 4.358738e+06 7.509872e+02 4.849780e-02 3.194809e-05
3.981053e+01 1.401105e+02 9.930730e-01 4.594024e+06 5.736708e+02 2.888536e-02 4.148483e-05
4.136801e+01 1.457238e+02 1.001829e+00 4.854528e+06 3.233417e+02 1.124227e-02 2.443790e-05
4.298642e+01 1.515542e+02 1.008538e+00 5.057872e+06 4.589366e+02 -2.006590e-02 3.921986e-05
4.466815e+01 1.576262e+02 9.899346e-01 5.133997e+06 4.954430e+02 1.389110e-02 2.670288e-05
4.641567e+01 1.639238e+02 9.936072e-01 5.235756e+06 7.144809e+02 1.317334e-02 2.789497e-05
4.823155e+01 1.704818e+02 9.848787e-01 5.491357e+06 -2.033924e+03 1.357853e-02 3.457069e-05
5.011848e+01 1.772909e+02 1.014483e+00 5.856494e+06 -3.859240e+02 -2.625614e-02 1.013279e-05
5.207923e+01 1.843698e+02 1.003825e+00 6.002033e+06 5.204759e+03 -2.771199e-02 3.504753e-05
5.411669e+01 1.917230e+02 1.014365e+00 6.234842e+06 5.194328e+03 1.078939e-02 4.279613e-05
5.623386e+01 1.993818e+02 1.001204e+00 6.424445e+06 -3.076961e+03 -2.550685e-02 1.025200e-05
5.843385e+01 2.073286e+02 1.023103e+00 6.927848e+06 4.620657e+03 6.388903e-03 1.966953e-05
6.071991e+01 2.155919e+02 1.024059e+00 7.145455e+06 6.289518e+03 3.847826e-02 7.987022e-06
6.309542e+01 2.241916e+02 1.006015e+00 7.149380e+06 -2.086076e+03 1.913297e-02 2.288818e-05
6.556385e+01 2.331237e+02 1.020237e+00 7.535619e+06 -1.483200e+04 -8.910894e-05 9.775162e-06
6.812886e+01 2.423891e+02 1.021460e+00 7.760042e+06 -9.512505e+03 -4.176319e-02 1.442432e-05
7.079421e+01 2.520181e+02 9.963292e-01 7.733878e+06 1.472769e+04 -3.409511e-02 1.168251e-05
7.356384e+01 2.620493e+02 9.801248e-01 7.824106e+06 1.960911e+03 -4.688001e-02 1.370907e-05
7.644183e+01 2.724594e+02 9.621886e-01 7.880420e+06 3.629771e+03 -5.511987e-02 1.287460e-05
7.943240e+01 2.832546e+02 9.617918e-01 8.206490e+06 2.515807e+04 4.065752e-03 1.823902e-05
8.253998e+01 2.945093e+02 9.541526e-01 8.382192e+06 -9.867138e+03 -6.356657e-03 2.324581e-05
8.576913e+01 3.061910e+02 9.668837e-01 8.769915e+06 -2.250876e+04 -9.581447e-03 -1.120567e-05
8.912461e+01 3.183040e+02 1.006633e+00 9.552369e+06 2.643058e+04 -6.526113e-03 3.695488e-06
9.261137e+01 3.309380e+02 9.891153e-01 9.869406e+06 -2.361438e+04 1.064885e-02 -6.258488e-06
9.623454e+01 3.440414e+02 1.000055e+00 1.058182e+07 -1.819058e+04 -1.940060e-02 -8.344650e-06
9.999945e+01 3.576143e+02 1.007800e+00 1.095536e+07 6.249882e+04 -2.178198e-02 1.311302e-05
1.039117e+02 3.718112e+02 1.002876e+00 1.098742e+07 -4.105397e+04 -4.474115e-02 -6.437302e-06
1.079769e+02 3.864356e+02 1.019388e+00 1.170939e+07 1.171123e+05 9.838462e-03 -3.159046e-05
1.122012e+02 4.017288e+02 1.006153e+00 1.183394e+07 9.733629e+04 1.865077e-02 1.311302e-05
1.165908e+02 4.175513e+02 1.007695e+00 1.220682e+07 1.644662e+05 6.019807e-02 3.051758e-05
1.211521e+02 4.341080e+02 1.017194e+00 1.305616e+07 -1.627139e+03 4.369271e-02 2.110004e-05
1.258918e+02 4.511954e+02 1.007529e+00 1.347633e+07 9.925548e+04 4.147983e-02 1.597404e-05
1.308170e+02 4.690874e+02 1.015643e+00 1.418166e+07 -1.611285e+05 1.713109e-02 4.410744e-06
1.359349e+02 4.875389e+02 1.001236e+00 1.480030e+07 -3.087392e+03 3.481448e-02 2.300739e-05
1.412529e+02 5.066472e+02 1.009130e+00 1.537325e+07 2.555025e+05 1.229048e-03 4.291534e-06
1.467791e+02 5.266771e+02 9.999776e-01 1.573576e+07 3.921822e+03 2.420902e-03 2.384186e-06
1.525214e+02 5.474327e+02 9.941925e-01 1.604684e+07 -1.133156e+05 5.546761e-02 -5.960464e-07
1.584884e+02 5.688629e+02 1.023673e+00 1.740133e+07 3.356078e+05 4.880786e-03 -8.225441e-06
1.646888e+02 5.914336e+02 1.020820e+00 1.802182e+07 -3.359416e+05 -3.080845e-02 -7.748604e-06
1.711318e+02 6.146777e+02 1.044042e+00 1.875555e+07 -3.715718e+05 -4.733020e-02 -7.987022e-06
1.778269e+02 6.387664e+02 1.040312e+00 1.985027e+07 -2.812030e+04 -2.362263e-02 -4.094839e-05
1.847839e+02 6.639445e+02 1.032881e+00 1.983992e+07 -2.938029e+05 1.443195e-02 -1.120567e-05
1.920130e+02 6.899878e+02 9.938157e-01 2.007721e+07 -6.375047e+04 -1.307923e-02 -1.972914e-05
1.995250e+02 7.170362e+02 1.004469e+00 2.134123e+07 1.088097e+05 3.455281e-02 -2.479553e-05
2.073309e+02 7.453146e+02 1.016878e+00 2.200654e+07 -5.021601e+05 3.704143e-02 9.775162e-06
2.154421e+02 7.744636e+02 9.945647e-01 2.236030e+07 -7.025902e+04 -4.244983e-02 -6.318092e-06
2.238707e+02 8.047405e+02 9.874899e-01 2.224596e+07 4.853046e+05 3.392971e-02 4.279613e-05
2.326290e+02 8.363104e+02 1.006845e+00 2.410735e+07 5.325334e+05 -3.018582e-02 4.196167e-05
2.417300e+02 8.694833e+02 1.076758e+00 2.736745e+07 -1.215598e+06 5.290580e-02 7.736683e-05
2.511870e+02 9.029876e+02 1.117471e+00 2.840724e+07 1.516160e+06 3.719163e-02 1.164675e-04
2.610140e+02 9.386920e+02 9.941881e-01 2.694393e+07 2.015983e+05 -1.340431e-02 5.221367e-05
2.712255e+02 9.753669e+02 1.033987e+00 3.011416e+07 1.118804e+06 3.340256e-02 4.792213e-05
2.818365e+02 1.013609e+03 1.058646e+00 3.143713e+07 1.269335e+06 1.017737e-02 9.107590e-05
2.928625e+02 1.053434e+03 1.011168e+00 3.107783e+07 3.280980e+05 -3.405583e-02 -4.285574e-05
3.043200e+02 1.094947e+03 9.827637e-01 3.029970e+07 -1.096108e+06 4.173243e-02 -2.682209e-05
3.162257e+02 1.137317e+03 1.122493e+00 3.647648e+07 2.479927e+06 -5.164367e-02 -3.272295e-05
3.285971e+02 1.182674e+03 1.189762e+00 4.136317e+07 -2.488271e+06 1.536870e-02 -5.841255e-05
3.414526e+02 1.228873e+03 1.078571e+00 3.836530e+07 -1.784012e+06 2.664292e-02 -1.776814e-04
3.548110e+02 1.277094e+03 1.104250e+00 4.212751e+07 -2.758626e+06 9.789550e-02 -1.315475e-04
3.686920e+02 1.326483e+03 1.022767e+00 4.094859e+07 1.567060e+06 -8.879101e-02 8.249283e-05
3.831161e+02 1.378321e+03 1.084846e+00 4.354284e+07 2.891802e+06 -3.800488e-02 1.482964e-04
3.981045e+02 1.432829e+03 1.013479e+00 4.296623e+07 -1.645496e+06 -3.907394e-02 2.491474e-05
4.136792e+02 1.489018e+03 1.049431e+00 4.594862e+07 -3.313689e+06 -6.702191e-02 -8.088350e-05
4.298633e+02 1.546870e+03 1.007019e+00 4.588120e+07 1.948562e+06 3.838539e-02 -4.756451e-05
4.466805e+02 1.606939e+03 1.199557e+00 5.610720e+07 6.440466e+06 -6.152809e-02 2.074242e-05
4.641557e+02 1.669845e+03 1.227425e+00 5.680870e+07 5.618720e+06 -6.273907e-02 1.534224e-04
4.823145e+02 1.735721e+03 9.831227e-01 5.017134e+07 1.469265e+06 -6.653726e-03 3.221035e-04
5.011837e+02 1.804104e+03 9.787169e-01 5.234722e+07 -9.352294e+05 -2.175534e-02 -2.980232e-06
5.207911e+02 1.875276e+03 1.303110e+00 7.047070e+07 -9.165382e+06 -3.760290e-02 -3.733635e-04
5.411657e+02 1.948756e+03 1.331647e+00 8.026060e+07 -1.033892e+07 -8.576745e-02 -2.148747e-04
5.623373e+02 2.023619e+03 1.087221e+00 6.766900e+07 3.467224e+06 -8.267659e-02 -2.472401e-04
5.843372e+02 2.104146e+03 1.331323e+00 8.439326e+07 -8.561922e+06 -7.745475e-02 4.267693e-05
6.071978e+02 2.186013e+03 1.081001e+00 7.133651e+07 -5.084016e+06 5.039573e-03 -1.624823e-04
6.309528e+02 2.272105e+03 1.422098e+00 1.064271e+08 -1.681811e+07 -9.428370e-02 -5.602837e-05
6.556371e+02 2.358808e+03 1.441469e+00 1.142435e+08 1.489959e+07 -7.227701e-02 -2.185702e-04
6.812871e+02 2.451506e+03 1.226894e+00 9.606671e+07 1.185826e+07 -4.645878e-02 -3.184676e-04
7.079406e+02 2.546951e+03 1.430405e+00 1.147280e+08 1.366864e+07 -8.805424e-02 2.946854e-04
7.356368e+02 2.648691e+03 1.044293e+00 8.387279e+07 -6.844998e+06 -4.642093e-02 3.530979e-04
7.644166e+02 2.752616e+03 1.303989e+00 1.174828e+08 -1.355916e+07 -1.012834e-01 -8.296967e-05
7.943223e+02 2.858210e+03 1.263087e+00 1.157491e+08 2.133471e+07 -1.788735e-04 -5.632639e-05
8.253980e+02 2.971274e+03 8.440329e-01 8.102509e+07 -9.559232e+05 -3.072864e-02 3.999472e-04
8.576895e+02 3.087137e+03 8.254220e-01 8.378537e+07 -4.192178e+06 -1.119606e-01 -1.716614e-04
8.912442e+02 3.209409e+03 1.456920e+00 1.633404e+08 -1.738285e+07 -7.614189e-02 7.402897e-05
9.261117e+02 3.335307e+03 1.584964e+00 1.801679e+08 -2.732926e+07 -1.821205e-01 1.411438e-04
9.623433e+02 3.462969e+03 1.194060e+00 1.365421e+08 1.678206e+07 -1.718181e-02 4.541874e-04
