#./overdamped_3d --dev=0 --amp=40.0 --omega=1.0 --force=0 --Dg=0.01 --block=256 --paths=65536 --periods=1000 --trans=100 --samples=100 --spp=1000 --algorithm=euler --pav=1 --mode=moments --domain=1d --domainx=l:-2:3:300:1 --domainy=a:0:10:100:0 --domainz=D:-6:-1:100:1 --q=2 --eps=0 --phi=1.57079632679 --lambda=0 --zeta=3.6 --comp=0 --mean=0.0 --second=0 --skew=0.0 --distribution=d>> comp_d_l:-2:3:300:1_0.0_3.6_40.0.dat
#l <<v>> qnu(q) mu_q Dx Gx EBx
1.000000e-02 6.272133e-02 1.001351e+00 2.466182e+03 1.945495e-01 -8.783221e-03 1.805544e-02
1.039122e-02 6.515715e-02 1.004139e+00 2.573522e+03 2.024041e-01 1.186013e-03 1.750112e-02
1.079775e-02 6.771677e-02 9.979199e-01 2.667484e+03 2.092937e-01 5.619645e-03 1.682973e-02
1.122018e-02 7.045188e-02 9.994065e-01 2.787201e+03 2.183258e-01 -1.452732e-02 1.623964e-02
1.165914e-02 7.316497e-02 1.006919e+00 2.914497e+03 2.283600e-01 -1.751542e-03 1.575720e-02
1.211527e-02 7.610312e-02 1.015465e+00 3.074747e+03 2.408785e-01 -2.918839e-03 1.536286e-02
1.258925e-02 7.897007e-02 1.005158e+00 3.156787e+03 2.467038e-01 1.044226e-02 1.471734e-02
1.308177e-02 8.201629e-02 9.985778e-01 3.268979e+03 2.559560e-01 -8.594394e-03 1.415265e-02
1.359356e-02 8.520012e-02 1.003639e+00 3.392568e+03 2.660896e-01 -6.854296e-03 1.361501e-02
1.412537e-02 8.859876e-02 1.001174e+00 3.511261e+03 2.769420e-01 6.368637e-03 1.305437e-02
1.467799e-02 9.203931e-02 1.008290e+00 3.667776e+03 2.919548e-01 -1.948541e-02 1.266038e-02
1.525222e-02 9.566744e-02 1.000738e+00 3.825929e+03 3.066866e-01 1.768994e-02 1.218820e-02
1.584893e-02 9.942383e-02 1.000825e+00 3.965399e+03 3.199586e-01 -4.637361e-03 1.175761e-02
1.646897e-02 1.032106e-01 1.008871e+00 4.165077e+03 3.387265e-01 9.427905e-03 1.145303e-02
1.711327e-02 1.073373e-01 1.008739e+00 4.342326e+03 3.542764e-01 2.608919e-02 1.100767e-02
1.778278e-02 1.115379e-01 1.003052e+00 4.474622e+03 3.652457e-01 1.037824e-02 1.052570e-02
1.847849e-02 1.160292e-01 9.968966e-01 4.603016e+03 3.748248e-01 -1.213449e-02 1.005447e-02
1.920141e-02 1.206323e-01 1.005021e+00 4.784864e+03 3.887558e-01 4.071593e-03 9.721637e-03
1.995261e-02 1.253035e-01 1.004070e+00 4.995917e+03 4.068547e-01 -8.282185e-03 9.327292e-03
2.073320e-02 1.299662e-01 1.023358e+00 5.180637e+03 4.232079e-01 1.009214e-02 9.115934e-03
2.154433e-02 1.351183e-01 1.019148e+00 5.392070e+03 4.410979e-01 3.756762e-03 8.749008e-03
2.238719e-02 1.404132e-01 1.016936e+00 5.669612e+03 4.611713e-01 -4.455328e-03 8.517027e-03
2.326303e-02 1.458564e-01 1.011193e+00 5.831601e+03 4.718695e-01 -1.718056e-02 8.136511e-03
2.417313e-02 1.515181e-01 1.011367e+00 6.023842e+03 4.819261e-01 -8.063912e-03 7.814765e-03
2.511884e-02 1.572690e-01 1.007447e+00 6.149265e+03 4.893915e-01 -1.603961e-03 7.403135e-03
2.610155e-02 1.636324e-01 1.002271e+00 6.394557e+03 5.067891e-01 -1.263809e-02 7.087469e-03
2.712270e-02 1.701432e-01 9.980581e-01 6.666414e+03 5.276185e-01 5.852103e-03 6.814718e-03
2.818380e-02 1.767544e-01 1.006160e+00 6.962086e+03 5.515912e-01 -1.233393e-02 6.638288e-03
2.928642e-02 1.837160e-01 1.004037e+00 7.275733e+03 5.751660e-01 -1.219910e-02 6.453514e-03
3.043217e-02 1.907953e-01 1.001074e+00 7.482258e+03 5.874408e-01 -1.832443e-02 6.138444e-03
3.162274e-02 1.983328e-01 1.002379e+00 7.750508e+03 6.052065e-01 -1.487899e-02 5.917907e-03
3.285990e-02 2.057988e-01 1.006281e+00 8.084158e+03 6.277270e-01 -1.607019e-02 5.725503e-03
3.414545e-02 2.140998e-01 1.002329e+00 8.422035e+03 6.536990e-01 -2.062571e-02 5.516768e-03
3.548130e-02 2.224869e-01 1.014262e+00 8.807066e+03 6.884545e-01 -1.646966e-02 5.386949e-03
3.686940e-02 2.312116e-01 1.004904e+00 9.227170e+03 7.219268e-01 -2.838570e-02 5.235553e-03
3.831182e-02 2.401424e-01 1.009567e+00 9.486973e+03 7.491622e-01 -3.427684e-02 5.016446e-03
3.981066e-02 2.495318e-01 1.011356e+00 9.895691e+03 7.764373e-01 -3.425545e-02 4.832983e-03
4.136815e-02 2.596146e-01 1.004769e+00 1.031627e+04 8.118891e-01 -3.752625e-02 4.663587e-03
4.298656e-02 2.695767e-01 9.998297e-01 1.057914e+04 8.363990e-01 -4.878056e-02 4.489541e-03
4.466829e-02 2.799601e-01 1.004241e+00 1.101073e+04 8.735815e-01 -4.755050e-02 4.296660e-03
4.641582e-02 2.906868e-01 1.015833e+00 1.165466e+04 9.259634e-01 -3.593987e-02 4.240751e-03
4.823171e-02 3.019223e-01 1.025456e+00 1.215682e+04 9.642799e-01 -4.998040e-02 4.120350e-03
5.011865e-02 3.135899e-01 1.016692e+00 1.256507e+04 9.887899e-01 -4.705012e-02 4.001141e-03
5.207940e-02 3.259375e-01 1.023830e+00 1.319012e+04 1.038367e+00 -2.459198e-02 3.850102e-03
5.411686e-02 3.386028e-01 1.019659e+00 1.359564e+04 1.063831e+00 -3.046948e-02 3.674269e-03
5.623404e-02 3.520141e-01 1.013260e+00 1.403338e+04 1.085278e+00 -2.373594e-02 3.547549e-03
5.843404e-02 3.655246e-01 1.024117e+00 1.472152e+04 1.128448e+00 -2.603561e-02 3.445148e-03
6.072012e-02 3.798172e-01 1.014697e+00 1.507019e+04 1.167919e+00 -8.756399e-03 3.305435e-03
6.309562e-02 3.945858e-01 1.020764e+00 1.576986e+04 1.292457e+00 -2.887958e-02 3.212929e-03
6.556407e-02 4.098394e-01 1.007824e+00 1.637768e+04 1.410630e+00 -1.227617e-03 3.073454e-03
6.812909e-02 4.259424e-01 1.009753e+00 1.679454e+04 1.466851e+00 1.550853e-02 2.976894e-03
7.079445e-02 4.426220e-01 1.017409e+00 1.732524e+04 1.467806e+00 3.431308e-02 2.844572e-03
7.356408e-02 4.597946e-01 1.005536e+00 1.808534e+04 1.504332e+00 3.520727e-02 2.792001e-03
7.644208e-02 4.774726e-01 1.015992e+00 1.886703e+04 1.535447e+00 1.284099e-02 2.679586e-03
7.943267e-02 4.959789e-01 1.011302e+00 1.954926e+04 1.577623e+00 -2.342701e-03 2.615213e-03
8.254025e-02 5.150900e-01 1.005013e+00 1.996777e+04 1.576032e+00 1.233864e-02 2.482176e-03
8.576941e-02 5.350373e-01 1.000662e+00 2.061205e+04 1.590435e+00 7.227778e-03 2.396941e-03
8.912491e-02 5.557633e-01 1.006402e+00 2.161314e+04 1.634362e+00 9.231448e-03 2.337813e-03
9.261168e-02 5.776368e-01 1.005450e+00 2.234540e+04 1.699854e+00 1.847255e-02 2.261639e-03
9.623486e-02 5.998653e-01 9.997978e-01 2.338772e+04 1.809194e+00 4.271388e-03 2.213240e-03
9.999978e-02 6.234555e-01 9.978269e-01 2.433698e+04 1.932618e+00 1.473904e-03 2.144694e-03
1.039120e-01 6.475749e-01 1.004726e+00 2.579323e+04 2.090261e+00 -6.825686e-03 2.099395e-03
1.079773e-01 6.728600e-01 1.012900e+00 2.690126e+04 2.228328e+00 1.936078e-02 2.041578e-03
1.122016e-01 6.990129e-01 1.006935e+00 2.791638e+04 2.285465e+00 2.805340e-02 1.971126e-03
1.165912e-01 7.263330e-01 1.012197e+00 2.880978e+04 2.314113e+00 1.799572e-02 1.899600e-03
1.211525e-01 7.545612e-01 1.006772e+00 2.998705e+04 2.359313e+00 3.709352e-02 1.819015e-03
1.258922e-01 7.839325e-01 1.002774e+00 3.106998e+04 2.372204e+00 5.302179e-02 1.763463e-03
1.308174e-01 8.142314e-01 1.005937e+00 3.244715e+04 2.468016e+00 2.646673e-02 1.704693e-03
1.359353e-01 8.457347e-01 9.960151e-01 3.310571e+04 2.647542e+00 4.721403e-03 1.630902e-03
1.412534e-01 8.784421e-01 1.004253e+00 3.477162e+04 2.874020e+00 1.193869e-02 1.590848e-03
1.467796e-01 9.124371e-01 1.001067e+00 3.536409e+04 2.897734e+00 3.137445e-02 1.515746e-03
1.525219e-01 9.477317e-01 9.998643e-01 3.629557e+04 2.982563e+00 2.101898e-02 1.450896e-03
1.584889e-01 9.843667e-01 1.003905e+00 3.826707e+04 2.978107e+00 2.676356e-02 1.435399e-03
1.646893e-01 1.022423e+00 9.975863e-01 3.926338e+04 2.948504e+00 2.557480e-02 1.369476e-03
1.711324e-01 1.062240e+00 1.001479e+00 4.077876e+04 3.194240e+00 -5.106866e-03 1.312852e-03
1.778274e-01 1.103401e+00 9.887530e-01 4.175375e+04 3.396366e+00 -1.370513e-02 1.288652e-03
1.847845e-01 1.145517e+00 9.966907e-01 4.372366e+04 3.445068e+00 -2.032351e-02 1.256824e-03
1.920137e-01 1.189382e+00 1.003585e+00 4.583464e+04 3.649104e+00 9.244680e-03 1.210809e-03
1.995257e-01 1.235730e+00 9.915967e-01 4.678069e+04 3.743961e+00 4.706025e-03 1.161337e-03
2.073316e-01 1.283125e+00 9.826416e-01 4.872388e+04 3.905344e+00 6.937981e-05 1.136422e-03
2.154428e-01 1.332442e+00 9.808447e-01 4.980596e+04 4.051448e+00 -2.138549e-02 1.098156e-03
2.238715e-01 1.383867e+00 1.005804e+00 5.260929e+04 4.143758e+00 -1.338273e-02 1.089454e-03
2.326298e-01 1.436777e+00 1.000668e+00 5.456917e+04 4.124023e+00 -2.881855e-02 1.065850e-03
2.417308e-01 1.492298e+00 1.016212e+00 5.853477e+04 4.446789e+00 -3.674799e-02 1.026273e-03
2.511879e-01 1.549818e+00 1.023033e+00 6.116317e+04 4.714806e+00 -4.425579e-02 1.005530e-03
2.610149e-01 1.609558e+00 1.011836e+00 6.258223e+04 5.178265e+00 -4.621512e-02 9.734631e-04
2.712264e-01 1.671035e+00 1.009258e+00 6.431654e+04 5.432913e+00 -3.877467e-02 9.313822e-04
2.818374e-01 1.734926e+00 1.009028e+00 6.659646e+04 5.531589e+00 -2.346367e-02 9.117126e-04
2.928635e-01 1.800815e+00 1.011759e+00 6.895261e+04 5.529679e+00 -2.749217e-02 8.826256e-04
3.043210e-01 1.870433e+00 1.004562e+00 7.037899e+04 5.648090e+00 -2.439326e-02 8.364916e-04
3.162267e-01 1.943109e+00 9.991015e-01 7.331206e+04 5.667189e+00 -1.513582e-02 8.244514e-04
3.285983e-01 2.017030e+00 1.005464e+00 7.548846e+04 5.962581e+00 -1.642346e-02 7.747412e-04
3.414538e-01 2.094007e+00 1.005134e+00 7.858077e+04 6.129375e+00 -1.144701e-02 7.570982e-04
3.548123e-01 2.174490e+00 1.015012e+00 8.337972e+04 6.594107e+00 1.355433e-02 7.526875e-04
3.686934e-01 2.257278e+00 9.982889e-01 8.347056e+04 6.790186e+00 1.521707e-03 7.334948e-04
3.831175e-01 2.343400e+00 9.955583e-01 8.679348e+04 6.830930e+00 -2.155876e-02 7.205009e-04
3.981059e-01 2.433024e+00 9.876888e-01 8.868129e+04 6.737983e+00 -3.640634e-02 6.797314e-04
4.136808e-01 2.524786e+00 9.956300e-01 9.279245e+04 7.159426e+00 -2.241421e-02 6.710291e-04
4.298649e-01 2.620307e+00 9.952624e-01 9.583661e+04 6.819471e+00 -2.600867e-02 6.430149e-04
4.466822e-01 2.719154e+00 1.000605e+00 9.891105e+04 7.764215e+00 -2.595550e-02 6.278753e-04
4.641575e-01 2.821960e+00 1.002120e+00 1.046599e+05 8.663121e+00 -3.616220e-02 6.102324e-04
4.823164e-01 2.928849e+00 9.970132e-01 1.069026e+05 9.353217e+00 -1.042038e-02 5.909204e-04
5.011858e-01 3.039865e+00 1.002769e+00 1.103088e+05 8.594367e+00 -1.307869e-02 5.748272e-04
5.207933e-01 3.154228e+00 1.000033e+00 1.138481e+05 9.027268e+00 -2.206385e-02 5.662441e-04
5.411680e-01 3.273096e+00 9.980325e-01 1.170348e+05 1.025722e+01 -2.819443e-02 5.562305e-04
5.623397e-01 3.395836e+00 9.853595e-01 1.181841e+05 9.595133e+00 -4.270649e-02 5.335808e-04
5.843398e-01 3.523955e+00 9.974796e-01 1.242093e+05 8.579087e+00 -3.803021e-02 5.125999e-04
6.072005e-01 3.655714e+00 9.981800e-01 1.296321e+05 9.796305e+00 -4.904383e-02 5.018711e-04
6.309556e-01 3.792639e+00 9.899722e-01 1.342365e+05 1.012480e+01 -4.986382e-02 4.850626e-04
6.556400e-01 3.934419e+00 9.928402e-01 1.382816e+05 1.067993e+01 -3.814828e-02 4.712343e-04
6.812901e-01 4.080873e+00 9.829021e-01 1.398319e+05 1.141841e+01 -4.810119e-02 4.284382e-04
7.079438e-01 4.233178e+00 9.802606e-01 1.446705e+05 1.164250e+01 -1.509327e-02 4.289150e-04
7.356402e-01 4.390623e+00 9.821257e-01 1.499032e+05 1.063410e+01 -1.307410e-02 4.205704e-04
7.644201e-01 4.553921e+00 9.819954e-01 1.570047e+05 1.228421e+01 2.517700e-03 4.218817e-04
7.943260e-01 4.722679e+00 9.904565e-01 1.629262e+05 1.256433e+01 8.132458e-03 3.982782e-04
8.254018e-01 4.897788e+00 9.858502e-01 1.668628e+05 1.345050e+01 3.322840e-03 3.834963e-04
8.576935e-01 5.077568e+00 9.963582e-01 1.749131e+05 1.272730e+01 -9.716392e-03 3.671646e-04
8.912484e-01 5.264764e+00 9.932833e-01 1.794699e+05 1.500385e+01 -7.501960e-03 3.765821e-04
9.261161e-01 5.458225e+00 9.984249e-01 1.853337e+05 1.600207e+01 1.059377e-02 3.575087e-04
9.623479e-01 5.657786e+00 9.988573e-01 1.918074e+05 1.793740e+01 2.426195e-02 3.609657e-04
9.999971e-01 5.865675e+00 9.986066e-01 1.981156e+05 1.447419e+01 -3.859699e-03 3.604889e-04
1.039119e+00 6.079174e+00 1.005271e+00 2.047640e+05 1.798833e+01 6.056428e-03 3.280640e-04
1.079772e+00 6.299449e+00 9.961092e-01 2.085352e+05 1.526869e+01 -1.626432e-02 3.145933e-04
1.122015e+00 6.529951e+00 9.941623e-01 2.157298e+05 1.800870e+01 2.122045e-03 3.099442e-04
1.165911e+00 6.766582e+00 9.876025e-01 2.186529e+05 2.120708e+01 -1.158631e-02 2.896786e-04
1.211524e+00 7.011617e+00 9.900150e-01 2.257262e+05 1.920045e+01 -4.971564e-03 2.979040e-04
1.258922e+00 7.264639e+00 9.962537e-01 2.356299e+05 2.436471e+01 2.970779e-02 2.676249e-04
1.308174e+00 7.525618e+00 9.911829e-01 2.436072e+05 2.041257e+01 3.560472e-02 2.763271e-04
1.359353e+00 7.795361e+00 9.938592e-01 2.473317e+05 2.086076e+01 2.860034e-02 2.756119e-04
1.412534e+00 8.074924e+00 9.924244e-01 2.547318e+05 2.422211e+01 2.892375e-02 2.648830e-04
1.467795e+00 8.362757e+00 9.884930e-01 2.633797e+05 2.169600e+01 1.296616e-02 2.504587e-04
1.525219e+00 8.660608e+00 9.719568e-01 2.599385e+05 2.022923e+01 1.624179e-02 2.377033e-04
1.584889e+00 8.967308e+00 9.746066e-01 2.664098e+05 2.705379e+01 -1.311123e-03 2.237558e-04
1.646893e+00 9.284779e+00 9.711797e-01 2.747067e+05 2.346835e+01 2.237678e-03 2.321005e-04
1.711323e+00 9.611325e+00 9.725631e-01 2.825186e+05 2.316277e+01 2.409327e-02 2.115965e-04
1.778274e+00 9.949083e+00 9.674162e-01 2.881580e+05 1.597152e+01 2.380621e-02 2.108812e-04
1.847844e+00 1.029830e+01 9.692968e-01 2.934952e+05 1.786610e+01 3.282368e-02 2.087355e-04
1.920137e+00 1.065668e+01 9.774449e-01 3.059520e+05 2.403876e+01 2.288282e-02 1.845360e-04
1.995257e+00 1.102620e+01 9.740355e-01 3.177153e+05 2.020886e+01 3.849685e-02 1.876354e-04
2.073316e+00 1.140800e+01 9.818986e-01 3.285988e+05 2.269422e+01 4.955482e-02 1.727343e-04
2.154429e+00 1.180246e+01 9.822586e-01 3.345928e+05 1.825316e+01 1.848149e-02 1.797676e-04
2.238715e+00 1.220773e+01 9.874794e-01 3.478148e+05 2.656487e+01 2.968764e-02 1.814365e-04
2.326299e+00 1.262689e+01 9.826438e-01 3.571623e+05 4.164003e+01 4.517889e-02 1.722574e-04
2.417309e+00 1.305737e+01 9.855123e-01 3.646606e+05 2.505735e+01 3.525865e-02 1.581907e-04
2.511880e+00 1.350134e+01 9.753925e-01 3.713059e+05 3.202452e+01 3.691256e-02 1.686811e-04
2.610151e+00 1.395957e+01 9.820315e-01 3.814304e+05 2.746123e+01 3.256071e-02 1.589060e-04
2.712266e+00 1.443124e+01 9.810666e-01 3.930026e+05 3.381724e+01 4.047227e-02 1.509190e-04
2.818376e+00 1.491597e+01 9.775264e-01 4.000032e+05 3.919540e+01 7.167661e-02 1.565218e-04
2.928637e+00 1.541496e+01 9.715650e-01 4.062421e+05 3.023180e+01 3.415692e-02 1.420975e-04
3.043212e+00 1.593024e+01 9.796831e-01 4.231241e+05 3.829905e+01 3.496373e-02 1.283884e-04
3.162270e+00 1.645922e+01 9.707383e-01 4.308062e+05 2.803164e+01 4.401159e-02 1.261234e-04
3.285985e+00 1.700355e+01 9.686168e-01 4.349928e+05 2.346835e+01 1.349902e-02 1.385212e-04
3.414541e+00 1.756530e+01 9.705070e-01 4.407349e+05 3.161708e+01 2.167594e-02 1.317263e-04
3.548125e+00 1.814347e+01 9.781348e-01 4.598621e+05 3.544699e+01 2.986228e-02 1.044273e-04
3.686936e+00 1.873886e+01 9.833503e-01 4.714515e+05 6.584176e+01 3.877854e-02 1.184940e-04
3.831177e+00 1.935277e+01 9.879192e-01 4.832983e+05 4.335126e+01 2.021563e-02 1.069307e-04
3.981061e+00 1.998270e+01 9.908523e-01 5.009159e+05 3.218750e+01 -4.307389e-03 1.167059e-04
4.136810e+00 2.063243e+01 9.986377e-01 5.138286e+05 3.870648e+01 -3.484726e-03 1.039505e-04
4.298651e+00 2.130306e+01 9.939759e-01 5.217746e+05 2.705379e+01 -7.427216e-03 1.077652e-04
4.466824e+00 2.199108e+01 9.834327e-01 5.261820e+05 5.590031e+01 -3.182411e-03 9.381771e-05
4.641576e+00 2.269733e+01 9.770873e-01 5.369932e+05 6.258227e+01 -1.806146e-02 7.939339e-05
4.823165e+00 2.342760e+01 9.898365e-01 5.501342e+05 4.302531e+01 -6.884933e-03 9.083748e-05
5.011858e+00 2.417841e+01 9.876124e-01 5.612346e+05 2.069778e+01 1.687765e-03 9.167194e-05
5.207934e+00 2.495176e+01 9.857979e-01 5.715207e+05 6.486391e+01 -3.266454e-03 9.012222e-05
5.411680e+00 2.574926e+01 9.857978e-01 5.848651e+05 6.225632e+01 1.760364e-03 7.629395e-05
5.623397e+00 2.657010e+01 9.833838e-01 6.013380e+05 6.861233e+01 5.737662e-03 8.618832e-05
5.843397e+00 2.741673e+01 9.822629e-01 6.073719e+05 9.452530e+00 2.561712e-02 7.081032e-05
6.072004e+00 2.828760e+01 9.705284e-01 6.105944e+05 8.539872e+01 1.489401e-03 7.116795e-05
6.309555e+00 2.918681e+01 9.568545e-01 6.088028e+05 4.530695e+01 -2.454698e-03 3.993511e-05
6.556399e+00 3.011496e+01 9.539557e-01 6.225126e+05 3.976582e+01 3.314018e-05 5.483627e-05
6.812900e+00 3.107007e+01 9.729597e-01 6.448724e+05 7.920568e+01 6.405950e-03 6.210804e-05
7.079436e+00 3.205768e+01 9.576957e-01 6.488137e+05 6.030062e+01 1.324165e-02 4.696846e-05
7.356400e+00 3.307629e+01 9.580306e-01 6.602482e+05 1.923101e+01 1.401782e-03 5.602837e-05
7.644198e+00 3.412667e+01 9.607251e-01 6.782597e+05 8.279112e+01 9.477615e-03 5.674362e-05
7.943257e+00 3.521266e+01 9.568476e-01 6.835434e+05 1.329873e+02 1.149690e-02 6.544590e-05
8.254015e+00 3.633475e+01 9.719430e-01 7.195921e+05 9.778480e+00 -8.532643e-03 5.745888e-05
8.576931e+00 3.749081e+01 9.747526e-01 7.412321e+05 3.878797e+01 2.573931e-02 5.197525e-05
8.912479e+00 3.868810e+01 9.711220e-01 7.521178e+05 9.485125e+01 1.714289e-02 5.030632e-05
9.261156e+00 3.992674e+01 9.628837e-01 7.671531e+05 1.248386e+02 1.909256e-02 3.933907e-05
9.623473e+00 4.120696e+01 9.653129e-01 7.867031e+05 8.213923e+01 1.352131e-02 5.114079e-05
9.999966e+00 4.253230e+01 9.740452e-01 8.168974e+05 7.822784e+01 9.716034e-03 4.363060e-05
1.039119e+01 4.390430e+01 9.754518e-01 8.389065e+05 1.062595e+02 -5.791366e-03 4.720688e-05
1.079772e+01 4.532470e+01 9.795853e-01 8.710104e+05 5.475948e+01 -1.680952e-02 3.695488e-05
1.122015e+01 4.679625e+01 9.748027e-01 8.990646e+05 -7.822783e+00 -8.475065e-03 4.863739e-05
1.165910e+01 4.832154e+01 9.856943e-01 9.442341e+05 9.061391e+01 -1.160800e-03 3.814697e-05
1.211523e+01 4.990336e+01 9.898598e-01 9.884424e+05 7.040505e+01 3.751540e-02 4.839897e-05
1.258921e+01 5.154179e+01 9.956412e-01 1.011074e+06 1.049557e+02 3.086865e-02 2.872944e-05
1.308173e+01 5.324183e+01 9.886422e-01 1.045470e+06 1.975253e+02 3.917098e-02 3.457069e-05
1.359352e+01 5.500659e+01 9.881442e-01 1.083806e+06 -1.069114e+02 3.044856e-02 2.801418e-05
1.412532e+01 5.683670e+01 9.840658e-01 1.121008e+06 2.275126e+02 5.107427e-02 4.434586e-05
1.467794e+01 5.873752e+01 9.832006e-01 1.141752e+06 1.642785e+02 6.764388e-02 4.756451e-05
1.525217e+01 6.071111e+01 9.761125e-01 1.188319e+06 1.056076e+02 4.187214e-02 4.160404e-05
1.584887e+01 6.276105e+01 9.789586e-01 1.217576e+06 1.264683e+02 5.347109e-02 4.017353e-05
1.646892e+01 6.489130e+01 9.821261e-01 1.273413e+06 1.460253e+02 8.735883e-02 2.872944e-05
1.711322e+01 6.710314e+01 9.915138e-01 1.336290e+06 1.186455e+02 4.447019e-02 2.241135e-05
1.778273e+01 6.940217e+01 9.918845e-01 1.377133e+06 2.985696e+02 2.359533e-02 2.753735e-05
1.847843e+01 7.179478e+01 9.959961e-01 1.430190e+06 3.389873e+01 1.057518e-02 2.002716e-05
1.920134e+01 7.428059e+01 9.875560e-01 1.476407e+06 2.516329e+02 2.894723e-02 3.755093e-05
1.995255e+01 7.686767e+01 9.939584e-01 1.556867e+06 2.829240e+02 1.794946e-02 3.004074e-05
2.073313e+01 7.955490e+01 1.004070e+00 1.641533e+06 3.389873e+01 -4.590571e-03 2.825260e-05
2.154426e+01 8.235343e+01 1.002707e+00 1.689919e+06 -3.520253e+01 4.088402e-03 2.324581e-05
2.238712e+01 8.526377e+01 9.954342e-01 1.728130e+06 2.868354e+01 4.555225e-03 5.602837e-06
2.326295e+01 8.828981e+01 1.006473e+00 1.801092e+06 3.207341e+02 1.170123e-02 2.312660e-05
2.417306e+01 9.143826e+01 1.002533e+00 1.876839e+06 1.384633e+03 3.091335e-02 2.312660e-05
2.511876e+01 9.471381e+01 1.008305e+00 1.945406e+06 1.757519e+03 4.844701e-02 1.621246e-05
2.610146e+01 9.812559e+01 9.877675e-01 1.984519e+06 -2.685822e+02 4.879093e-02 3.087521e-05
2.712261e+01 1.016729e+02 9.848739e-01 2.036936e+06 -3.676708e+02 4.908574e-02 1.907349e-05
2.818371e+01 1.053661e+02 9.943896e-01 2.145446e+06 -2.198202e+03 3.980041e-02 2.574921e-05
2.928632e+01 1.091982e+02 9.847188e-01 2.190758e+06 -7.301264e+01 4.407239e-02 3.147125e-05
3.043207e+01 1.131957e+02 9.860568e-01 2.315516e+06 -7.040505e+02 5.266285e-02 7.390976e-06
3.162264e+01 1.173538e+02 9.835730e-01 2.395248e+06 1.728835e+03 1.785159e-02 1.549721e-05
3.285979e+01 1.216868e+02 9.746701e-01 2.483822e+06 -2.404202e+03 1.799333e-02 3.051758e-05
3.414534e+01 1.261908e+02 9.902196e-01 2.669420e+06 -1.204709e+03 -2.391183e-02 1.311302e-05
3.548118e+01 1.308729e+02 9.987466e-01 2.844198e+06 -1.580202e+03 -1.782793e-02 1.215935e-05
3.686928e+01 1.357454e+02 1.004331e+00 2.966728e+06 1.528050e+03 -1.558214e-02 1.716614e-05
3.831170e+01 1.408175e+02 1.008172e+00 3.085843e+06 6.153923e+02 -2.462447e-02 1.633167e-05
3.981053e+01 1.460951e+02 1.007174e+00 3.219236e+06 1.251645e+03 -7.917583e-03 1.001358e-05
4.136801e+01 1.515915e+02 9.871313e-01 3.273386e+06 -1.674076e+03 -8.811414e-03 8.106232e-06
4.298642e+01 1.573013e+02 9.791943e-01 3.346732e+06 1.986987e+03 -1.762652e-02 1.549721e-05
4.466815e+01 1.632548e+02 9.803194e-01 3.482425e+06 6.518986e+02 -1.671827e-02 2.384186e-07
4.641567e+01 1.694472e+02 9.914629e-01 3.688226e+06 2.503291e+02 3.497243e-03 2.145767e-05
4.823155e+01 1.758846e+02 9.874837e-01 3.840409e+06 -6.007897e+03 2.360010e-02 7.390976e-06
5.011848e+01 1.825667e+02 9.891528e-01 4.007136e+06 4.641518e+03 1.782000e-02 5.364418e-06
5.207923e+01 1.895186e+02 1.005657e+00 4.218455e+06 1.154643e+04 2.475393e-02 2.479553e-05
5.411669e+01 1.967832e+02 1.000412e+00 4.336024e+06 -6.466834e+03 3.479397e-02 1.549721e-05
5.623386e+01 2.043334e+02 1.012154e+00 4.628254e+06 -2.473043e+04 9.000421e-03 1.645088e-05
5.843385e+01 2.121723e+02 1.012969e+00 4.776865e+06 -2.865225e+04 4.052877e-03 1.168251e-05
6.071991e+01 2.202901e+02 1.004972e+00 5.039881e+06 -5.256911e+03 1.907444e-02 7.510185e-06
6.309542e+01 2.287481e+02 1.015080e+00 5.305602e+06 4.088708e+03 5.848002e-02 2.574921e-05
6.556385e+01 2.375337e+02 1.024771e+00 5.550763e+06 3.598480e+04 5.403757e-02 1.347065e-05
6.812886e+01 2.466952e+02 1.024163e+00 5.848574e+06 3.990662e+04 5.914581e-02 -6.854534e-06
7.079421e+01 2.562642e+02 1.015209e+00 5.972441e+06 -1.675119e+04 2.794433e-02 -7.748604e-07
7.356384e+01 2.661190e+02 1.021592e+00 6.278359e+06 3.416992e+04 3.082860e-02 2.634525e-05
7.644183e+01 2.764282e+02 1.003838e+00 6.274366e+06 1.345519e+04 2.639139e-02 3.230572e-05
7.943240e+01 2.871212e+02 9.962164e-01 6.473477e+06 4.044900e+04 -4.261434e-03 2.419949e-05
8.253998e+01 2.982965e+02 1.003045e+00 6.715322e+06 -3.598480e+04 1.167178e-02 1.192093e-05
8.576913e+01 3.098653e+02 9.859267e-01 6.876911e+06 -4.307746e+04 -1.318598e-02 2.503395e-06
8.912461e+01 3.218756e+02 1.007230e+00 7.295337e+06 -2.519979e+04 -3.893435e-03 1.776218e-05
9.261137e+01 3.343582e+02 1.004812e+00 7.673162e+06 7.050936e+03 -6.346703e-03 2.205372e-05
9.623454e+01 3.473298e+02 1.009882e+00 7.983905e+06 5.365386e+04 -1.652479e-03 3.337860e-06
9.999945e+01 3.608578e+02 1.012075e+00 8.190890e+06 2.198724e+04 1.424181e-02 1.513958e-05
1.039117e+02 3.749532e+02 1.026166e+00 8.723458e+06 -1.142752e+05 -8.353651e-03 2.348423e-05
1.079769e+02 3.894345e+02 1.011434e+00 8.946569e+06 8.256688e+04 -3.512836e-02 1.740456e-05
1.122012e+02 4.045743e+02 1.019091e+00 9.258209e+06 1.821978e+05 -2.379066e-02 -3.284216e-05
1.165908e+02 4.203246e+02 1.029849e+00 9.644345e+06 2.272988e+05 -3.326672e-02 -3.033876e-05
1.211521e+02 4.367830e+02 1.003816e+00 9.947163e+06 -1.965083e+04 -1.496631e-02 -5.304813e-06
1.258918e+02 4.537601e+02 1.004082e+00 1.032191e+07 1.108123e+05 -4.923886e-02 -1.853704e-05
1.308170e+02 4.716271e+02 1.040276e+00 1.133600e+07 -2.550436e+05 -3.220731e-02 -1.138449e-05
1.359349e+02 4.899687e+02 1.027612e+00 1.174341e+07 -2.005136e+05 -3.476512e-02 5.841255e-06
1.412529e+02 5.088617e+02 1.052187e+00 1.238111e+07 3.868418e+05 -4.486042e-02 -1.543760e-05
1.467791e+02 5.289918e+02 1.040734e+00 1.270547e+07 -2.965565e+05 -1.281387e-02 2.491474e-05
1.525214e+02 5.496270e+02 1.054590e+00 1.321223e+07 -4.352388e+05 -1.709217e-02 3.278255e-05
1.584884e+02 5.709487e+02 1.008411e+00 1.338540e+07 -1.124812e+05 -3.213155e-02 3.099442e-05
1.646888e+02 5.932575e+02 9.953621e-01 1.348201e+07 -1.002985e+05 -3.598553e-02 -1.609325e-05
1.711318e+02 6.162548e+02 1.028973e+00 1.449891e+07 3.161656e+05 -3.334558e-02 4.971027e-05
1.778269e+02 6.405938e+02 1.020183e+00 1.483403e+07 -4.369077e+05 -4.265863e-02 9.310246e-05
1.847839e+02 6.653130e+02 1.035811e+00 1.559976e+07 5.625729e+05 -7.365763e-03 5.948544e-05
1.920130e+02 6.913680e+02 1.002235e+00 1.575200e+07 3.244265e+05 -3.929138e-03 4.351139e-05
1.995250e+02 7.186442e+02 1.016595e+00 1.627331e+07 -6.979174e+05 -2.661526e-02 3.492832e-05
2.073309e+02 7.463790e+02 1.070265e+00 1.820517e+07 7.191120e+05 -8.325338e-03 5.722046e-06
2.154421e+02 7.759034e+02 1.058588e+00 1.892714e+07 -7.030909e+05 -4.089814e-02 -1.931190e-05
2.238707e+02 8.061392e+02 9.904258e-01 1.840580e+07 -1.642159e+05 -4.899341e-02 -6.639957e-05
2.326290e+02 8.377664e+02 1.030312e+00 1.948824e+07 -6.750541e+05 -1.323026e-02 -1.040697e-04
2.417300e+02 8.705248e+02 1.048580e+00 2.081652e+07 -9.575921e+05 -2.125221e-02 1.966953e-05
2.511870e+02 9.042419e+02 9.963678e-01 2.076510e+07 6.922433e+05 -2.842391e-02 1.684427e-04
2.610140e+02 9.393797e+02 1.161409e+00 2.503211e+07 1.949897e+06 -1.969141e-02 1.375675e-04
2.712255e+02 9.760662e+02 1.174175e+00 2.654015e+07 2.155500e+06 -3.505170e-02 1.106262e-04
2.818365e+02 1.014880e+03 1.024813e+00 2.374338e+07 -9.983123e+05 1.784265e-02 1.363754e-04
2.928625e+02 1.053894e+03 1.168842e+00 2.853925e+07 2.795341e+06 -1.106286e-02 -9.530783e-05
3.043200e+02 1.095315e+03 1.044187e+00 2.694130e+07 1.315396e+06 1.635349e-02 -4.768372e-06
3.162257e+02 1.137936e+03 1.212791e+00 3.230523e+07 2.463906e+06 -4.058874e-02 -5.674362e-05
3.285971e+02 1.183278e+03 1.138022e+00 3.101050e+07 -2.659830e+06 -3.499031e-02 -1.696348e-04
3.414526e+02 1.229667e+03 1.242631e+00 3.538168e+07 -3.730904e+06 -4.534006e-03 -2.952218e-04
3.548110e+02 1.277422e+03 9.899443e-01 2.927261e+07 -1.866454e+06 2.341199e-02 -6.282330e-05
3.686920e+02 1.327282e+03 9.234569e-01 2.852942e+07 -7.092657e+05 7.992268e-03 2.596378e-04
3.831161e+02 1.378898e+03 9.551831e-01 3.038668e+07 1.674868e+06 4.957199e-03 2.946854e-04
3.981045e+02 1.433264e+03 9.494680e-01 3.232281e+07 -1.701570e+06 7.051468e-03 2.012253e-04
4.136792e+02 1.489496e+03 1.108747e+00 3.983881e+07 -4.841030e+06 -2.942532e-02 -1.913309e-04
4.298633e+02 1.547259e+03 9.393944e-01 3.579309e+07 8.464461e+05 -1.266432e-02 -4.053116e-06
4.466805e+02 1.607219e+03 1.308423e+00 5.232428e+07 7.580632e+06 -4.161304e-02 2.038479e-05
4.641557e+02 1.670095e+03 1.295984e+00 5.340354e+07 6.432456e+06 -4.886419e-02 2.608299e-04
4.823145e+02 1.736055e+03 9.458602e-01 4.041648e+07 1.137495e+06 -9.899795e-03 2.969503e-04
5.011837e+02 1.804194e+03 9.147487e-01 4.034585e+07 6.094679e+05 1.188910e-02 -2.380610e-04
5.207911e+02 1.875469e+03 1.359597e+00 6.314498e+07 -9.388341e+06 -6.775343e-02 -3.665090e-04
5.411657e+02 1.948903e+03 1.412710e+00 6.998198e+07 -1.054987e+07 -9.840775e-02 -4.327297e-05
5.623373e+02 2.023624e+03 1.135291e+00 5.778158e+07 4.273618e+06 -3.158653e-02 -1.471043e-04
5.843372e+02 2.104303e+03 1.419107e+00 7.981346e+07 -9.130669e+06 -9.647208e-02 -2.028346e-04
6.071978e+02 2.186175e+03 1.085902e+00 6.085150e+07 -5.772922e+06 -2.479762e-02 -1.664758e-04
6.309528e+02 2.272294e+03 1.492834e+00 9.223029e+07 -1.833877e+07 -1.283846e-01 -2.407432e-04
6.556371e+02 2.358901e+03 1.536815e+00 1.008652e+08 1.511320e+07 -1.358930e-01 -3.538728e-04
6.812871e+02 2.451492e+03 1.313026e+00 8.598585e+07 1.323073e+07 -3.200978e-02 -2.145171e-04
7.079406e+02 2.547021e+03 1.536280e+00 1.073975e+08 1.332685e+07 -1.228143e-01 4.792213e-04
7.356368e+02 2.648734e+03 1.099737e+00 7.665579e+07 -6.654080e+06 -6.556386e-02 1.012087e-04
7.644166e+02 2.752711e+03 1.358138e+00 1.027904e+08 -1.451241e+07 -9.853357e-02 -3.688931e-04
7.943223e+02 2.858146e+03 1.305796e+00 1.004178e+08 2.321986e+07 -1.025584e-01 -3.221035e-04
8.253980e+02 2.971206e+03 7.713725e-01 6.345627e+07 -1.815720e+06 -6.318545e-02 4.036427e-04
8.576895e+02 3.087139e+03 7.890403e-01 6.741614e+07 -4.710192e+06 -8.828223e-03 -4.077554e-04
8.912442e+02 3.209722e+03 1.618771e+00 1.500985e+08 -1.896627e+07 -2.218806e-01 -2.861023e-05
9.261117e+02 3.335407e+03 1.727552e+00 1.749045e+08 -3.001012e+07 -2.456408e-01 1.746416e-04
9.623433e+02 3.462927e+03 1.243535e+00 1.199373e+08 1.927868e+07 -8.507377e-02 4.882812e-04
