#./overdamped_3d --dev=0 --amp=100.0 --omega=1.0 --force=0 --Dg=0.01 --block=256 --paths=65536 --periods=1000 --trans=100 --samples=100 --spp=1000 --algorithm=euler --pav=1 --mode=moments --domain=1d --domainx=l:-2:3:300:1 --domainy=a:0:10:100:0 --domainz=D:-6:-1:100:1 --q=2 --eps=0 --phi=1.57079632679 --lambda=500.0 --zeta=3.6 --comp=0 --mean=0.0 --second=3.14 --skew=0.99 --distribution=e>> comp_e_l:-2:3:300:1_0.0_3.6_100.0.dat
#l <<v>> qnu(q) mu_q Dx Gx EBx
1.000000e-02 3.180720e-02 1.004814e+00 1.849143e+03 1.474412e-01 4.601634e-02 1.018069e-01
1.039122e-02 3.307095e-02 9.976067e-01 1.912547e+03 1.526526e-01 1.136196e-02 9.797549e-02
1.079775e-02 3.436344e-02 1.002130e+00 1.996745e+03 1.595118e-01 1.292264e-02 9.374857e-02
1.122018e-02 3.567467e-02 1.014036e+00 2.111721e+03 1.687602e-01 6.654143e-03 9.172940e-02
1.165914e-02 3.711963e-02 1.015579e+00 2.207638e+03 1.765162e-01 2.251029e-03 8.914304e-02
1.211527e-02 3.853736e-02 1.012225e+00 2.284614e+03 1.827543e-01 -4.689097e-04 8.470035e-02
1.258925e-02 4.000384e-02 1.016734e+00 2.363548e+03 1.889113e-01 8.392334e-04 8.150101e-02
1.308177e-02 4.155924e-02 1.013326e+00 2.449698e+03 1.958588e-01 8.575439e-03 7.816482e-02
1.359356e-02 4.320333e-02 1.012471e+00 2.522143e+03 2.017332e-01 -4.770696e-03 7.492232e-02
1.412537e-02 4.490889e-02 1.010359e+00 2.584822e+03 2.068405e-01 1.554620e-02 7.160687e-02
1.467799e-02 4.674375e-02 1.006702e+00 2.667810e+03 2.135163e-01 8.642673e-03 6.837749e-02
1.525222e-02 4.845544e-02 1.006704e+00 2.760118e+03 2.209723e-01 1.959872e-02 6.585419e-02
1.584893e-02 5.040507e-02 1.001360e+00 2.869776e+03 2.297874e-01 1.831424e-02 6.323576e-02
1.646897e-02 5.230883e-02 1.002817e+00 2.988070e+03 2.391278e-01 -1.093817e-02 6.129658e-02
1.711327e-02 5.446433e-02 1.008732e+00 3.122565e+03 2.497850e-01 1.385653e-02 5.922806e-02
1.778278e-02 5.658014e-02 1.001742e+00 3.246679e+03 2.592000e-01 -7.731974e-03 5.692542e-02
1.847849e-02 5.877312e-02 9.990688e-01 3.339767e+03 2.655761e-01 9.739876e-03 5.474091e-02
1.920141e-02 6.109883e-02 1.001835e+00 3.471904e+03 2.751304e-01 -9.403050e-03 5.247271e-02
1.995261e-02 6.350925e-02 1.006155e+00 3.636576e+03 2.873928e-01 -1.895547e-03 5.086565e-02
2.073320e-02 6.594785e-02 1.003486e+00 3.749568e+03 2.961662e-01 7.629395e-06 4.844534e-02
2.154433e-02 6.858345e-02 1.006118e+00 3.929054e+03 3.095588e-01 7.920265e-03 4.713202e-02
2.238719e-02 7.120576e-02 1.009530e+00 4.059972e+03 3.195757e-01 -9.940028e-03 4.514945e-02
2.326303e-02 7.399699e-02 1.001490e+00 4.194501e+03 3.299978e-01 1.757562e-02 4.317605e-02
2.417313e-02 7.684885e-02 1.002860e+00 4.367494e+03 3.433432e-01 1.081359e-02 4.146779e-02
2.511884e-02 7.994272e-02 1.002264e+00 4.493931e+03 3.529795e-01 8.932710e-03 3.958189e-02
2.610155e-02 8.300660e-02 1.008573e+00 4.709336e+03 3.704928e-01 1.950717e-02 3.839839e-02
2.712270e-02 8.631034e-02 9.966446e-01 4.841996e+03 3.819196e-01 3.008664e-02 3.680205e-02
2.818380e-02 8.960067e-02 1.003638e+00 5.045422e+03 3.998992e-01 1.230478e-02 3.530490e-02
2.928642e-02 9.304872e-02 9.944072e-01 5.199335e+03 4.140640e-01 1.650763e-02 3.411627e-02
3.043217e-02 9.684487e-02 1.001851e+00 5.426127e+03 4.342841e-01 1.875126e-02 3.311694e-02
3.162274e-02 1.005125e-01 9.977883e-01 5.659524e+03 4.549270e-01 1.662433e-02 3.170836e-02
3.285990e-02 1.045110e-01 1.001122e+00 5.908542e+03 4.762090e-01 2.423930e-02 3.079152e-02
3.414545e-02 1.085184e-01 9.955243e-01 6.093467e+03 4.931316e-01 5.080104e-03 2.909529e-02
3.548130e-02 1.128412e-01 1.000869e+00 6.312424e+03 5.109172e-01 1.234114e-02 2.786708e-02
3.686940e-02 1.172761e-01 1.001045e+00 6.530783e+03 5.284839e-01 3.030634e-02 2.684104e-02
3.831182e-02 1.219631e-01 9.982591e-01 6.809744e+03 5.504771e-01 1.189518e-02 2.571332e-02
3.981066e-02 1.266774e-01 1.001367e+00 7.109596e+03 5.753650e-01 3.637195e-03 2.515662e-02
4.136815e-02 1.316065e-01 1.003489e+00 7.385817e+03 5.975025e-01 2.802491e-03 2.399349e-02
4.298656e-02 1.366622e-01 1.011147e+00 7.728095e+03 6.254192e-01 -2.622306e-03 2.341259e-02
4.466829e-02 1.420876e-01 1.000558e+00 7.913247e+03 6.386440e-01 -1.059520e-02 2.231741e-02
4.641582e-02 1.476557e-01 9.978389e-01 8.156893e+03 6.547385e-01 -4.681408e-03 2.128732e-02
4.823171e-02 1.534083e-01 9.919608e-01 8.522546e+03 6.811433e-01 -3.203887e-02 2.049816e-02
5.011865e-02 1.594331e-01 9.979932e-01 8.841984e+03 7.037135e-01 -2.495354e-02 1.962924e-02
5.207940e-02 1.657290e-01 9.982886e-01 9.168886e+03 7.282333e-01 -4.064143e-03 1.885593e-02
5.411686e-02 1.719863e-01 9.926457e-01 9.556037e+03 7.567320e-01 -5.631328e-03 1.819181e-02
5.623404e-02 1.789798e-01 1.000580e+00 9.948141e+03 7.884635e-01 -3.619075e-03 1.751733e-02
5.843404e-02 1.858352e-01 9.935027e-01 1.023909e+04 8.085369e-01 1.387715e-02 1.680636e-02
6.072012e-02 1.931817e-01 1.000904e+00 1.072757e+04 8.445756e-01 1.839328e-02 1.649058e-02
6.309562e-02 2.007262e-01 1.004268e+00 1.113129e+04 8.715822e-01 1.697171e-02 1.580858e-02
6.556407e-02 2.086135e-01 1.000499e+00 1.162406e+04 9.092621e-01 3.214717e-03 1.537538e-02
6.812909e-02 2.167095e-01 1.000090e+00 1.210885e+04 9.489514e-01 -8.839369e-05 1.481557e-02
7.079445e-02 2.252098e-01 9.976236e-01 1.252331e+04 9.824435e-01 8.827448e-04 1.409411e-02
7.356408e-02 2.339221e-01 9.983544e-01 1.299955e+04 1.024998e+00 -2.919847e-02 1.361716e-02
7.644208e-02 2.430421e-01 1.001859e+00 1.358325e+04 1.071351e+00 -1.322091e-02 1.324713e-02
7.943267e-02 2.526887e-01 1.008077e+00 1.430544e+04 1.129861e+00 7.452011e-03 1.282811e-02
8.254025e-02 2.624531e-01 9.959317e-01 1.469229e+04 1.163423e+00 -4.079998e-03 1.239538e-02
8.576941e-02 2.728710e-01 1.000037e+00 1.524500e+04 1.207409e+00 3.916621e-03 1.182950e-02
8.912491e-02 2.834371e-01 9.896290e-01 1.563604e+04 1.243398e+00 -1.909631e-02 1.130378e-02
9.261168e-02 2.945981e-01 9.892445e-01 1.632607e+04 1.296456e+00 -5.333304e-03 1.096141e-02
9.623486e-02 3.059658e-01 9.825268e-01 1.671145e+04 1.322259e+00 -2.094328e-03 1.054311e-02
9.999978e-02 3.181655e-01 9.917555e-01 1.755208e+04 1.383991e+00 -6.635785e-03 1.016796e-02
1.039120e-01 3.306732e-01 9.906705e-01 1.842876e+04 1.454437e+00 8.908272e-03 9.937286e-03
1.079773e-01 3.435523e-01 9.849020e-01 1.892967e+04 1.486786e+00 1.570320e-02 9.430408e-03
1.122016e-01 3.569892e-01 9.944831e-01 1.993571e+04 1.548777e+00 1.277602e-02 9.178400e-03
1.165912e-01 3.710167e-01 9.954638e-01 2.054098e+04 1.599030e+00 -1.620400e-02 8.748293e-03
1.211525e-01 3.852531e-01 1.001161e+00 2.156312e+04 1.713263e+00 -1.730663e-02 8.547664e-03
1.258922e-01 4.004464e-01 9.944568e-01 2.206042e+04 1.812059e+00 -1.241165e-02 8.164167e-03
1.308174e-01 4.161483e-01 1.000944e+00 2.328636e+04 1.962818e+00 -1.722670e-02 7.894516e-03
1.359353e-01 4.325571e-01 9.985285e-01 2.402397e+04 2.014185e+00 -1.284122e-02 7.533073e-03
1.412534e-01 4.495702e-01 9.973582e-01 2.476770e+04 2.044902e+00 -2.227795e-02 7.263780e-03
1.467796e-01 4.669152e-01 1.000312e+00 2.608234e+04 2.124718e+00 -8.545399e-03 7.086158e-03
1.525219e-01 4.852498e-01 9.976971e-01 2.693929e+04 2.178831e+00 -2.067363e-02 6.721973e-03
1.584889e-01 5.044285e-01 1.006912e+00 2.856674e+04 2.282918e+00 -1.111639e-02 6.527662e-03
1.646893e-01 5.240314e-01 1.001010e+00 2.925868e+04 2.306473e+00 -1.322478e-02 6.387234e-03
1.711324e-01 5.445059e-01 1.003705e+00 3.049799e+04 2.364406e+00 -1.922005e-02 6.080270e-03
1.778274e-01 5.660135e-01 1.009614e+00 3.199685e+04 2.452976e+00 -1.034123e-02 5.857825e-03
1.847845e-01 5.880371e-01 9.985989e-01 3.254400e+04 2.517592e+00 -1.015908e-02 5.569577e-03
1.920137e-01 6.111344e-01 9.944606e-01 3.349894e+04 2.637038e+00 -2.230221e-02 5.314708e-03
1.995257e-01 6.349914e-01 9.991402e-01 3.533811e+04 2.842507e+00 -2.243537e-02 5.158663e-03
2.073316e-01 6.598852e-01 9.877051e-01 3.601870e+04 2.925904e+00 -3.221798e-02 4.920363e-03
2.154428e-01 6.858258e-01 9.855171e-01 3.723552e+04 3.012803e+00 -1.607341e-02 4.752874e-03
2.238715e-01 7.124423e-01 9.935085e-01 3.892917e+04 3.150313e+00 -3.447503e-02 4.642129e-03
2.326298e-01 7.403833e-01 9.888129e-01 4.055226e+04 3.215885e+00 -3.059113e-02 4.419327e-03
2.417308e-01 7.694458e-01 9.883630e-01 4.204804e+04 3.300714e+00 -2.703434e-02 4.259586e-03
2.511879e-01 7.997172e-01 9.955983e-01 4.384688e+04 3.398117e+00 -2.424645e-02 4.122257e-03
2.610149e-01 8.308099e-01 9.957809e-01 4.569113e+04 3.574620e+00 -2.474129e-02 3.995538e-03
2.712264e-01 8.632420e-01 9.876346e-01 4.674664e+04 3.755897e+00 -3.015387e-02 3.842473e-03
2.818374e-01 8.969995e-01 9.929907e-01 4.944781e+04 4.047310e+00 -4.722852e-02 3.722787e-03
2.928635e-01 9.323775e-01 9.941745e-01 5.110068e+04 4.103014e+00 -3.707182e-02 3.580332e-03
3.043210e-01 9.687534e-01 1.001325e+00 5.354377e+04 4.262487e+00 -2.223802e-02 3.506422e-03
3.162267e-01 1.007098e+00 9.939508e-01 5.520184e+04 4.292090e+00 -2.609217e-02 3.315449e-03
3.285983e-01 1.046409e+00 9.884359e-01 5.744900e+04 4.576978e+00 -2.848804e-02 3.277302e-03
3.414538e-01 1.087216e+00 9.959998e-01 5.987091e+04 4.721808e+00 -3.620076e-02 3.150225e-03
3.548123e-01 1.129604e+00 9.929809e-01 6.176581e+04 4.954812e+00 -2.345699e-02 3.022194e-03
3.686934e-01 1.173798e+00 9.927149e-01 6.448331e+04 5.100597e+00 -2.084541e-02 2.910852e-03
3.831175e-01 1.219718e+00 1.000671e+00 6.740900e+04 5.416361e+00 -2.861238e-02 2.837777e-03
3.981059e-01 1.267453e+00 9.981499e-01 7.015080e+04 5.598116e+00 -2.309114e-02 2.758622e-03
4.136808e-01 1.317602e+00 1.001285e+00 7.305574e+04 5.904012e+00 -1.902354e-02 2.655387e-03
4.298649e-01 1.368803e+00 1.008345e+00 7.697267e+04 6.202586e+00 -1.974827e-02 2.602100e-03
4.466822e-01 1.422644e+00 1.008023e+00 8.047066e+04 6.217228e+00 -2.408922e-03 2.526522e-03
4.641575e-01 1.478163e+00 1.005131e+00 8.318123e+04 6.333730e+00 -2.016580e-02 2.413750e-03
4.823164e-01 1.536225e+00 9.994110e-01 8.625584e+04 6.645674e+00 -3.370702e-03 2.349973e-03
5.011858e-01 1.596655e+00 1.003368e+00 9.022214e+04 7.228180e+00 -6.806254e-04 2.290726e-03
5.207933e-01 1.659077e+00 1.002356e+00 9.363378e+04 7.708192e+00 -6.467402e-03 2.204657e-03
5.411680e-01 1.724442e+00 1.000222e+00 9.749334e+04 7.834243e+00 -2.142054e-02 2.127290e-03
5.623397e-01 1.791808e+00 1.004546e+00 1.017693e+05 8.230857e+00 -2.323222e-02 2.054930e-03
5.843398e-01 1.861658e+00 1.003310e+00 1.036354e+05 8.399561e+00 -1.316547e-03 1.974106e-03
6.072005e-01 1.934659e+00 9.968334e-01 1.068014e+05 8.531978e+00 -4.136801e-03 1.879692e-03
6.309556e-01 2.010485e+00 9.952219e-01 1.117331e+05 8.936868e+00 -2.021301e-02 1.833439e-03
6.556400e-01 2.089365e+00 9.983566e-01 1.158713e+05 9.396507e+00 -1.898783e-02 1.770854e-03
6.812901e-01 2.171768e+00 9.841374e-01 1.186059e+05 9.640969e+00 -2.703983e-02 1.695871e-03
7.079438e-01 2.256482e+00 9.905884e-01 1.240112e+05 9.909623e+00 -1.122874e-02 1.641273e-03
7.356402e-01 2.345283e+00 9.788834e-01 1.271977e+05 9.975831e+00 -1.491421e-02 1.572013e-03
7.644201e-01 2.436599e+00 9.929833e-01 1.343498e+05 1.049786e+01 -1.623905e-02 1.546144e-03
7.943260e-01 2.532849e+00 9.876411e-01 1.382152e+05 1.100970e+01 -3.512800e-03 1.502872e-03
8.254018e-01 2.632179e+00 9.869051e-01 1.436939e+05 1.045075e+01 -1.558083e-02 1.447797e-03
8.576935e-01 2.735371e+00 9.912196e-01 1.507275e+05 1.156865e+01 -2.177072e-02 1.376867e-03
8.912484e-01 2.842128e+00 9.946805e-01 1.572572e+05 1.298704e+01 -8.497834e-03 1.345754e-03
9.261161e-01 2.953597e+00 9.944893e-01 1.633771e+05 1.335119e+01 -6.908178e-05 1.305342e-03
9.623479e-01 3.070053e+00 9.939250e-01 1.705719e+05 1.356509e+01 -1.427364e-02 1.271725e-03
9.999971e-01 3.189912e+00 9.957889e-01 1.756392e+05 1.402091e+01 -2.918839e-03 1.214743e-03
1.039119e+00 3.315500e+00 9.964297e-01 1.846046e+05 1.556917e+01 -1.342279e-02 1.192451e-03
1.079772e+00 3.445703e+00 9.966620e-01 1.918923e+05 1.525596e+01 -1.194286e-02 1.154780e-03
1.122015e+00 3.580432e+00 1.003162e+00 2.011803e+05 1.473902e+01 7.850528e-03 1.117587e-03
1.165911e+00 3.720969e+00 9.987587e-01 2.097613e+05 1.522285e+01 -2.580404e-03 1.091719e-03
1.211524e+00 3.867352e+00 1.009778e+00 2.197314e+05 1.729568e+01 2.010870e-02 1.062989e-03
1.258922e+00 4.018703e+00 9.970465e-01 2.258332e+05 1.743320e+01 1.931989e-02 1.036286e-03
1.308174e+00 4.177317e+00 9.998672e-01 2.373218e+05 2.013246e+01 3.157663e-02 1.013160e-03
1.359353e+00 4.341066e+00 1.004659e+00 2.437967e+05 1.896618e+01 5.201817e-03 9.722710e-04
1.412534e+00 4.511503e+00 9.906702e-01 2.511385e+05 1.893052e+01 8.849978e-03 9.227991e-04
1.467795e+00 4.688394e+00 9.955509e-01 2.625633e+05 2.133440e+01 1.034832e-02 9.143353e-04
1.525219e+00 4.873306e+00 1.009571e+00 2.768359e+05 2.295396e+01 1.038504e-02 8.826256e-04
1.584889e+00 5.064723e+00 9.942282e-01 2.846365e+05 2.188444e+01 1.361787e-02 8.661747e-04
1.646893e+00 5.263508e+00 9.922311e-01 2.962559e+05 2.285719e+01 1.256824e-02 8.318424e-04
1.711323e+00 5.470919e+00 9.925460e-01 3.030295e+05 2.425267e+01 6.498814e-03 7.913113e-04
1.778274e+00 5.685654e+00 9.943281e-01 3.165563e+05 2.496568e+01 1.379788e-02 7.650852e-04
1.847844e+00 5.909420e+00 9.957595e-01 3.291534e+05 2.736956e+01 -8.910894e-05 7.474422e-04
1.920137e+00 6.141882e+00 9.851776e-01 3.361474e+05 2.687045e+01 1.118863e-02 6.942749e-04
1.995257e+00 6.383356e+00 9.864676e-01 3.488672e+05 2.768532e+01 1.412165e-02 6.873608e-04
2.073316e+00 6.633958e+00 9.832761e-01 3.617983e+05 2.990585e+01 2.283287e-02 6.731749e-04
2.154429e+00 6.895145e+00 9.856657e-01 3.771359e+05 3.482565e+01 2.450573e-02 6.492138e-04
2.238715e+00 7.167537e+00 9.838123e-01 3.909862e+05 3.468304e+01 2.695656e-02 6.242990e-04
2.326299e+00 7.449461e+00 9.882562e-01 4.067602e+05 3.554885e+01 1.407623e-02 5.958080e-04
2.417309e+00 7.742820e+00 9.875454e-01 4.214426e+05 3.235047e+01 6.526709e-04 5.769730e-04
2.511880e+00 8.047710e+00 9.839045e-01 4.354911e+05 3.662856e+01 -8.126497e-03 5.698204e-04
2.610151e+00 8.365666e+00 9.806420e-01 4.545573e+05 3.355241e+01 4.632115e-03 5.587339e-04
2.712266e+00 8.694899e+00 9.852882e-01 4.748892e+05 3.899169e+01 1.297843e-02 5.438328e-04
2.818376e+00 9.037210e+00 9.885300e-01 4.925886e+05 3.760640e+01 -1.493454e-02 5.229712e-04
2.928637e+00 9.393467e+00 9.759474e-01 5.093852e+05 3.638409e+01 -1.383603e-03 4.832745e-04
3.043212e+00 9.765091e+00 9.850935e-01 5.308137e+05 4.424762e+01 3.231287e-03 4.912615e-04
3.162270e+00 1.014959e+01 9.826037e-01 5.543398e+05 4.978876e+01 -7.261932e-03 4.653931e-04
3.285985e+00 1.054996e+01 9.780672e-01 5.696563e+05 4.506249e+01 -1.782477e-03 4.560947e-04
3.414541e+00 1.096751e+01 9.835288e-01 5.918801e+05 4.718116e+01 -1.753867e-02 4.379749e-04
3.548125e+00 1.140023e+01 9.709082e-01 6.103109e+05 5.382238e+01 1.311851e-02 4.211664e-04
3.686936e+00 1.184982e+01 9.740787e-01 6.336163e+05 5.814121e+01 2.346992e-03 4.174709e-04
3.831177e+00 1.231956e+01 9.873401e-01 6.745639e+05 5.141850e+01 2.916813e-03 4.001856e-04
3.981061e+00 1.280603e+01 9.817445e-01 6.913723e+05 4.815901e+01 1.044405e-02 3.993511e-04
4.136810e+00 1.331265e+01 9.938270e-01 7.201150e+05 7.101620e+01 5.227566e-03 3.806353e-04
4.298651e+00 1.383941e+01 9.855634e-01 7.460898e+05 5.846716e+01 3.528237e-03 3.585815e-04
4.466824e+00 1.438712e+01 9.937410e-01 7.831359e+05 6.156367e+01 1.242173e-02 3.339052e-04
4.641576e+00 1.495623e+01 9.894730e-01 8.095950e+05 7.268670e+01 7.912636e-03 3.266335e-04
4.823165e+00 1.554984e+01 9.852938e-01 8.390062e+05 8.442087e+01 4.590034e-03 3.448725e-04
5.011858e+00 1.616547e+01 9.903588e-01 8.776609e+05 6.250078e+01 -1.158661e-02 3.061295e-04
5.207934e+00 1.680607e+01 9.913899e-01 9.077528e+05 6.950869e+01 4.523277e-03 2.986193e-04
5.411680e+00 1.747405e+01 9.905748e-01 9.562797e+05 5.801898e+01 7.305861e-03 2.894402e-04
5.623397e+00 1.816673e+01 9.921473e-01 9.891721e+05 6.331565e+01 9.472251e-03 2.919436e-04
5.843397e+00 1.888868e+01 9.904930e-01 1.025025e+06 7.839081e+01 2.048492e-02 2.795458e-04
6.072004e+00 1.963796e+01 1.000357e+00 1.078810e+06 9.379192e+01 -6.492138e-04 2.582073e-04
6.309555e+00 2.041957e+01 9.995785e-01 1.119087e+06 1.033259e+02 -7.676065e-03 2.555847e-04
6.556399e+00 2.123144e+01 9.937440e-01 1.151902e+06 8.637656e+01 -1.881242e-02 2.530813e-04
6.812900e+00 2.207616e+01 9.813356e-01 1.170847e+06 8.539872e+01 -1.596808e-04 2.353191e-04
7.079436e+00 2.295495e+01 1.003537e+00 1.249952e+06 1.178307e+02 9.322166e-04 2.322197e-04
7.356400e+00 2.386940e+01 9.892884e-01 1.285168e+06 9.941454e+01 -6.313920e-04 2.213717e-04
7.644198e+00 2.481915e+01 9.837272e-01 1.333436e+06 1.016962e+02 -2.291203e-03 2.071857e-04
7.943257e+00 2.580772e+01 9.904912e-01 1.380776e+06 1.461883e+02 6.474137e-03 1.986027e-04
8.254015e+00 2.683745e+01 9.845830e-01 1.444877e+06 1.013702e+02 7.752299e-03 2.129078e-04
8.576931e+00 2.790880e+01 9.911296e-01 1.507496e+06 8.474682e+01 2.344799e-02 1.912117e-04
8.912479e+00 2.902440e+01 9.847602e-01 1.550214e+06 1.041408e+02 3.838062e-03 1.951456e-04
9.261156e+00 3.018346e+01 9.766532e-01 1.594353e+06 1.196234e+02 1.991570e-02 1.789331e-04
9.623473e+00 3.138929e+01 9.766565e-01 1.661919e+06 1.033259e+02 1.734972e-02 1.803637e-04
9.999966e+00 3.264315e+01 9.711137e-01 1.712443e+06 1.571076e+02 5.212784e-03 1.412630e-04
1.039119e+01 3.395293e+01 9.714688e-01 1.784792e+06 1.329873e+02 1.696014e-02 1.437664e-04
1.079772e+01 3.531371e+01 9.734870e-01 1.863965e+06 8.507277e+01 -1.672089e-03 1.631975e-04
1.122015e+01 3.672861e+01 9.721023e-01 1.939550e+06 9.648100e+01 1.160073e-02 1.391172e-04
1.165910e+01 3.820181e+01 9.830930e-01 2.025427e+06 1.408101e+02 1.315534e-02 1.409054e-04
1.211523e+01 3.973198e+01 9.886651e-01 2.121152e+06 2.473955e+02 -1.863122e-03 1.407862e-04
1.258921e+01 4.132607e+01 9.787981e-01 2.189132e+06 1.877468e+02 -1.582503e-04 1.349449e-04
1.308173e+01 4.298939e+01 9.783539e-01 2.297617e+06 1.049557e+02 8.805752e-03 1.380444e-04
1.359352e+01 4.471496e+01 9.875481e-01 2.395958e+06 1.981772e+02 1.199007e-02 1.142025e-04
1.412532e+01 4.651530e+01 9.951831e-01 2.549014e+06 3.018291e+02 2.011323e-02 1.192093e-04
1.467794e+01 4.838467e+01 9.954630e-01 2.623118e+06 2.242531e+02 3.019738e-02 1.155138e-04
1.525217e+01 5.033609e+01 1.003151e+00 2.759850e+06 2.398987e+02 1.142669e-02 1.089573e-04
1.584887e+01 5.236139e+01 9.942094e-01 2.830313e+06 2.829240e+02 5.576015e-03 1.142025e-04
1.646892e+01 5.447289e+01 1.004314e+00 2.975685e+06 2.737974e+02 1.316142e-02 9.405613e-05
1.711322e+01 5.666888e+01 9.945753e-01 3.077118e+06 2.229493e+02 8.251667e-04 1.164675e-04
1.778273e+01 5.895740e+01 1.007988e+00 3.247189e+06 2.594557e+02 1.678824e-03 9.202957e-05
1.847843e+01 6.133899e+01 9.990255e-01 3.328608e+06 1.929620e+02 3.186703e-03 9.787083e-05
1.920134e+01 6.381615e+01 9.972897e-01 3.441206e+06 1.016962e+02 1.939535e-03 7.104874e-05
1.995255e+01 6.639789e+01 1.012997e+00 3.662127e+06 1.590633e+02 1.850009e-03 9.465218e-05
2.073313e+01 6.908560e+01 1.012037e+00 3.771810e+06 2.294683e+02 3.739476e-03 7.450581e-05
2.154426e+01 7.188292e+01 1.016797e+00 3.957646e+06 2.320759e+02 1.385641e-02 8.559227e-05
2.238712e+01 7.479572e+01 1.010402e+00 4.081186e+06 4.511139e+02 -6.754518e-03 6.902218e-05
2.326295e+01 7.782618e+01 1.017496e+00 4.280238e+06 5.332531e+02 4.877567e-03 8.440018e-05
2.417306e+01 8.098376e+01 1.001816e+00 4.320019e+06 3.259493e+01 2.578092e-02 6.139278e-05
2.511876e+01 8.426720e+01 9.994301e-01 4.453212e+06 4.119999e+02 3.138363e-02 7.033348e-05
2.610146e+01 8.768236e+01 1.005721e+00 4.670960e+06 5.710632e+02 2.178788e-02 7.963181e-05
2.712261e+01 9.124292e+01 9.880698e-01 4.741738e+06 6.779745e+01 2.627587e-02 4.744530e-05
2.818371e+01 9.494315e+01 9.940715e-01 4.985922e+06 6.727594e+02 1.837742e-02 4.756451e-05
2.928632e+01 9.880537e+01 9.896247e-01 5.079050e+06 7.196961e+02 4.376376e-02 6.580353e-05
3.043207e+01 1.028178e+02 9.891081e-01 5.269465e+06 -3.129113e+01 1.636577e-02 7.247925e-05
3.162264e+01 1.070013e+02 9.905081e-01 5.495594e+06 8.865822e+02 2.811134e-02 5.257130e-05
3.285979e+01 1.113506e+02 9.828752e-01 5.656836e+06 3.129113e+01 6.830692e-03 5.364418e-05
3.414534e+01 1.158795e+02 9.949626e-01 5.979168e+06 3.129113e+02 -1.871890e-02 6.234646e-05
3.548118e+01 1.205919e+02 1.005907e+00 6.305072e+06 -4.172151e+02 1.080132e-02 3.910065e-05
3.686928e+01 1.254937e+02 9.850700e-01 6.457287e+06 8.396454e+02 4.292965e-03 5.269051e-05
3.831170e+01 1.305911e+02 9.942054e-01 6.710870e+06 7.979239e+02 4.909039e-04 2.563000e-05
3.981053e+01 1.359044e+02 9.799389e-01 6.847326e+06 1.272506e+03 -1.632172e-02 3.242493e-05
4.136801e+01 1.414347e+02 9.986114e-01 7.308040e+06 1.256861e+03 -2.380544e-02 4.410744e-05
4.298642e+01 1.471881e+02 9.975547e-01 7.459674e+06 7.249113e+02 -1.799375e-02 4.935265e-05
4.466815e+01 1.531771e+02 9.899364e-01 7.741469e+06 1.262076e+03 -2.870762e-02 3.206730e-05
4.641567e+01 1.594139e+02 9.843753e-01 7.946100e+06 4.693670e+02 -3.767109e-02 3.445148e-05
4.823155e+01 1.658919e+02 9.837791e-01 8.273296e+06 -6.884050e+02 -4.001904e-02 3.218651e-05
5.011848e+01 1.726312e+02 9.856704e-01 8.680007e+06 2.211240e+03 -2.626294e-02 3.421307e-05
5.207923e+01 1.796521e+02 9.979128e-01 9.115104e+06 -1.835746e+03 -5.067110e-03 3.111362e-05
5.411669e+01 1.869474e+02 9.984109e-01 9.487477e+06 1.731443e+03 -1.168907e-03 3.755093e-05
5.623386e+01 1.945444e+02 1.007008e+00 9.967254e+06 3.786227e+03 -1.536447e-02 2.229214e-05
5.843385e+01 2.024449e+02 9.944395e-01 1.006629e+07 4.412050e+03 -9.512842e-03 2.872944e-05
6.071991e+01 2.106668e+02 1.001154e+00 1.050186e+07 -2.628455e+03 -1.968324e-03 3.170967e-05
6.309542e+01 2.192056e+02 1.001245e+00 1.101928e+07 4.923138e+03 -1.014316e-02 2.527237e-05
6.556385e+01 2.280940e+02 1.002608e+00 1.140458e+07 3.442025e+02 -2.044344e-02 2.408028e-05
6.812886e+01 2.373411e+02 9.904317e-01 1.179991e+07 3.525468e+03 -9.233654e-03 1.740456e-05
7.079421e+01 2.469476e+02 9.992852e-01 1.229575e+07 2.565873e+03 -6.654203e-03 4.386902e-05
7.356384e+01 2.569409e+02 9.999135e-01 1.282390e+07 7.405568e+03 2.674580e-03 1.108646e-05
7.644183e+01 2.673372e+02 9.923829e-01 1.325985e+07 2.190379e+03 -7.251441e-03 2.169609e-05
7.943240e+01 2.781509e+02 9.807782e-01 1.343039e+07 -2.232101e+03 -2.241015e-03 1.597404e-05
8.253998e+01 2.893849e+02 9.982016e-01 1.407954e+07 9.178732e+02 -3.327370e-03 7.033348e-06
8.576913e+01 3.010626e+02 9.935006e-01 1.453871e+07 3.337721e+03 -2.550375e-02 2.276897e-05
8.912461e+01 3.132006e+02 9.919639e-01 1.530540e+07 6.675442e+02 -9.972394e-03 3.635883e-05
9.261137e+01 3.258333e+02 9.956572e-01 1.568360e+07 -5.215189e+02 9.486556e-03 2.753735e-05
9.623454e+01 3.389607e+02 9.980389e-01 1.663040e+07 -4.172151e+02 -7.454991e-03 9.059906e-06
9.999945e+01 3.525859e+02 1.008009e+00 1.728910e+07 2.912162e+04 5.666971e-03 2.610683e-05
1.039117e+02 3.667904e+02 1.003357e+00 1.794870e+07 -3.099908e+04 -2.160680e-02 1.144409e-05
1.079769e+02 3.814817e+02 1.005440e+00 1.877445e+07 5.390419e+04 -1.551962e-02 2.086163e-05
1.122012e+02 3.967971e+02 1.003096e+00 1.925200e+07 8.139867e+04 -1.759022e-02 3.099442e-05
1.165908e+02 4.127068e+02 1.004789e+00 2.019000e+07 9.137011e+04 -1.629531e-02 -4.351139e-06
1.211521e+02 4.293059e+02 1.009096e+00 2.098823e+07 -8.052252e+04 2.501965e-03 7.152557e-07
1.258918e+02 4.464242e+02 1.005328e+00 2.153914e+07 1.143587e+05 -1.589835e-02 -1.227856e-05
1.308170e+02 4.642989e+02 9.934518e-01 2.201518e+07 7.822784e+04 3.055573e-03 1.287460e-05
1.359349e+02 4.828280e+02 1.008429e+00 2.298719e+07 1.458584e+05 1.940465e-02 1.811981e-05
1.412529e+02 5.021861e+02 1.000660e+00 2.390077e+07 -7.042591e+04 7.067442e-03 2.324581e-05
1.467791e+02 5.221512e+02 9.974690e-01 2.449965e+07 1.764820e+05 4.042387e-04 2.622604e-06
1.525214e+02 5.429651e+02 1.009435e+00 2.566787e+07 1.565391e+05 -2.817363e-02 3.576279e-07
1.584884e+02 5.646735e+02 9.903660e-01 2.626258e+07 -8.577943e+04 -3.380299e-02 1.490116e-05
1.646888e+02 5.870698e+02 9.957170e-01 2.739101e+07 1.532014e+05 -3.884530e-02 1.549721e-05
1.711318e+02 6.104386e+02 9.954069e-01 2.848657e+07 1.328413e+05 -3.448975e-02 -3.397465e-06
1.778269e+02 6.347227e+02 9.915587e-01 2.904970e+07 6.350014e+04 2.458763e-02 -1.186132e-05
1.847839e+02 6.599061e+02 9.980984e-01 3.038070e+07 1.461087e+05 3.947127e-02 -2.557039e-05
1.920130e+02 6.861113e+02 9.936905e-01 3.232211e+07 7.776890e+04 1.020539e-02 8.225441e-06
1.995250e+02 7.134236e+02 1.008119e+00 3.387064e+07 -3.618089e+05 3.508604e-02 1.907349e-05
2.073309e+02 7.415010e+02 1.015926e+00 3.536281e+07 4.410798e+05 4.320562e-02 1.239777e-05
2.154421e+02 7.710881e+02 1.024603e+00 3.634684e+07 -4.629419e+05 1.356590e-02 3.409386e-05
2.238707e+02 8.016146e+02 1.022764e+00 3.795556e+07 -5.752562e+05 -1.862466e-03 1.561642e-05
2.326290e+02 8.333658e+02 1.038296e+00 4.000252e+07 -8.502844e+05 1.607621e-02 3.218651e-05
2.417300e+02 8.659778e+02 1.034035e+00 4.178347e+07 5.939474e+05 3.855872e-02 3.147125e-05
2.511870e+02 9.004716e+02 1.058987e+00 4.496277e+07 -8.796564e+05 3.249395e-02 8.106232e-06
2.610140e+02 9.357853e+02 1.027819e+00 4.567361e+07 2.795341e+05 9.170449e-02 -1.603365e-05
2.712255e+02 9.728051e+02 1.016193e+00 4.618488e+07 -2.940532e+05 1.859641e-02 1.025200e-05
2.818365e+02 1.011308e+03 1.034658e+00 4.930309e+07 -6.758885e+05 1.582503e-02 8.106232e-06
2.928625e+02 1.051100e+03 1.023254e+00 5.077616e+07 -4.025292e+05 -2.306700e-05 2.217293e-05
3.043200e+02 1.092372e+03 9.965509e-01 5.100118e+07 1.655510e+05 -1.680839e-02 1.192093e-05
3.162257e+02 1.135675e+03 1.065233e+00 5.666160e+07 -1.865118e+06 -1.555932e-02 -8.821487e-06
3.285971e+02 1.179871e+03 1.066790e+00 5.995218e+07 1.708913e+06 2.117014e-02 -1.680851e-05
3.414526e+02 1.226253e+03 1.054703e+00 6.072027e+07 1.924864e+06 -3.476775e-02 -6.592274e-05
3.548110e+02 1.274682e+03 1.007277e+00 6.166110e+07 5.557306e+05 -2.231759e-02 -4.911423e-05
3.686920e+02 1.324760e+03 1.029304e+00 6.403014e+07 8.491162e+05 -2.709055e-02 -1.889467e-05
3.831161e+02 1.376829e+03 1.018100e+00 6.571088e+07 4.672809e+05 3.082705e-02 4.136562e-05
3.981045e+02 1.430741e+03 1.041130e+00 6.881798e+07 1.922527e+06 -1.034969e-02 -2.199411e-05
4.136792e+02 1.487240e+03 9.937543e-01 6.928295e+07 3.324370e+05 -3.859997e-02 2.563000e-05
4.298633e+02 1.545216e+03 1.079571e+00 7.703730e+07 4.028629e+06 -5.538595e-02 5.960464e-07
4.466805e+02 1.606238e+03 9.911241e-01 7.435258e+07 4.065344e+05 -1.808470e-02 -5.620718e-05
4.641557e+02 1.669042e+03 1.014656e+00 7.768349e+07 1.981939e+06 -1.232255e-02 -5.173683e-05
4.823145e+02 1.734390e+03 1.065739e+00 8.231407e+07 3.739582e+06 -3.459090e-02 7.319450e-05
5.011837e+02 1.803413e+03 1.097870e+00 9.027428e+07 -5.561978e+06 2.261043e-02 1.939535e-04
5.207911e+02 1.874040e+03 1.099179e+00 9.606660e+07 -5.973853e+06 3.983092e-02 1.239777e-05
5.411657e+02 1.947665e+03 1.185166e+00 1.110316e+08 -8.098646e+06 -6.174982e-03 -5.948544e-05
5.623373e+02 2.023248e+03 1.001768e+00 9.656263e+07 -2.656826e+05 -4.345495e-02 -2.044439e-05
5.843372e+02 2.103069e+03 1.065500e+00 1.014579e+08 -4.436498e+06 7.341266e-03 8.523464e-05
6.071978e+02 2.184909e+03 9.652904e-01 9.828639e+07 -6.675442e+05 6.308079e-03 4.255772e-05
6.309528e+02 2.271485e+03 1.212830e+00 1.275536e+08 -1.412390e+07 -3.802937e-02 1.590252e-04
6.556371e+02 2.358477e+03 1.213676e+00 1.339344e+08 1.394500e+07 -2.825677e-03 1.766682e-04
6.812871e+02 2.451323e+03 1.009495e+00 1.118597e+08 9.288210e+06 5.110919e-02 -1.896024e-04
7.079406e+02 2.546860e+03 1.213003e+00 1.393068e+08 1.344434e+07 3.047216e-02 -2.487302e-04
7.356368e+02 2.648395e+03 1.076409e+00 1.333073e+08 -9.600621e+06 -3.250068e-02 2.080202e-04
7.644166e+02 2.752311e+03 1.187279e+00 1.516496e+08 -1.358319e+07 -6.296772e-02 2.585649e-04
7.943223e+02 2.858192e+03 1.067969e+00 1.469441e+08 1.573268e+07 -3.897482e-02 2.237558e-04
8.253980e+02 2.970982e+03 9.132448e-01 1.322550e+08 -2.627454e+06 1.948416e-02 -9.846687e-05
8.576895e+02 3.087066e+03 9.547481e-01 1.441497e+08 -3.794321e+06 -2.093673e-03 1.803637e-04
8.912442e+02 3.209122e+03 1.280599e+00 1.922740e+08 -1.628541e+07 -3.698599e-02 -1.030564e-04
9.261117e+02 3.334854e+03 1.335407e+00 2.153239e+08 -2.585799e+07 6.165624e-03 -1.390576e-04
9.623433e+02 3.462991e+03 1.065651e+00 1.718038e+08 1.473136e+07 -7.305861e-03 2.709627e-04
