#./overdamped_3d --dev=0 --amp=40.0 --omega=1.0 --force=0 --Dg=0.01 --block=256 --paths=65536 --periods=1000 --trans=100 --samples=100 --spp=1000 --algorithm=euler --pav=1 --mode=moments --domain=1d --domainx=l:-2:3:300:1 --domainy=a:0:10:100:0 --domainz=D:-6:-1:100:1 --q=2 --eps=0 --phi=1.57079632679 --lambda=0 --zeta=3.6 --comp=0 --mean=0.0 --second=3.14 --skew=0.0 --distribution=s>> comp_s_3.14_l:-2:3:300:1_0.0_0.0_3.6_40.0.dat
#l <<v>> qnu(q) mu_q Dx Gx EBx
1.000000e-02 3.776253e-02 9.927133e-01 1.507031e+03 1.208651e-01 -1.145971e-02 2.956164e-02
1.039122e-02 3.922237e-02 9.994788e-01 1.585394e+03 1.270753e-01 5.373836e-03 2.888823e-02
1.079775e-02 4.078799e-02 9.859515e-01 1.605556e+03 1.286817e-01 8.879900e-03 2.731490e-02
1.122018e-02 4.239614e-02 9.979761e-01 1.706153e+03 1.367520e-01 -7.317185e-03 2.670097e-02
1.165914e-02 4.402933e-02 1.006027e+00 1.779506e+03 1.425034e-01 -2.953738e-02 2.586687e-02
1.211527e-02 4.585646e-02 1.001296e+00 1.839235e+03 1.475882e-01 2.518415e-03 2.472270e-02
1.258925e-02 4.754807e-02 9.938697e-01 1.903782e+03 1.527769e-01 -3.219843e-03 2.373803e-02
1.308177e-02 4.933510e-02 9.903128e-01 1.965908e+03 1.578574e-01 -1.141417e-02 2.283490e-02
1.359356e-02 5.130398e-02 9.872042e-01 2.036064e+03 1.635448e-01 -8.798063e-03 2.194738e-02
1.412537e-02 5.326722e-02 9.924802e-01 2.099530e+03 1.685525e-01 -3.624547e-02 2.082884e-02
1.467799e-02 5.546326e-02 9.898535e-01 2.194695e+03 1.756990e-01 -2.612984e-02 2.020144e-02
1.525222e-02 5.747640e-02 9.851228e-01 2.250181e+03 1.795753e-01 -1.957178e-02 1.928401e-02
1.584893e-02 5.986036e-02 9.932737e-01 2.363496e+03 1.877295e-01 2.934098e-03 1.875472e-02
1.646897e-02 6.215201e-02 9.794289e-01 2.412012e+03 1.902884e-01 -4.473627e-03 1.772916e-02
1.711327e-02 6.463390e-02 9.839616e-01 2.521882e+03 1.984426e-01 6.926060e-03 1.723111e-02
1.778278e-02 6.726208e-02 9.818695e-01 2.621355e+03 2.057301e-01 1.277924e-03 1.643586e-02
1.847849e-02 6.982924e-02 9.860114e-01 2.721340e+03 2.134777e-01 -2.938884e-02 1.590800e-02
1.920141e-02 7.272080e-02 9.883127e-01 2.853155e+03 2.239397e-01 -1.388067e-02 1.540256e-02
1.995261e-02 7.544953e-02 9.868895e-01 2.930924e+03 2.294840e-01 3.170490e-03 1.475501e-02
2.073320e-02 7.831563e-02 9.841904e-01 3.031271e+03 2.373037e-01 1.357794e-04 1.419067e-02
2.154433e-02 8.135706e-02 9.968359e-01 3.170891e+03 2.474884e-01 4.845738e-03 1.375747e-02
2.238719e-02 8.450620e-02 9.922523e-01 3.283578e+03 2.570427e-01 -1.192284e-02 1.325703e-02
2.326303e-02 8.783095e-02 9.870296e-01 3.396450e+03 2.677409e-01 -3.345978e-02 1.271379e-02
2.417313e-02 9.117757e-02 9.860570e-01 3.581995e+03 2.839225e-01 -3.073400e-02 1.241469e-02
2.511884e-02 9.484088e-02 9.839251e-01 3.674331e+03 2.936210e-01 -4.161429e-02 1.179266e-02
2.610155e-02 9.869438e-02 9.822764e-01 3.745220e+03 3.021233e-01 -1.062250e-02 1.113474e-02
2.712270e-02 1.025838e-01 9.781892e-01 3.914060e+03 3.181209e-01 -1.328385e-02 1.077127e-02
2.818380e-02 1.065463e-01 9.800538e-01 4.084838e+03 3.333674e-01 -2.065027e-02 1.039374e-02
2.928642e-02 1.108625e-01 9.860779e-01 4.307778e+03 3.519363e-01 -3.217274e-02 1.015329e-02
3.043217e-02 1.150597e-01 9.930698e-01 4.463798e+03 3.641962e-01 -3.064460e-02 9.732008e-03
3.162274e-02 1.196814e-01 9.688969e-01 4.527926e+03 3.687968e-01 -3.135413e-02 9.188771e-03
3.285990e-02 1.242841e-01 9.745269e-01 4.738362e+03 3.858612e-01 -3.225189e-02 8.991957e-03
3.414545e-02 1.292126e-01 9.876667e-01 5.051361e+03 4.123804e-01 -4.295886e-02 8.814096e-03
3.548130e-02 1.343473e-01 9.963160e-01 5.253143e+03 4.291911e-01 -4.534853e-02 8.536696e-03
3.686940e-02 1.396633e-01 9.979914e-01 5.496546e+03 4.474193e-01 -3.203505e-02 8.306146e-03
3.831182e-02 1.450782e-01 9.939129e-01 5.700857e+03 4.613554e-01 -3.927946e-02 8.005738e-03
3.981066e-02 1.506496e-01 1.002751e+00 5.935690e+03 4.772808e-01 -4.321021e-02 7.768035e-03
4.136815e-02 1.565861e-01 1.001824e+00 6.221485e+03 4.951260e-01 -5.377138e-02 7.436156e-03
4.298656e-02 1.625569e-01 1.004962e+00 6.380371e+03 5.050882e-01 -4.727155e-02 7.122993e-03
4.466829e-02 1.689487e-01 9.947153e-01 6.534125e+03 5.177211e-01 -6.698972e-02 6.789088e-03
4.641582e-02 1.753915e-01 9.975069e-01 6.855550e+03 5.427979e-01 -6.573814e-02 6.675959e-03
4.823171e-02 1.823723e-01 9.995573e-01 7.184819e+03 5.688396e-01 -7.409114e-02 6.421447e-03
5.011865e-02 1.893461e-01 1.002917e+00 7.504256e+03 5.907831e-01 -5.659842e-02 6.228209e-03
5.207940e-02 1.969696e-01 1.008778e+00 7.870053e+03 6.138805e-01 -3.066289e-02 6.095648e-03
5.411686e-02 2.046624e-01 1.005663e+00 8.159005e+03 6.342224e-01 -3.672391e-02 5.829334e-03
5.623404e-02 2.126642e-01 1.007746e+00 8.448754e+03 6.544551e-01 -1.442337e-02 5.623102e-03
5.843404e-02 2.211027e-01 1.015022e+00 8.875809e+03 6.948406e-01 -3.755426e-02 5.469799e-03
6.072012e-02 2.296421e-01 1.015743e+00 9.196518e+03 7.173213e-01 -4.362023e-02 5.255938e-03
6.309562e-02 2.385216e-01 1.014127e+00 9.517255e+03 7.510124e-01 -1.124024e-02 5.062580e-03
6.556407e-02 2.479964e-01 1.006567e+00 9.885472e+03 7.759798e-01 -1.958406e-02 4.879951e-03
6.812909e-02 2.575838e-01 1.009571e+00 1.028114e+04 8.090840e-01 -1.625359e-02 4.715562e-03
7.079445e-02 2.677140e-01 9.987634e-01 1.042598e+04 8.251387e-01 -2.554399e-02 4.455209e-03
7.356408e-02 2.780800e-01 9.910882e-01 1.090068e+04 8.669965e-01 -9.433210e-03 4.317403e-03
7.644208e-02 2.890525e-01 9.934034e-01 1.150662e+04 9.144247e-01 -2.707577e-02 4.225254e-03
7.943267e-02 3.002900e-01 9.920852e-01 1.174860e+04 9.275948e-01 -2.245367e-02 4.070282e-03
8.254025e-02 3.119620e-01 9.862224e-01 1.212668e+04 9.562426e-01 -3.250527e-02 3.895998e-03
8.576941e-02 3.241011e-01 9.869396e-01 1.242164e+04 9.739487e-01 -4.034656e-02 3.722906e-03
8.912491e-02 3.370379e-01 9.827653e-01 1.292265e+04 1.013061e+00 -4.884404e-02 3.585696e-03
9.261168e-02 3.502337e-01 9.851941e-01 1.353003e+04 1.042425e+00 -4.711050e-02 3.464341e-03
9.623486e-02 3.637338e-01 9.744352e-01 1.400043e+04 1.068885e+00 -2.140200e-02 3.374219e-03
9.999978e-02 3.781085e-01 9.864331e-01 1.488321e+04 1.149258e+00 -2.246690e-02 3.312588e-03
1.039120e-01 3.930037e-01 9.932970e-01 1.549210e+04 1.256250e+00 -2.888024e-03 3.203154e-03
1.079773e-01 4.082183e-01 9.862155e-01 1.607277e+04 1.383136e+00 9.372830e-03 3.097892e-03
1.122016e-01 4.242519e-01 9.773168e-01 1.646632e+04 1.436612e+00 2.621567e-02 2.946973e-03
1.165912e-01 4.409256e-01 9.881724e-01 1.707848e+04 1.445485e+00 1.942563e-02 2.847910e-03
1.211525e-01 4.580519e-01 9.952449e-01 1.801279e+04 1.484756e+00 2.282584e-02 2.818584e-03
1.258922e-01 4.762571e-01 9.803414e-01 1.821650e+04 1.494783e+00 7.686102e-02 2.652526e-03
1.308174e-01 4.948212e-01 9.898655e-01 1.910183e+04 1.543803e+00 5.375397e-02 2.577901e-03
1.359353e-01 5.143659e-01 9.838303e-01 1.963212e+04 1.565050e+00 3.104711e-02 2.457857e-03
1.412534e-01 5.344810e-01 9.871588e-01 2.065879e+04 1.575236e+00 3.501034e-02 2.443552e-03
1.467796e-01 5.557936e-01 9.973549e-01 2.185724e+04 1.663806e+00 1.951504e-02 2.360940e-03
1.525219e-01 5.771826e-01 1.002974e+00 2.280725e+04 1.741235e+00 1.670134e-02 2.306581e-03
1.584889e-01 5.998433e-01 9.977649e-01 2.367020e+04 1.825905e+00 1.547480e-02 2.215743e-03
1.646893e-01 6.229793e-01 1.000509e+00 2.465139e+04 1.977341e+00 -1.639825e-02 2.159476e-03
1.711324e-01 6.474067e-01 9.914199e-01 2.522192e+04 2.034159e+00 -1.954830e-02 2.061725e-03
1.778274e-01 6.729201e-01 9.920207e-01 2.598064e+04 2.139997e+00 -2.065295e-02 1.987576e-03
1.847845e-01 6.989016e-01 9.922638e-01 2.690001e+04 2.198566e+00 -1.908505e-02 1.912475e-03
1.920137e-01 7.261060e-01 9.892688e-01 2.773096e+04 2.215755e+00 -1.699328e-03 1.860142e-03
1.995257e-01 7.545752e-01 9.889592e-01 2.894136e+04 2.273528e+00 2.100527e-02 1.801848e-03
2.073316e-01 7.838928e-01 9.995562e-01 3.056615e+04 2.367907e+00 1.298773e-02 1.772761e-03
2.154428e-01 8.145623e-01 9.866533e-01 3.135675e+04 2.378730e+00 -6.385148e-03 1.703858e-03
2.238715e-01 8.465276e-01 9.900941e-01 3.279034e+04 2.601388e+00 1.394248e-02 1.639605e-03
2.326298e-01 8.792875e-01 9.960948e-01 3.409591e+04 2.804787e+00 1.046479e-02 1.595616e-03
2.417308e-01 9.137967e-01 9.930215e-01 3.548970e+04 2.922562e+00 -1.355469e-02 1.549959e-03
2.511879e-01 9.496113e-01 1.013514e+00 3.751999e+04 3.047180e+00 1.864624e-02 1.547694e-03
2.610149e-01 9.868939e-01 1.007529e+00 3.881707e+04 3.066916e+00 1.138937e-02 1.478076e-03
2.712264e-01 1.025510e+00 1.015978e+00 4.166559e+04 3.239758e+00 1.979363e-02 1.500726e-03
2.818374e-01 1.064934e+00 1.005445e+00 4.184766e+04 3.265541e+00 1.699638e-02 1.410365e-03
2.928635e-01 1.106572e+00 1.003713e+00 4.360609e+04 3.515414e+00 -2.096415e-03 1.386404e-03
3.043210e-01 1.150117e+00 9.933438e-01 4.417030e+04 3.561888e+00 -3.276765e-03 1.313806e-03
3.162267e-01 1.195777e+00 9.924854e-01 4.608763e+04 3.693668e+00 -8.834600e-04 1.264930e-03
3.285983e-01 1.242494e+00 9.871694e-01 4.728773e+04 3.753510e+00 -1.316375e-02 1.216769e-03
3.414538e-01 1.291572e+00 9.795862e-01 4.844376e+04 3.833406e+00 -1.587814e-02 1.178145e-03
3.548123e-01 1.341927e+00 9.959363e-01 5.181184e+04 4.299093e+00 -1.511312e-02 1.191854e-03
3.686934e-01 1.394451e+00 9.895169e-01 5.338134e+04 4.213786e+00 -2.584851e-02 1.137137e-03
3.831175e-01 1.449413e+00 9.794059e-01 5.537415e+04 4.149487e+00 -2.953774e-02 1.108646e-03
3.981059e-01 1.505618e+00 9.759941e-01 5.729382e+04 4.329651e+00 -2.670485e-02 1.073837e-03
4.136808e-01 1.563993e+00 9.770879e-01 5.943140e+04 4.690614e+00 -2.452868e-02 1.037240e-03
4.298649e-01 1.625473e+00 9.917420e-01 6.227218e+04 5.199274e+00 -5.029798e-02 1.007438e-03
4.466822e-01 1.688199e+00 9.956497e-01 6.540563e+04 5.485116e+00 -5.038780e-02 1.001477e-03
4.641575e-01 1.753880e+00 9.886335e-01 6.734946e+04 5.495938e+00 -2.664804e-02 9.825230e-04
4.823164e-01 1.822702e+00 9.769534e-01 6.866186e+04 5.432913e+00 -5.107170e-02 9.377003e-04
5.011858e-01 1.893436e+00 9.742640e-01 7.048989e+04 5.611166e+00 -4.523414e-02 8.757114e-04
5.207933e-01 1.967482e+00 9.752405e-01 7.284191e+04 5.741037e+00 -5.255520e-02 8.531809e-04
5.411680e-01 2.044539e+00 9.731063e-01 7.402988e+04 6.163753e+00 -6.866425e-02 8.227825e-04
5.623397e-01 2.124754e+00 9.683331e-01 7.733320e+04 6.186671e+00 -6.726718e-02 7.925034e-04
5.843398e-01 2.207202e+00 9.709830e-01 7.989214e+04 6.563550e+00 -5.830675e-02 7.679462e-04
6.072005e-01 2.293458e+00 9.768799e-01 8.434102e+04 6.636124e+00 -5.802649e-02 7.790327e-04
6.309556e-01 2.382813e+00 9.746164e-01 8.714987e+04 6.750716e+00 -4.843295e-02 7.261038e-04
6.556400e-01 2.475613e+00 9.759964e-01 9.105212e+04 7.046107e+00 -4.319996e-02 7.160902e-04
6.812901e-01 2.571954e+00 9.786637e-01 9.442577e+04 6.944248e+00 -5.709547e-02 7.207394e-04
7.079438e-01 2.672278e+00 9.692206e-01 9.785334e+04 6.974806e+00 -3.464121e-02 7.121563e-04
7.356402e-01 2.776167e+00 9.708943e-01 1.018704e+05 8.306615e+00 -4.167014e-02 6.755590e-04
7.644201e-01 2.884309e+00 9.753487e-01 1.068722e+05 9.050186e+00 -2.553350e-02 6.644726e-04
7.943260e-01 2.996832e+00 9.725010e-01 1.108198e+05 8.810818e+00 -6.840229e-03 6.397963e-04
8.254018e-01 3.113696e+00 9.639180e-01 1.140052e+05 8.764980e+00 -1.215297e-02 6.095171e-04
8.576935e-01 3.234998e+00 9.672855e-01 1.185502e+05 1.038200e+01 -7.542372e-03 5.921125e-04
8.912484e-01 3.360632e+00 9.737514e-01 1.221385e+05 1.109246e+01 -9.186149e-03 5.927086e-04
9.261161e-01 3.491394e+00 9.731674e-01 1.281796e+05 9.615504e+00 -3.276646e-03 5.747080e-04
9.623479e-01 3.627975e+00 9.774183e-01 1.329338e+05 9.465262e+00 -6.191194e-03 5.552769e-04
9.999971e-01 3.769697e+00 9.808905e-01 1.378915e+05 9.946547e+00 -6.143928e-03 5.475283e-04
1.039119e+00 3.916082e+00 9.939885e-01 1.450993e+05 1.164759e+01 -9.198606e-03 5.338192e-04
1.079772e+00 4.068480e+00 9.875989e-01 1.495048e+05 1.177492e+01 -3.145337e-03 4.979372e-04
1.122015e+00 4.226800e+00 9.836932e-01 1.552762e+05 1.278842e+01 6.953001e-03 4.978180e-04
1.165911e+00 4.390965e+00 9.868709e-01 1.614073e+05 1.073596e+01 1.649320e-02 4.773140e-04
1.211524e+00 4.563208e+00 9.846178e-01 1.673444e+05 1.160685e+01 -1.990974e-03 4.738569e-04
1.258922e+00 4.740714e+00 9.962908e-01 1.784093e+05 1.479504e+01 2.215862e-03 4.833937e-04
1.308174e+00 4.925900e+00 1.000288e+00 1.871405e+05 1.547241e+01 3.746152e-03 4.680157e-04
1.359353e+00 5.117373e+00 1.004910e+00 1.940942e+05 1.464735e+01 -1.962322e-02 4.519224e-04
1.412534e+00 5.316427e+00 9.997162e-01 1.996936e+05 1.568631e+01 -1.149070e-02 4.523993e-04
1.467795e+00 5.523020e+00 9.878564e-01 2.082442e+05 1.689843e+01 -3.392899e-02 4.413128e-04
1.525219e+00 5.738086e+00 9.867054e-01 2.118805e+05 1.648081e+01 -1.510394e-02 4.104376e-04
1.584889e+00 5.961401e+00 9.832375e-01 2.162992e+05 1.741792e+01 -1.223171e-02 3.958941e-04
1.646893e+00 6.193820e+00 9.715564e-01 2.194981e+05 1.806981e+01 -1.622891e-02 3.967285e-04
1.711323e+00 6.434502e+00 9.762403e-01 2.321408e+05 1.956714e+01 8.818626e-03 3.901720e-04
1.778274e+00 6.684692e+00 9.850872e-01 2.427259e+05 1.942454e+01 1.978278e-03 3.602505e-04
1.847844e+00 6.944218e+00 9.874851e-01 2.524957e+05 2.077927e+01 -4.838109e-04 3.573895e-04
1.920137e+00 7.213986e+00 9.902782e-01 2.658137e+05 2.346835e+01 1.654625e-02 3.618002e-04
1.995257e+00 7.494526e+00 9.980617e-01 2.781657e+05 2.361095e+01 2.775013e-02 3.542900e-04
2.073316e+00 7.784935e+00 9.947067e-01 2.884648e+05 2.226641e+01 2.351975e-02 3.250837e-04
2.154429e+00 8.087822e+00 9.980389e-01 2.984749e+05 2.503698e+01 2.343214e-02 3.310442e-04
2.238715e+00 8.401012e+00 9.946291e-01 3.076775e+05 2.458880e+01 2.121615e-02 3.275871e-04
2.326299e+00 8.727604e+00 9.875450e-01 3.166192e+05 2.878540e+01 2.929831e-02 3.118515e-04
2.417309e+00 9.066056e+00 9.887894e-01 3.320570e+05 2.691119e+01 3.242147e-02 3.114939e-04
2.511880e+00 9.417976e+00 9.838774e-01 3.431716e+05 2.685007e+01 1.973975e-02 3.082752e-04
2.610151e+00 9.784475e+00 1.002321e+00 3.670020e+05 2.562776e+01 2.360535e-02 2.673864e-04
2.712266e+00 1.016427e+01 1.007768e+00 3.829956e+05 2.862242e+01 2.697301e-02 2.838373e-04
2.818376e+00 1.055761e+01 9.985772e-01 3.966781e+05 2.876503e+01 4.322731e-02 2.650023e-04
2.928637e+00 1.096670e+01 9.899570e-01 4.021303e+05 2.913172e+01 1.594448e-02 2.706051e-04
3.043212e+00 1.139107e+01 9.952772e-01 4.179326e+05 3.108742e+01 3.404665e-02 2.460480e-04
3.162270e+00 1.183093e+01 9.836564e-01 4.223530e+05 3.540624e+01 1.890743e-02 2.415180e-04
3.285985e+00 1.228871e+01 9.842192e-01 4.358096e+05 3.377650e+01 1.264584e-02 2.584457e-04
3.414541e+00 1.276437e+01 9.857472e-01 4.507919e+05 4.131408e+01 1.374328e-02 2.309084e-04
3.548125e+00 1.325902e+01 9.695892e-01 4.558585e+05 3.866574e+01 -1.573598e-02 2.321005e-04
3.686936e+00 1.377299e+01 9.843879e-01 4.863889e+05 3.878797e+01 -1.693362e-02 2.189875e-04
3.831177e+00 1.430577e+01 9.863622e-01 5.035510e+05 3.483583e+01 -1.633966e-02 2.148151e-04
3.981061e+00 1.485866e+01 9.981224e-01 5.279632e+05 3.715822e+01 -9.252846e-03 2.111197e-04
4.136810e+00 1.543396e+01 9.802643e-01 5.345109e+05 4.636629e+01 -3.690141e-02 1.946688e-04
4.298651e+00 1.603052e+01 9.867338e-01 5.601046e+05 4.164003e+01 -2.440399e-02 1.887083e-04
4.466824e+00 1.665072e+01 9.749373e-01 5.723229e+05 5.867088e+01 -2.624464e-02 1.728535e-04
4.641576e+00 1.729357e+01 9.792774e-01 5.951680e+05 5.215189e+01 -1.448762e-02 1.689196e-04
4.823165e+00 1.796222e+01 9.858940e-01 6.166363e+05 5.174445e+01 -7.137179e-03 1.653433e-04
5.011858e+00 1.865668e+01 9.889228e-01 6.460040e+05 4.017325e+01 -2.020377e-02 1.646280e-04
5.207934e+00 1.937716e+01 9.945068e-01 6.696249e+05 5.834492e+01 -3.523636e-02 1.536608e-04
5.411680e+00 2.012690e+01 9.903276e-01 6.943646e+05 7.464240e+01 -9.245753e-03 1.505613e-04
5.623397e+00 2.090304e+01 9.852590e-01 7.177116e+05 6.176740e+01 -2.838922e-02 1.459122e-04
5.843397e+00 2.171037e+01 9.806221e-01 7.422528e+05 6.730853e+01 -2.919960e-02 1.580715e-04
6.072004e+00 2.254762e+01 9.845773e-01 7.644412e+05 7.089397e+01 -4.120487e-02 1.449585e-04
6.309555e+00 2.341825e+01 9.869195e-01 7.909838e+05 4.661075e+01 -3.044486e-02 1.094341e-04
6.556399e+00 2.432128e+01 9.795789e-01 8.027348e+05 6.551581e+01 -4.489166e-02 1.289845e-04
6.812900e+00 2.525946e+01 9.654856e-01 8.337629e+05 8.050948e+01 -1.905954e-02 1.293421e-04
7.079436e+00 2.623479e+01 9.687929e-01 8.472178e+05 5.459651e+01 -1.625121e-03 1.264811e-04
7.356400e+00 2.724657e+01 9.597138e-01 8.617113e+05 5.997467e+01 1.023293e-03 1.127720e-04
7.644198e+00 2.829528e+01 9.511021e-01 8.866664e+05 1.051187e+02 -1.358908e-02 1.055002e-04
7.943257e+00 2.938536e+01 9.633082e-01 9.261356e+05 6.339714e+01 -1.048118e-02 9.548664e-05
8.254015e+00 3.051625e+01 9.723588e-01 9.713071e+05 7.333859e+01 1.820660e-02 1.106262e-04
8.576931e+00 3.169451e+01 9.588674e-01 9.972536e+05 5.019619e+01 2.666712e-04 9.429455e-05
8.912479e+00 3.291412e+01 9.532644e-01 1.023231e+06 8.507277e+01 8.283734e-03 9.012222e-05
9.261156e+00 3.418178e+01 9.693440e-01 1.056223e+06 1.427658e+02 1.031590e-02 7.522106e-05
9.623473e+00 3.549877e+01 9.602995e-01 1.088378e+06 1.294019e+02 -1.186359e-02 8.344650e-05
9.999966e+00 3.686649e+01 9.682744e-01 1.141171e+06 8.605062e+01 -1.111084e-02 9.548664e-05
1.039119e+01 3.828454e+01 9.574785e-01 1.153617e+06 1.111487e+02 -2.232838e-02 6.413460e-05
1.079772e+01 3.975924e+01 9.682819e-01 1.215767e+06 1.815538e+02 -1.227462e-02 8.535385e-05
1.122015e+01 4.128963e+01 9.656463e-01 1.249568e+06 6.649366e+01 -1.030576e-02 8.690357e-05
1.165910e+01 4.287923e+01 9.770083e-01 1.310911e+06 2.060000e+02 -2.588528e-02 7.188320e-05
1.211523e+01 4.453103e+01 9.831301e-01 1.381725e+06 1.212531e+02 -2.410275e-02 6.961823e-05
1.258921e+01 4.624490e+01 9.769755e-01 1.417312e+06 5.606328e+01 -2.397865e-02 6.568432e-05
1.308173e+01 4.802633e+01 9.684203e-01 1.458372e+06 2.209936e+02 -3.471392e-02 6.210804e-05
1.359352e+01 4.987697e+01 9.787543e-01 1.521562e+06 1.831835e+02 -5.570400e-02 6.008148e-05
1.412532e+01 5.179772e+01 9.646147e-01 1.556513e+06 1.095190e+02 -3.985250e-02 5.364418e-05
1.467794e+01 5.379214e+01 9.800492e-01 1.637352e+06 5.149999e+01 -5.459315e-02 7.104874e-05
1.525217e+01 5.586201e+01 9.731658e-01 1.671428e+06 2.633670e+02 -4.803711e-02 6.783009e-05
1.584887e+01 5.801455e+01 9.776315e-01 1.724852e+06 5.671518e+01 -5.002761e-02 5.757809e-05
1.646892e+01 6.025311e+01 9.674472e-01 1.771604e+06 7.431644e+01 -3.012288e-02 5.352497e-05
1.711322e+01 6.257596e+01 9.733191e-01 1.855517e+06 1.916582e+02 -3.070688e-02 4.529953e-05
1.778273e+01 6.498405e+01 9.801953e-01 1.920590e+06 7.301264e+01 -2.441251e-02 5.745888e-05
1.847843e+01 6.749066e+01 9.680811e-01 1.966248e+06 4.693670e+01 -3.647268e-03 3.945827e-05
1.920134e+01 7.009418e+01 9.651175e-01 2.024096e+06 3.807088e+02 -7.681608e-03 4.506111e-05
1.995255e+01 7.279492e+01 9.799640e-01 2.136287e+06 7.953163e+01 7.508159e-03 5.841255e-05
2.073313e+01 7.560003e+01 9.987310e-01 2.308554e+06 3.037848e+02 -8.707881e-03 5.424023e-05
2.154426e+01 7.851556e+01 9.953843e-01 2.389136e+06 -4.302531e+01 -6.154120e-03 5.388260e-05
2.238712e+01 8.154556e+01 9.908034e-01 2.439904e+06 3.572404e+02 4.375935e-03 3.957748e-05
2.326295e+01 8.469389e+01 9.844685e-01 2.480582e+06 2.607594e+01 1.105309e-02 3.302097e-05
2.417306e+01 8.796619e+01 9.911392e-01 2.585534e+06 1.225569e+02 3.015351e-02 3.027916e-05
2.511876e+01 9.137173e+01 9.944920e-01 2.642674e+06 6.831898e+02 1.375258e-02 4.136562e-05
2.610146e+01 9.490753e+01 9.684747e-01 2.669671e+06 -2.607594e+01 4.875422e-03 3.778934e-05
2.712261e+01 9.858321e+01 9.669749e-01 2.752848e+06 1.001316e+03 2.764165e-02 4.076958e-05
2.818371e+01 1.023997e+02 9.780086e-01 2.944872e+06 2.607595e+02 1.814556e-02 3.802776e-05
2.928632e+01 1.063579e+02 9.718608e-01 3.026187e+06 2.842278e+02 3.071964e-02 2.539158e-05
3.043207e+01 1.104728e+02 9.775737e-01 3.166305e+06 6.414683e+02 3.179967e-02 3.588200e-05
3.162264e+01 1.147398e+02 9.950070e-01 3.329204e+06 3.546328e+02 1.633060e-02 4.100800e-05
3.285979e+01 1.191784e+02 9.805385e-01 3.384520e+06 -9.387340e+01 2.199602e-02 2.682209e-05
3.414534e+01 1.237918e+02 9.780157e-01 3.497293e+06 -5.267341e+02 2.374196e-02 2.670288e-05
3.548118e+01 1.285847e+02 9.780127e-01 3.587378e+06 1.830531e+03 2.129853e-02 2.455711e-05
3.686928e+01 1.335703e+02 9.802415e-01 3.782123e+06 3.389873e+02 2.017117e-02 2.014637e-05
3.831170e+01 1.387557e+02 9.833487e-01 3.938642e+06 -3.389873e+02 -6.543875e-03 2.205372e-05
3.981053e+01 1.441454e+02 9.911298e-01 4.183121e+06 -1.564557e+02 -1.971030e-02 1.251698e-05
4.136801e+01 1.497373e+02 9.898657e-01 4.352770e+06 -1.825316e+02 -2.757788e-02 1.943111e-05
4.298642e+01 1.555442e+02 1.002886e+00 4.579995e+06 4.067847e+02 -5.261034e-02 3.027916e-05
4.466815e+01 1.615715e+02 1.001875e+00 4.691806e+06 1.251645e+02 -4.269886e-02 1.299381e-05
4.641567e+01 1.678363e+02 9.861349e-01 4.807204e+06 1.376810e+03 -3.712583e-02 2.622604e-05
4.823155e+01 1.743662e+02 9.712888e-01 4.896476e+06 -2.743189e+03 -1.708466e-02 1.943111e-05
5.011848e+01 1.811515e+02 9.916376e-01 5.230956e+06 -1.762734e+03 -2.302516e-02 2.586842e-05
5.207923e+01 1.881919e+02 1.003543e+00 5.562413e+06 5.309062e+03 -1.728135e-02 1.549721e-05
5.411669e+01 1.955081e+02 9.939967e-01 5.700468e+06 -2.534582e+03 -4.562980e-02 3.337860e-06
5.623386e+01 2.031066e+02 9.948844e-01 5.887442e+06 -1.382025e+04 1.590967e-03 1.680851e-05
5.843385e+01 2.110078e+02 9.990552e-01 6.122646e+06 -1.484243e+04 2.681899e-02 2.563000e-05
6.071991e+01 2.192033e+02 9.941609e-01 6.422406e+06 2.003676e+04 9.677887e-03 1.633167e-05
6.309542e+01 2.277870e+02 9.890444e-01 6.551808e+06 -2.595078e+04 1.524317e-02 9.417534e-06
6.556385e+01 2.366299e+02 9.853939e-01 6.677074e+06 -1.668860e+02 1.124334e-02 5.006790e-06
6.812886e+01 2.458351e+02 9.889951e-01 6.923872e+06 -9.366479e+03 -1.657951e-02 -2.563000e-06
7.079421e+01 2.554151e+02 9.893390e-01 7.204062e+06 -1.080587e+04 -9.963632e-03 2.264977e-05
7.356384e+01 2.653873e+02 9.699482e-01 7.221840e+06 -1.364293e+04 -1.097381e-02 8.225441e-06
7.644183e+01 2.757307e+02 9.639217e-01 7.414259e+06 -4.151291e+03 -5.806172e-02 2.384186e-06
7.943240e+01 2.864875e+02 9.695587e-01 7.728102e+06 -2.981002e+04 -1.821077e-02 8.940697e-06
8.253998e+01 2.976084e+02 9.832706e-01 8.168788e+06 2.684779e+04 1.340854e-02 3.457069e-06
8.576913e+01 3.091993e+02 9.719338e-01 8.361500e+06 3.971888e+04 -5.758941e-03 3.933907e-06
8.912461e+01 3.213002e+02 9.983197e-01 9.138071e+06 5.694986e+03 -2.158964e-02 3.445148e-05
9.261137e+01 3.338286e+02 9.984871e-01 9.477355e+06 9.220454e+03 -1.487368e-02 4.696846e-05
9.623454e+01 3.468566e+02 1.012654e+00 1.022733e+07 9.637669e+03 1.824045e-02 9.894371e-06
9.999945e+01 3.603616e+02 1.010944e+00 1.050606e+07 7.372191e+04 3.185773e-02 2.586842e-05
1.039117e+02 3.744820e+02 1.010225e+00 1.071656e+07 -4.626916e+04 4.883885e-03 9.655952e-06
1.079769e+02 3.890376e+02 1.033607e+00 1.150718e+07 1.488624e+05 4.011667e-02 -6.079674e-06
1.122012e+02 4.042621e+02 1.011460e+00 1.157068e+07 6.525245e+04 5.371213e-03 -7.569790e-06
1.165908e+02 4.200001e+02 1.019074e+00 1.202209e+07 1.314645e+05 6.040978e-02 5.364418e-06
1.211521e+02 4.364322e+02 1.026582e+00 1.267734e+07 1.086428e+05 4.159164e-02 2.288818e-05
1.258918e+02 4.535620e+02 1.003788e+00 1.264543e+07 -9.308070e+04 6.053305e-02 2.193451e-05
1.308170e+02 4.713150e+02 1.040808e+00 1.371668e+07 -2.640972e+05 2.571929e-02 1.907349e-05
1.359349e+02 4.897657e+02 1.031409e+00 1.457094e+07 -2.661832e+05 2.702999e-02 1.335144e-05
1.412529e+02 5.087194e+02 1.020105e+00 1.474056e+07 2.559198e+05 2.213967e-02 2.622604e-06
1.467791e+02 5.287634e+02 1.031336e+00 1.566481e+07 -3.175842e+05 3.684759e-03 -5.900860e-06
1.525214e+02 5.494320e+02 1.023269e+00 1.565975e+07 -3.764115e+05 8.466983e-02 -6.973743e-06
1.584884e+02 5.708591e+02 9.856657e-01 1.565022e+07 -1.955905e+05 2.630472e-02 -4.392862e-05
1.646888e+02 5.930910e+02 9.845060e-01 1.627004e+07 4.530956e+04 3.013933e-02 -2.926588e-05
1.711318e+02 6.162025e+02 1.010083e+00 1.744750e+07 2.873778e+05 -1.600003e-02 -3.737211e-05
1.778269e+02 6.404266e+02 1.017343e+00 1.825916e+07 -2.264644e+05 -6.860232e-02 -2.008677e-05
1.847839e+02 6.653188e+02 1.055019e+00 1.970796e+07 3.877597e+05 -2.251863e-04 -2.741814e-06
1.920130e+02 6.913458e+02 9.908190e-01 1.934135e+07 1.678874e+05 -1.398528e-02 -1.788139e-07
1.995250e+02 7.185518e+02 1.008605e+00 2.008507e+07 -5.597358e+05 4.739237e-02 1.239777e-05
2.073309e+02 7.463181e+02 1.047463e+00 2.164534e+07 7.057611e+05 2.757156e-02 2.706051e-05
2.154421e+02 7.759040e+02 1.051563e+00 2.299705e+07 -6.904076e+05 7.716298e-03 6.556511e-06
2.238707e+02 8.061133e+02 1.002272e+00 2.179502e+07 -1.962580e+05 -6.088018e-04 -6.699562e-05
2.326290e+02 8.376535e+02 1.009054e+00 2.292846e+07 -5.869382e+05 -1.449370e-02 -1.015067e-04
2.417300e+02 8.704913e+02 1.038309e+00 2.607292e+07 -8.599638e+05 4.757476e-02 -1.144409e-04
2.511870e+02 9.041419e+02 1.035346e+00 2.592150e+07 8.117338e+05 5.390620e-02 -6.663799e-05
2.610140e+02 9.393490e+02 1.132268e+00 2.924449e+07 1.720929e+06 -2.049959e-02 3.612041e-05
2.712255e+02 9.761025e+02 1.132385e+00 3.145500e+07 1.877802e+06 -5.137932e-02 1.382828e-05
2.818365e+02 1.014770e+03 1.050511e+00 3.179404e+07 -7.369688e+05 -5.630273e-02 -1.800060e-05
2.928625e+02 1.053984e+03 1.154579e+00 3.581566e+07 2.280998e+06 -7.359189e-02 3.719330e-05
3.043200e+02 1.095326e+03 1.036301e+00 3.096469e+07 1.106121e+06 5.620587e-02 -1.078844e-05
3.162257e+02 1.137952e+03 1.156697e+00 3.763052e+07 2.232602e+06 -1.520717e-02 6.127357e-05
3.285971e+02 1.183227e+03 1.127784e+00 3.789219e+07 -2.392478e+06 8.823740e-02 1.103878e-04
3.414526e+02 1.229607e+03 1.168315e+00 4.062315e+07 -3.144801e+06 2.957010e-02 -8.726120e-05
3.548110e+02 1.277420e+03 9.949923e-01 3.718879e+07 -1.016670e+06 4.518545e-02 -2.232194e-04
3.686920e+02 1.327302e+03 9.910767e-01 3.999998e+07 -7.683434e+05 -2.215666e-02 -7.373095e-05
3.831161e+02 1.379036e+03 1.028195e+00 4.316814e+07 1.104786e+06 5.495429e-02 -1.102686e-05
3.981045e+02 1.433249e+03 1.021422e+00 4.443937e+07 -1.186226e+06 4.013348e-02 -8.177757e-05
4.136792e+02 1.489539e+03 1.144938e+00 5.065710e+07 -4.661461e+06 3.219974e-02 -1.186132e-05
4.298633e+02 1.547242e+03 1.019573e+00 4.801361e+07 1.132155e+06 9.823918e-03 -9.322166e-05
4.466805e+02 1.607223e+03 1.226068e+00 5.761962e+07 6.758885e+06 -8.942068e-02 1.466274e-05
4.641557e+02 1.670143e+03 1.247130e+00 6.133136e+07 6.086668e+06 -4.973608e-02 8.189678e-05
4.823145e+02 1.736089e+03 1.007748e+00 5.296118e+07 1.088097e+06 -7.175934e-02 2.964735e-04
5.011837e+02 1.804174e+03 9.924498e-01 5.208027e+07 6.314968e+05 -3.182751e-02 8.988380e-05
5.207911e+02 1.875500e+03 1.332457e+00 7.825502e+07 -8.626674e+06 -4.989654e-02 -3.100634e-04
5.411657e+02 1.948904e+03 1.337036e+00 7.908815e+07 -9.951749e+06 -8.336306e-02 -2.591014e-04
5.623373e+02 2.023683e+03 1.101620e+00 6.501346e+07 4.285634e+06 -9.344816e-03 -2.893209e-04
5.843372e+02 2.104379e+03 1.377055e+00 8.896422e+07 -9.731459e+06 -1.439253e-01 6.735325e-05
6.071978e+02 2.186130e+03 1.040383e+00 6.905290e+07 -5.085352e+06 -2.249974e-02 -2.142787e-04
6.309528e+02 2.272271e+03 1.406222e+00 1.014146e+08 -1.737484e+07 -1.549765e-01 1.275539e-05
6.556371e+02 2.358906e+03 1.457409e+00 1.100543e+08 1.463524e+07 -4.388142e-02 -2.378821e-04
6.812871e+02 2.451546e+03 1.255429e+00 9.807242e+07 1.238962e+07 -2.908939e-02 -3.741980e-04
7.079406e+02 2.547131e+03 1.378395e+00 1.126094e+08 1.245103e+07 -3.405142e-02 2.284050e-04
7.356368e+02 2.648717e+03 1.034371e+00 8.580230e+07 -6.284261e+06 -8.922702e-02 3.575087e-04
7.644166e+02 2.752608e+03 1.294772e+00 1.237548e+08 -1.331617e+07 -2.932042e-02 -4.178286e-05
7.943223e+02 2.858222e+03 1.265089e+00 1.186268e+08 2.093419e+07 8.029521e-02 -4.911423e-05
8.253980e+02 2.971329e+03 8.738193e-01 8.656074e+07 -8.117338e+05 -9.397566e-02 3.426075e-04
8.576895e+02 3.087144e+03 8.703277e-01 8.664120e+07 -4.005265e+06 2.911484e-02 -1.541972e-04
8.912442e+02 3.209350e+03 1.458998e+00 1.572013e+08 -1.596766e+07 -1.470491e-01 3.159046e-05
9.261117e+02 3.335210e+03 1.589275e+00 1.794856e+08 -2.693407e+07 -1.265305e-01 1.592636e-04
9.623433e+02 3.462958e+03 1.203428e+00 1.324792e+08 1.905705e+07 -8.001536e-02 4.807711e-04
