#./overdamped_3d --dev=0 --amp=40.0 --omega=1.0 --force=0 --Dg=0.01 --block=256 --paths=65536 --periods=1000 --trans=100 --samples=100 --spp=1000 --algorithm=euler --pav=1 --mode=moments --domain=1d --domainx=l:-2:3:300:1 --domainy=a:0:10:100:0 --domainz=D:-6:-1:100:1 --q=2 --eps=0 --phi=1.57079632679 --lambda=0 --zeta=3.6 --comp=0 --mean=0.0 --second=3.14 --skew=0.99 --distribution=s>> comp_s_3.14_l:-2:3:300:1_0.0_0.99_3.6_40.0.dat
#l <<v>> qnu(q) mu_q Dx Gx EBx
1.000000e-02 3.298294e-02 1.000939e+00 1.386345e+03 1.107103e-01 -2.540165e-02 3.774750e-02
1.039122e-02 3.432989e-02 1.000780e+00 1.436300e+03 1.149155e-01 -3.306460e-02 3.575122e-02
1.079775e-02 3.569843e-02 1.006589e+00 1.493129e+03 1.196195e-01 -3.322792e-02 3.468955e-02
1.122018e-02 3.707841e-02 1.011248e+00 1.554756e+03 1.246130e-01 -2.526170e-02 3.334534e-02
1.165914e-02 3.848049e-02 1.011228e+00 1.625458e+03 1.303159e-01 -3.740478e-02 3.241956e-02
1.211527e-02 4.002753e-02 1.012950e+00 1.676043e+03 1.342752e-01 -1.122963e-02 3.101814e-02
1.258925e-02 4.161335e-02 1.014413e+00 1.747068e+03 1.399301e-01 -2.912772e-02 2.974391e-02
1.308177e-02 4.319571e-02 1.013084e+00 1.833737e+03 1.469591e-01 -2.027297e-02 2.925003e-02
1.359356e-02 4.484543e-02 1.007398e+00 1.879597e+03 1.506731e-01 -2.275300e-02 2.783144e-02
1.412537e-02 4.659802e-02 9.987521e-01 1.910510e+03 1.531319e-01 -3.398985e-02 2.617276e-02
1.467799e-02 4.853910e-02 9.956279e-01 1.992104e+03 1.598941e-01 -4.542977e-02 2.522051e-02
1.525222e-02 5.043969e-02 9.984145e-01 2.080784e+03 1.670381e-01 -5.205154e-03 2.451575e-02
1.584893e-02 5.242527e-02 9.917281e-01 2.160151e+03 1.732750e-01 -1.555860e-02 2.356315e-02
1.646897e-02 5.448931e-02 9.991615e-01 2.252043e+03 1.804320e-01 -1.865584e-02 2.279985e-02
1.711327e-02 5.670042e-02 9.988203e-01 2.359233e+03 1.884855e-01 -1.396775e-02 2.205431e-02
1.778278e-02 5.885359e-02 1.003784e+00 2.443398e+03 1.942312e-01 -2.732253e-02 2.129519e-02
1.847849e-02 6.115882e-02 1.014606e+00 2.581095e+03 2.041535e-01 -3.064799e-02 2.093828e-02
1.920141e-02 6.355943e-02 1.005365e+00 2.620034e+03 2.064240e-01 -3.403550e-02 1.973724e-02
1.995261e-02 6.603203e-02 1.014097e+00 2.770693e+03 2.179963e-01 -2.515686e-02 1.922166e-02
2.073320e-02 6.843738e-02 1.013067e+00 2.843986e+03 2.233889e-01 -9.214520e-03 1.850796e-02
2.154433e-02 7.113131e-02 1.019706e+00 2.984370e+03 2.342649e-01 9.739280e-03 1.786101e-02
2.238719e-02 7.393879e-02 1.028844e+00 3.152238e+03 2.470060e-01 -5.583942e-03 1.744258e-02
2.326303e-02 7.684053e-02 1.023432e+00 3.277019e+03 2.565876e-01 1.429963e-02 1.682007e-02
2.417313e-02 7.987908e-02 1.022949e+00 3.396130e+03 2.656930e-01 2.286315e-03 1.612878e-02
2.511884e-02 8.291887e-02 1.014808e+00 3.437584e+03 2.689793e-01 3.102005e-02 1.524556e-02
2.610155e-02 8.631434e-02 1.003995e+00 3.569767e+03 2.803912e-01 6.929398e-03 1.453400e-02
2.712270e-02 8.972783e-02 1.008963e+00 3.708472e+03 2.931286e-01 -3.141284e-03 1.398134e-02
2.818380e-02 9.327573e-02 1.004815e+00 3.863898e+03 3.078106e-01 -2.176881e-03 1.362062e-02
2.928642e-02 9.687305e-02 1.013359e+00 4.035335e+03 3.242284e-01 6.681204e-03 1.306880e-02
3.043217e-02 1.007141e-01 1.001411e+00 4.078121e+03 3.301495e-01 -4.522145e-03 1.232541e-02
3.162274e-02 1.045119e-01 9.983392e-01 4.244081e+03 3.458039e-01 1.188648e-02 1.193810e-02
3.285990e-02 1.085846e-01 1.009960e+00 4.486775e+03 3.664493e-01 8.410811e-03 1.163423e-02
3.414545e-02 1.129733e-01 1.010842e+00 4.669777e+03 3.810517e-01 1.886725e-03 1.124787e-02
3.548130e-02 1.173664e-01 1.021854e+00 4.946722e+03 4.018115e-01 1.094043e-02 1.109910e-02
3.686940e-02 1.218968e-01 1.022473e+00 5.160813e+03 4.194877e-01 -1.574367e-02 1.070428e-02
3.831182e-02 1.268902e-01 1.031578e+00 5.468605e+03 4.453304e-01 -2.264053e-02 1.049089e-02
3.981066e-02 1.319095e-01 1.042517e+00 5.772728e+03 4.705963e-01 -4.209876e-03 1.030231e-02
4.136815e-02 1.370465e-01 1.031213e+00 5.914542e+03 4.813343e-01 -3.501773e-03 9.773612e-03
4.298656e-02 1.423802e-01 1.034500e+00 6.094402e+03 4.934847e-01 -1.226366e-02 9.420156e-03
4.466829e-02 1.479900e-01 1.028986e+00 6.302510e+03 5.076644e-01 -1.249141e-02 9.069443e-03
4.641582e-02 1.537653e-01 1.028536e+00 6.513923e+03 5.197702e-01 -1.712239e-02 8.624673e-03
4.823171e-02 1.597301e-01 1.007653e+00 6.607412e+03 5.240624e-01 -1.378644e-02 8.152008e-03
5.011865e-02 1.658348e-01 1.029107e+00 7.057864e+03 5.589422e-01 -3.124058e-03 8.056760e-03
5.207940e-02 1.723758e-01 1.018185e+00 7.261117e+03 5.744399e-01 -6.609142e-03 7.605076e-03
5.411686e-02 1.790946e-01 1.021456e+00 7.459187e+03 5.909025e-01 -2.503741e-02 7.271171e-03
5.623404e-02 1.863452e-01 1.008575e+00 7.691236e+03 6.049877e-01 -2.291179e-02 6.975055e-03
5.843404e-02 1.936235e-01 1.012799e+00 8.003062e+03 6.287416e-01 -3.282672e-02 6.686211e-03
6.072012e-02 2.010916e-01 1.016910e+00 8.332723e+03 6.502175e-01 -1.198727e-02 6.546855e-03
6.309562e-02 2.090064e-01 1.021225e+00 8.738445e+03 6.794921e-01 -3.409934e-02 6.281257e-03
6.556407e-02 2.172408e-01 1.008491e+00 9.091186e+03 7.085975e-01 -1.009971e-02 6.058812e-03
6.812909e-02 2.259051e-01 1.012075e+00 9.348301e+03 7.302228e-01 -1.005691e-02 5.753875e-03
7.079445e-02 2.346654e-01 1.001854e+00 9.514126e+03 7.488638e-01 -8.957326e-03 5.472898e-03
7.356408e-02 2.438486e-01 1.007267e+00 9.854041e+03 7.744082e-01 1.817822e-03 5.247355e-03
7.644208e-02 2.532237e-01 1.001176e+00 1.020180e+04 8.017032e-01 -1.756364e-02 5.029202e-03
7.943267e-02 2.630953e-01 9.933370e-01 1.057083e+04 8.336138e-01 7.925510e-03 4.868388e-03
8.254025e-02 2.732318e-01 9.925328e-01 1.091914e+04 8.652458e-01 1.822066e-02 4.680872e-03
8.576941e-02 2.839352e-01 1.000176e+00 1.147391e+04 9.128729e-01 -4.658699e-03 4.558921e-03
8.912491e-02 2.950596e-01 1.001678e+00 1.193539e+04 9.507518e-01 3.556848e-03 4.428983e-03
9.261168e-02 3.067317e-01 9.960558e-01 1.231128e+04 9.722974e-01 -1.415443e-02 4.249692e-03
9.623486e-02 3.186536e-01 9.948168e-01 1.276293e+04 1.005581e+00 4.702449e-03 4.130125e-03
9.999978e-02 3.311505e-01 9.976156e-01 1.341486e+04 1.055555e+00 -2.101797e-02 3.989100e-03
1.039120e-01 3.440129e-01 1.009758e+00 1.423312e+04 1.110145e+00 -1.101029e-02 3.955603e-03
1.079773e-01 3.576028e-01 9.966834e-01 1.456863e+04 1.116193e+00 -8.302450e-03 3.825068e-03
1.122016e-01 3.716164e-01 9.933984e-01 1.505432e+04 1.162706e+00 -1.208210e-02 3.647804e-03
1.165912e-01 3.860600e-01 9.993696e-01 1.570727e+04 1.255056e+00 -3.276807e-02 3.499508e-03
1.211525e-01 4.011042e-01 9.949635e-01 1.625848e+04 1.363122e+00 -8.421719e-03 3.409505e-03
1.258922e-01 4.170828e-01 9.835842e-01 1.660368e+04 1.454278e+00 -8.586645e-03 3.254771e-03
1.308174e-01 4.332342e-01 9.899621e-01 1.745710e+04 1.504691e+00 -2.901882e-02 3.149986e-03
1.359353e-01 4.501866e-01 9.870091e-01 1.795308e+04 1.495420e+00 -6.422639e-03 3.021359e-03
1.412534e-01 4.678125e-01 9.882918e-01 1.875747e+04 1.548737e+00 -1.360363e-02 2.927542e-03
1.467796e-01 4.863386e-01 9.930374e-01 1.933684e+04 1.567517e+00 3.086686e-03 2.795458e-03
1.525219e-01 5.054858e-01 9.846677e-01 1.994481e+04 1.607942e+00 -8.381248e-03 2.706885e-03
1.584889e-01 5.251340e-01 9.872626e-01 2.065434e+04 1.624097e+00 2.687335e-03 2.621174e-03
1.646893e-01 5.456681e-01 9.802614e-01 2.113003e+04 1.622823e+00 -1.296997e-02 2.483010e-03
1.711324e-01 5.670491e-01 9.977922e-01 2.222274e+04 1.683064e+00 -1.716077e-02 2.413511e-03
1.778274e-01 5.895784e-01 1.004542e+00 2.373368e+04 1.833863e+00 -3.305417e-02 2.400160e-03
1.847845e-01 6.124105e-01 9.931399e-01 2.438472e+04 1.920045e+00 -1.584488e-02 2.299547e-03
1.920137e-01 6.365607e-01 9.909490e-01 2.511590e+04 2.022063e+00 -2.508032e-02 2.223253e-03
1.995257e-01 6.612551e-01 1.006037e+00 2.659256e+04 2.185356e+00 -2.492368e-02 2.208710e-03
2.073316e-01 6.873744e-01 9.996101e-01 2.763542e+04 2.264775e+00 -1.807660e-02 2.147794e-03
2.154428e-01 7.143052e-01 9.989974e-01 2.887715e+04 2.359949e+00 -3.249234e-02 2.075553e-03
2.238715e-01 7.420629e-01 1.010820e+00 3.017502e+04 2.403717e+00 -3.531456e-02 2.043843e-03
2.326298e-01 7.710526e-01 1.005097e+00 3.084368e+04 2.377934e+00 -5.100387e-02 1.940727e-03
2.417308e-01 8.015525e-01 1.004584e+00 3.228852e+04 2.444620e+00 -3.744292e-02 1.898527e-03
2.511879e-01 8.327302e-01 1.019431e+00 3.437188e+04 2.672370e+00 -3.561556e-02 1.882911e-03
2.610149e-01 8.653892e-01 1.021911e+00 3.576483e+04 2.915400e+00 -1.720643e-02 1.802802e-03
2.712264e-01 8.997543e-01 1.006567e+00 3.697566e+04 3.017100e+00 8.481741e-03 1.738429e-03
2.818374e-01 9.347273e-01 1.013201e+00 3.868702e+04 3.188192e+00 8.551955e-03 1.685262e-03
2.928635e-01 9.714830e-01 1.012815e+00 3.965896e+04 3.176414e+00 -4.364908e-03 1.600862e-03
3.043210e-01 1.009653e+00 1.000487e+00 4.083377e+04 3.175141e+00 3.752637e-02 1.572132e-03
3.162267e-01 1.049609e+00 1.013305e+00 4.296199e+04 3.400504e+00 5.537450e-02 1.532316e-03
3.285983e-01 1.090725e+00 1.004315e+00 4.413957e+04 3.488995e+00 4.822230e-02 1.491427e-03
3.414538e-01 1.133790e+00 1.006482e+00 4.610786e+04 3.757330e+00 6.583333e-02 1.435041e-03
3.548123e-01 1.178515e+00 1.028887e+00 4.869134e+04 3.838499e+00 6.236076e-02 1.418233e-03
3.686934e-01 1.224999e+00 1.012267e+00 4.944831e+04 3.926034e+00 8.040106e-02 1.382709e-03
3.831175e-01 1.273257e+00 1.005422e+00 5.135956e+04 4.117657e+00 4.902720e-03 1.327395e-03
3.981059e-01 1.323493e+00 1.006074e+00 5.369940e+04 4.363392e+00 1.057839e-02 1.296282e-03
4.136808e-01 1.375034e+00 1.006014e+00 5.554224e+04 4.426417e+00 3.105462e-02 1.245856e-03
4.298649e-01 1.429071e+00 1.013736e+00 5.813768e+04 4.379307e+00 9.953022e-03 1.235008e-03
4.466822e-01 1.484757e+00 1.002022e+00 5.918870e+04 4.434693e+00 3.269827e-02 1.152873e-03
4.641575e-01 1.543146e+00 1.019827e+00 6.341512e+04 4.798203e+00 8.368015e-03 1.150846e-03
4.823164e-01 1.603720e+00 1.012468e+00 6.543614e+04 5.375617e+00 -1.128674e-03 1.093030e-03
5.011858e-01 1.666001e+00 1.014465e+00 6.757411e+04 5.699656e+00 -1.066244e-02 1.074553e-03
5.207933e-01 1.731708e+00 1.021181e+00 7.039312e+04 5.818068e+00 -3.743702e-02 1.026988e-03
5.411680e-01 1.799859e+00 1.008669e+00 7.225726e+04 5.756952e+00 -1.818049e-02 9.984970e-04
5.623397e-01 1.870553e+00 1.012969e+00 7.469148e+04 5.923110e+00 -5.740643e-03 9.615421e-04
5.843398e-01 1.944015e+00 1.017759e+00 7.874134e+04 6.044068e+00 -1.260781e-02 9.515285e-04
6.072005e-01 2.020660e+00 1.015746e+00 8.243645e+04 6.669229e+00 -5.567670e-03 9.350777e-04
6.309556e-01 2.099574e+00 1.009884e+00 8.534767e+04 6.718885e+00 1.321065e-02 8.924007e-04
6.556400e-01 2.182441e+00 1.012096e+00 8.826738e+04 7.304575e+00 4.537940e-03 8.628368e-04
6.812901e-01 2.268052e+00 1.004456e+00 9.123659e+04 7.238367e+00 3.330338e-02 8.392334e-04
7.079438e-01 2.357519e+00 1.018155e+00 9.612711e+04 7.205262e+00 2.494335e-02 8.106232e-04
7.356402e-01 2.450632e+00 1.006524e+00 9.901198e+04 7.710738e+00 9.570956e-03 8.130074e-04
7.644201e-01 2.546849e+00 9.988056e-01 1.017209e+05 7.715831e+00 5.435944e-03 7.693768e-04
7.943260e-01 2.647158e+00 9.941670e-01 1.042017e+05 7.058840e+00 1.107347e-02 7.302761e-04
8.254018e-01 2.751120e+00 9.953369e-01 1.069737e+05 8.843922e+00 -1.624113e-02 7.148981e-04
8.576935e-01 2.859469e+00 1.005216e+00 1.139780e+05 9.335392e+00 1.206362e-02 7.086992e-04
8.912484e-01 2.972319e+00 1.000372e+00 1.178611e+05 9.658794e+00 2.291918e-03 6.885529e-04
9.261161e-01 3.088425e+00 1.009604e+00 1.231063e+05 9.681713e+00 7.748961e-03 6.606579e-04
9.623479e-01 3.210505e+00 1.012659e+00 1.275499e+05 1.005350e+01 -1.530308e-02 6.504059e-04
9.999971e-01 3.337361e+00 1.016180e+00 1.341664e+05 1.192262e+01 -1.257807e-02 6.372929e-04
1.039119e+00 3.468725e+00 1.018018e+00 1.389795e+05 1.098296e+01 9.192228e-03 6.042719e-04
1.079772e+00 3.604565e+00 1.016284e+00 1.442204e+05 1.001276e+01 -6.607950e-03 6.033182e-04
1.122015e+00 3.747150e+00 1.012194e+00 1.488512e+05 1.042529e+01 6.028175e-03 5.877018e-04
1.165911e+00 3.895236e+00 1.009227e+00 1.526873e+05 1.158648e+01 1.633155e-02 5.520582e-04
1.211524e+00 4.048610e+00 1.009140e+00 1.577547e+05 1.204994e+01 1.021171e-02 5.495548e-04
1.258922e+00 4.208930e+00 1.023337e+00 1.667998e+05 1.403110e+01 -2.576828e-03 5.384684e-04
1.308174e+00 4.374814e+00 1.014322e+00 1.725244e+05 1.367969e+01 1.125419e-02 5.418062e-04
1.359353e+00 4.547295e+00 1.023526e+00 1.823837e+05 1.385285e+01 -7.506490e-03 5.131960e-04
1.412534e+00 4.727456e+00 1.009475e+00 1.867088e+05 1.538073e+01 -1.267946e-02 4.972219e-04
1.467795e+00 4.914268e+00 1.019813e+00 1.983253e+05 1.544694e+01 -1.658392e-02 4.943609e-04
1.525219e+00 5.109169e+00 1.012375e+00 2.036435e+05 1.526869e+01 -1.083463e-02 4.748106e-04
1.584889e+00 5.311138e+00 9.969299e-01 2.068749e+05 1.742810e+01 -2.275908e-02 4.667044e-04
1.646893e+00 5.521607e+00 9.966758e-01 2.150742e+05 1.644007e+01 6.454587e-03 4.507303e-04
1.711323e+00 5.740546e+00 1.016786e+00 2.277140e+05 1.869116e+01 1.361036e-02 4.485846e-04
1.778274e+00 5.967977e+00 1.015048e+00 2.363381e+05 2.115615e+01 3.933072e-03 4.396439e-04
1.847844e+00 6.204843e+00 1.009728e+00 2.398551e+05 2.014774e+01 -1.385117e-02 4.252195e-04
1.920137e+00 6.450843e+00 1.012285e+00 2.515675e+05 1.969956e+01 1.296878e-03 4.208088e-04
1.995257e+00 6.706413e+00 1.004779e+00 2.578652e+05 2.031072e+01 2.159393e-02 4.063845e-04
2.073316e+00 6.971910e+00 1.014763e+00 2.703773e+05 2.630004e+01 7.617116e-03 3.887415e-04
2.154429e+00 7.248080e+00 1.006566e+00 2.814714e+05 2.368225e+01 1.366854e-02 3.738403e-04
2.238715e+00 7.535321e+00 1.001902e+00 2.913833e+05 2.375356e+01 1.687801e-02 3.684759e-04
2.326299e+00 7.835033e+00 1.005243e+00 3.051981e+05 2.350909e+01 9.939551e-03 3.494024e-04
2.417309e+00 8.146196e+00 1.009801e+00 3.234476e+05 2.654450e+01 3.206348e-02 3.676414e-04
2.511880e+00 8.470129e+00 1.001035e+00 3.317634e+05 2.756309e+01 5.445719e-03 3.404617e-04
2.610151e+00 8.807731e+00 1.004780e+00 3.477541e+05 2.994659e+01 1.902258e-02 3.421307e-04
2.712266e+00 9.157444e+00 1.010309e+00 3.626602e+05 2.603520e+01 2.892506e-02 3.255606e-04
2.818376e+00 9.521927e+00 1.003883e+00 3.736037e+05 3.080221e+01 1.457846e-02 3.067255e-04
2.928637e+00 9.900084e+00 9.940586e-01 3.786588e+05 2.664636e+01 -6.693065e-03 2.881289e-04
3.043212e+00 1.029472e+01 9.985902e-01 3.973364e+05 2.905023e+01 7.904768e-04 3.020763e-04
3.162270e+00 1.070491e+01 9.843411e-01 4.020799e+05 2.970213e+01 5.089879e-03 2.741814e-04
3.285985e+00 1.113043e+01 9.959168e-01 4.202920e+05 3.426542e+01 1.024640e-02 2.813339e-04
3.414541e+00 1.157389e+01 9.948264e-01 4.335929e+05 3.878797e+01 -8.681774e-03 2.681017e-04
3.548125e+00 1.203573e+01 9.904172e-01 4.532437e+05 4.098812e+01 -1.897919e-02 2.592802e-04
3.686936e+00 1.251636e+01 9.852394e-01 4.661507e+05 3.450988e+01 1.044428e-02 2.434254e-04
3.831177e+00 1.301582e+01 9.935517e-01 4.876698e+05 3.805458e+01 8.446336e-03 2.417564e-04
3.981061e+00 1.353348e+01 9.884135e-01 5.023379e+05 4.400316e+01 -5.997300e-03 2.187490e-04
4.136810e+00 1.407478e+01 1.000973e+00 5.283904e+05 3.585442e+01 -1.132226e-02 2.249479e-04
4.298651e+00 1.463696e+01 1.007558e+00 5.504558e+05 4.705893e+01 -7.284403e-03 2.349615e-04
4.466824e+00 1.522255e+01 9.986666e-01 5.644960e+05 3.536550e+01 -4.338205e-03 2.108812e-04
4.641576e+00 1.583164e+01 9.889327e-01 5.845030e+05 4.115110e+01 -3.838480e-03 2.080202e-04
4.823165e+00 1.646559e+01 9.884665e-01 6.004800e+05 3.952135e+01 -9.711623e-03 1.802444e-04
5.011858e+00 1.712361e+01 9.993994e-01 6.220788e+05 6.078955e+01 8.211136e-04 1.817942e-04
5.207934e+00 1.780875e+01 9.856373e-01 6.361198e+05 6.559730e+01 -1.806498e-02 1.745224e-04
5.411680e+00 1.852262e+01 9.861734e-01 6.563799e+05 5.092958e+01 -1.102614e-02 1.722574e-04
5.623397e+00 1.926615e+01 9.998732e-01 6.895481e+05 5.370015e+01 -4.788220e-03 1.660585e-04
5.843397e+00 2.003787e+01 1.003965e+00 7.247869e+05 6.404904e+01 1.197457e-03 1.540184e-04
6.072004e+00 2.084270e+01 9.897413e-01 7.331324e+05 3.740268e+01 2.074909e-02 1.531839e-04
6.309555e+00 2.167909e+01 9.861263e-01 7.510923e+05 6.942720e+01 2.859819e-02 1.459122e-04
6.556399e+00 2.254946e+01 9.858334e-01 7.767664e+05 7.790189e+01 1.844788e-02 1.417398e-04
6.812900e+00 2.345400e+01 9.759045e-01 7.990554e+05 7.252372e+01 4.912627e-02 1.428127e-04
7.079436e+00 2.439488e+01 9.860193e-01 8.319802e+05 7.399049e+01 2.439713e-02 1.447201e-04
7.356400e+00 2.537564e+01 9.817357e-01 8.621744e+05 9.941454e+01 2.055109e-02 1.214743e-04
7.644198e+00 2.639420e+01 9.798019e-01 8.976816e+05 3.601740e+01 3.045881e-02 1.170635e-04
7.943257e+00 2.745432e+01 9.785241e-01 9.185402e+05 5.508543e+01 1.449561e-02 1.209974e-04
8.254015e+00 2.855493e+01 9.852192e-01 9.671295e+05 7.953163e+01 4.202664e-02 1.170635e-04
8.576931e+00 2.970146e+01 9.845936e-01 9.877289e+05 8.931011e+01 2.632976e-02 1.157522e-04
8.912479e+00 3.089483e+01 9.889171e-01 1.034616e+06 4.856645e+01 3.573036e-02 1.020432e-04
9.261156e+00 3.213664e+01 9.842416e-01 1.071302e+06 7.268670e+01 1.434696e-02 1.016855e-04
9.623473e+00 3.342455e+01 9.860665e-01 1.098855e+06 1.199493e+02 1.261306e-02 1.002550e-04
9.999966e+00 3.477005e+01 9.737142e-01 1.125274e+06 1.192974e+02 2.288222e-02 9.763241e-05
1.039119e+01 3.616658e+01 9.784724e-01 1.160684e+06 1.466772e+01 2.306366e-02 8.416176e-05
1.079772e+01 3.761722e+01 9.849665e-01 1.213256e+06 1.531962e+02 8.881211e-03 9.131432e-05
1.122015e+01 3.912809e+01 9.788041e-01 1.246880e+06 1.219050e+02 9.936094e-03 7.224083e-05
1.165910e+01 4.069898e+01 9.860798e-01 1.303920e+06 1.440696e+02 -5.044937e-04 8.141994e-05
1.211523e+01 4.233312e+01 9.862484e-01 1.379002e+06 6.518986e+00 1.279974e-02 7.951260e-05
1.258921e+01 4.402990e+01 9.727758e-01 1.398472e+06 7.822784e+01 -6.320775e-03 7.605553e-05
1.308173e+01 4.579740e+01 9.823827e-01 1.460683e+06 1.799240e+02 9.895682e-03 6.294250e-05
1.359352e+01 4.763552e+01 9.830483e-01 1.511842e+06 1.434177e+01 7.971525e-04 8.261204e-05
1.412532e+01 4.954571e+01 9.814954e-01 1.553071e+06 4.432911e+01 -1.232398e-02 5.841255e-05
1.467794e+01 5.153043e+01 9.809709e-01 1.594523e+06 7.236075e+01 -8.252442e-03 5.555153e-05
1.525217e+01 5.359352e+01 9.833800e-01 1.673228e+06 3.409430e+02 -8.348644e-03 5.054474e-05
1.584887e+01 5.574358e+01 9.933072e-01 1.764512e+06 1.316835e+02 3.267527e-03 5.817413e-05
1.646892e+01 5.797557e+01 9.882399e-01 1.832791e+06 1.786202e+02 4.123962e-02 3.576279e-05
1.711322e+01 6.029879e+01 9.882434e-01 1.902213e+06 -1.303797e+00 3.365099e-02 4.422665e-05
1.778273e+01 6.270858e+01 1.001289e+00 2.002428e+06 1.173418e+02 3.126121e-02 5.733967e-05
1.847843e+01 6.521711e+01 9.964948e-01 2.035088e+06 2.542405e+02 8.826494e-03 5.197525e-05
1.920134e+01 6.782576e+01 9.828121e-01 2.109843e+06 2.307721e+02 -1.822531e-03 4.994869e-05
1.995255e+01 7.053395e+01 9.824529e-01 2.161838e+06 3.024810e+02 -3.271818e-03 4.673004e-05
2.073313e+01 7.335138e+01 9.958639e-01 2.278196e+06 5.202151e+02 2.130151e-02 6.282330e-05
2.154426e+01 7.628065e+01 9.982074e-01 2.349844e+06 8.996201e+01 2.242994e-02 4.160404e-05
2.238712e+01 7.932671e+01 1.000760e+00 2.463016e+06 1.329873e+02 7.175314e-02 4.231930e-05
2.326295e+01 8.249231e+01 9.922240e-01 2.493861e+06 -5.736708e+01 3.816521e-02 3.683567e-05
2.417306e+01 8.578117e+01 9.994261e-01 2.633009e+06 -2.868354e+01 7.257438e-02 3.647804e-05
2.511876e+01 8.920474e+01 1.004835e+00 2.749550e+06 3.911392e+01 2.814233e-02 3.540516e-05
2.610146e+01 9.275780e+01 9.902571e-01 2.780278e+06 1.027392e+03 3.464210e-02 2.598763e-05
2.712261e+01 9.645012e+01 9.953170e-01 2.885887e+06 5.189113e+02 4.334426e-02 1.847744e-05
2.818371e+01 1.002867e+02 9.972122e-01 3.029044e+06 8.865821e+01 2.590191e-02 2.944469e-05
2.928632e+01 1.042751e+02 9.922235e-01 3.083463e+06 4.432911e+01 1.476085e-02 2.300739e-05
3.043207e+01 1.084155e+02 9.929061e-01 3.250502e+06 8.500758e+02 4.636037e-02 1.919270e-05
3.162264e+01 1.127210e+02 1.005093e+00 3.391272e+06 4.015695e+02 4.050398e-02 4.291534e-05
3.285979e+01 1.171955e+02 9.897810e-01 3.482657e+06 2.998734e+02 2.383006e-02 1.394749e-05
3.414534e+01 1.218447e+02 9.868255e-01 3.625553e+06 1.147342e+02 3.034091e-02 2.729893e-05
3.548118e+01 1.266695e+02 9.808550e-01 3.717768e+06 1.100405e+03 1.757514e-02 2.169609e-05
3.686928e+01 1.316861e+02 9.925106e-01 3.895134e+06 5.319493e+02 3.608608e-02 8.702278e-06
3.831170e+01 1.368989e+02 9.940843e-01 4.086426e+06 -1.121266e+03 2.987373e-02 1.502037e-05
3.981053e+01 1.423152e+02 9.907326e-01 4.251043e+06 3.233417e+02 2.321792e-02 1.156330e-05
4.136801e+01 1.479464e+02 1.004668e+00 4.489904e+06 -4.224303e+02 4.149914e-02 2.920628e-05
4.298642e+01 1.537953e+02 1.001373e+00 4.656944e+06 -9.387340e+01 -1.219451e-02 4.267693e-05
4.466815e+01 1.598750e+02 9.999710e-01 4.808750e+06 4.537214e+02 1.788604e-02 3.015995e-05
4.641567e+01 1.661846e+02 9.945048e-01 4.894950e+06 -2.607595e+02 1.388371e-02 -4.172325e-07
4.823155e+01 1.727437e+02 9.822206e-01 5.050652e+06 -1.773164e+02 3.303862e-02 1.323223e-05
5.011848e+01 1.795616e+02 1.005627e+00 5.444950e+06 -4.933569e+03 -1.770848e-02 1.883507e-05
5.207923e+01 1.866285e+02 1.012179e+00 5.668881e+06 9.084859e+03 -3.205335e-02 1.049042e-05
5.411669e+01 1.940017e+02 1.017678e+00 5.897310e+06 -1.102491e+04 8.377075e-03 1.776218e-05
5.623386e+01 2.016478e+02 1.022514e+00 6.203168e+06 -1.117093e+04 -1.690316e-02 2.253056e-05
5.843385e+01 2.095976e+02 1.023944e+00 6.404390e+06 -1.772121e+04 2.075708e-02 2.646446e-05
6.071991e+01 2.178199e+02 1.018210e+00 6.676602e+06 1.342390e+04 3.060293e-02 3.099442e-06
6.309542e+01 2.264227e+02 1.014875e+00 6.815033e+06 -1.851392e+04 2.014625e-02 3.731251e-05
6.556385e+01 2.353103e+02 1.015349e+00 7.076276e+06 -2.910075e+03 1.939881e-02 1.525879e-05
6.812886e+01 2.445667e+02 1.021958e+00 7.431774e+06 -1.030521e+04 -3.490442e-02 1.156330e-05
7.079421e+01 2.541789e+02 9.997502e-01 7.376745e+06 -6.675442e+02 -3.924012e-02 2.145767e-05
7.356384e+01 2.641931e+02 9.811851e-01 7.496454e+06 -1.967169e+04 -5.783558e-02 5.602837e-06
7.644183e+01 2.745692e+02 9.558420e-01 7.460683e+06 -1.892071e+04 -3.560197e-02 3.695488e-05
7.943240e+01 2.853526e+02 9.588036e-01 7.760261e+06 -2.088162e+04 2.540207e-02 5.364418e-06
8.253998e+01 2.965410e+02 9.599223e-01 8.039372e+06 3.963544e+02 1.851976e-02 1.192093e-05
8.576913e+01 3.081708e+02 9.591166e-01 8.186566e+06 2.040182e+04 -2.191573e-02 -1.013279e-06
8.912461e+01 3.202953e+02 9.939852e-01 9.123616e+06 -2.922592e+04 -1.112509e-02 5.364418e-06
9.261137e+01 3.328436e+02 9.963765e-01 9.538822e+06 1.833660e+04 -2.123517e-02 -1.192093e-06
9.623454e+01 3.459233e+02 9.974213e-01 1.008105e+07 -1.280850e+04 -3.094709e-02 -1.192093e-07
9.999945e+01 3.595118e+02 1.008431e+00 1.043956e+07 -5.327837e+04 -2.815157e-02 4.887581e-06
1.039117e+02 3.735447e+02 1.005671e+00 1.070553e+07 8.594631e+04 -3.983051e-02 1.537800e-05
1.079769e+02 3.882812e+02 1.012803e+00 1.107911e+07 -7.922915e+04 3.277302e-02 1.168251e-05
1.122012e+02 4.035483e+02 1.014459e+00 1.157955e+07 -1.537438e+05 7.268429e-03 1.156330e-05
1.165908e+02 4.193614e+02 1.013165e+00 1.178043e+07 -1.799449e+05 7.545507e-02 7.271767e-06
1.211521e+02 4.356554e+02 1.024225e+00 1.272981e+07 1.434803e+05 6.447864e-02 7.152557e-07
1.258918e+02 4.528785e+02 1.013881e+00 1.314994e+07 -1.917521e+05 7.701659e-02 3.218651e-06
1.308170e+02 4.705325e+02 1.014455e+00 1.388029e+07 3.550501e+04 4.449248e-03 1.943111e-05
1.359349e+02 4.890200e+02 1.000799e+00 1.439761e+07 -8.644697e+04 5.288970e-02 1.335144e-05
1.412529e+02 5.082183e+02 1.001544e+00 1.473998e+07 -1.963414e+05 -6.143570e-03 5.602837e-06
1.467791e+02 5.280734e+02 9.876367e-01 1.541935e+07 -9.253831e+04 1.058853e-02 6.675720e-06
1.525214e+02 5.486957e+02 9.961799e-01 1.589182e+07 4.989893e+04 6.452322e-02 8.940697e-06
1.584884e+02 5.703393e+02 1.019527e+00 1.681253e+07 -3.424502e+05 -1.479930e-02 1.728535e-05
1.646888e+02 5.924404e+02 1.021364e+00 1.763130e+07 3.671493e+05 -4.044724e-02 -1.329184e-05
1.711318e+02 6.156454e+02 1.030885e+00 1.833203e+07 3.141630e+05 -5.681205e-02 1.561642e-05
1.778269e+02 6.398213e+02 1.042334e+00 1.953578e+07 1.822396e+05 -1.231503e-02 4.231930e-05
1.847839e+02 6.649199e+02 1.019730e+00 1.922852e+07 7.910398e+04 -2.205551e-03 1.513958e-05
1.920130e+02 6.909681e+02 9.895498e-01 1.960162e+07 -2.052698e+04 -9.074211e-04 3.206730e-05
1.995250e+02 7.180554e+02 1.007295e+00 2.097278e+07 -1.847429e+05 6.022143e-02 4.053116e-06
2.073309e+02 7.459953e+02 1.012962e+00 2.165269e+07 5.542286e+05 4.962528e-02 1.394749e-05
2.154421e+02 7.754772e+02 1.015886e+00 2.226222e+07 -4.435831e+05 -2.144295e-02 2.884865e-05
2.238707e+02 8.057051e+02 9.687279e-01 2.161965e+07 1.668860e+02 3.900552e-02 -9.584427e-05
2.326290e+02 8.372773e+02 9.900029e-01 2.332115e+07 -3.472899e+05 -2.316844e-02 -1.192689e-04
2.417300e+02 8.702410e+02 1.087186e+00 2.720961e+07 -1.263327e+06 6.112051e-02 -9.143353e-05
2.511870e+02 9.037780e+02 1.055276e+00 2.673721e+07 1.188896e+06 4.962122e-02 5.984306e-05
2.610140e+02 9.391302e+02 1.083661e+00 2.861706e+07 1.389160e+06 -3.118891e-02 1.016855e-04
2.712255e+02 9.758317e+02 1.133897e+00 3.216249e+07 1.986612e+06 6.352782e-03 9.655952e-05
2.818365e+02 1.014443e+03 1.019370e+00 3.019629e+07 -1.291698e+05 5.571973e-02 1.394749e-05
2.928625e+02 1.053760e+03 1.101545e+00 3.304645e+07 1.905839e+06 -5.157459e-02 -1.627207e-05
3.043200e+02 1.095208e+03 9.844350e-01 3.016961e+07 3.748261e+05 8.454394e-02 -3.886223e-05
3.162257e+02 1.137719e+03 1.161401e+00 3.756993e+07 2.508297e+06 -7.656467e-02 4.601479e-05
3.285971e+02 1.183078e+03 1.174714e+00 4.020646e+07 -2.478925e+06 2.961838e-02 7.128716e-05
3.414526e+02 1.229379e+03 1.149643e+00 4.084634e+07 -2.814700e+06 1.454675e-02 -8.934736e-05
3.548110e+02 1.277325e+03 1.029886e+00 3.890645e+07 -1.655176e+06 6.667650e-02 -2.022386e-04
3.686920e+02 1.326988e+03 9.862958e-01 3.919186e+07 3.404475e+05 -8.457303e-02 1.704693e-05
3.831161e+02 1.378738e+03 1.026630e+00 4.081252e+07 2.100762e+06 -1.714933e-02 1.217127e-04
3.981045e+02 1.433127e+03 1.013543e+00 4.287618e+07 -1.521333e+06 -2.897435e-02 -6.443262e-05
4.136792e+02 1.489383e+03 1.104101e+00 4.761831e+07 -4.222884e+06 -6.592858e-02 -3.015995e-05
4.298633e+02 1.547123e+03 1.003132e+00 4.599095e+07 1.303714e+06 3.371668e-02 -7.688999e-05
4.466805e+02 1.607128e+03 1.209311e+00 5.636748e+07 6.780914e+06 -6.499177e-02 8.940697e-06
4.641557e+02 1.670046e+03 1.219347e+00 5.684394e+07 5.879729e+06 -6.916064e-02 1.015663e-04
4.823145e+02 1.735929e+03 9.877912e-01 5.019417e+07 1.368466e+06 -8.917868e-03 3.247261e-04
5.011837e+02 1.804163e+03 9.650455e-01 5.133305e+07 -7.743512e+04 -2.728760e-02 5.483627e-05
5.207911e+02 1.875405e+03 1.300290e+00 7.033873e+07 -8.952435e+06 -3.704178e-02 -3.619194e-04
5.411657e+02 1.948873e+03 1.330743e+00 7.988518e+07 -1.009193e+07 -6.564355e-02 -2.422333e-04
5.623373e+02 2.023663e+03 1.110514e+00 6.859597e+07 4.156130e+06 -8.383048e-02 -2.636313e-04
5.843372e+02 2.104251e+03 1.359253e+00 8.668270e+07 -9.051899e+06 -7.440513e-02 6.008148e-05
6.071978e+02 2.186125e+03 1.085794e+00 7.114370e+07 -5.415118e+06 1.302731e-02 -1.884103e-04
6.309528e+02 2.272157e+03 1.421692e+00 1.052606e+08 -1.699835e+07 -8.442944e-02 -4.237890e-05
6.556371e+02 2.358856e+03 1.447444e+00 1.142212e+08 1.473671e+07 -6.205547e-02 -2.079010e-04
6.812871e+02 2.451515e+03 1.241148e+00 9.677686e+07 1.215598e+07 -4.394144e-02 -3.519058e-04
7.079406e+02 2.547003e+03 1.417001e+00 1.136168e+08 1.343900e+07 -7.583541e-02 3.041029e-04
7.356368e+02 2.648709e+03 1.032746e+00 8.329462e+07 -6.463163e+06 -3.277802e-02 3.564358e-04
7.644166e+02 2.752641e+03 1.302152e+00 1.178362e+08 -1.346303e+07 -9.896898e-02 -8.374453e-05
7.943223e+02 2.858240e+03 1.263453e+00 1.165715e+08 2.152697e+07 3.940463e-03 -5.286932e-05
8.253980e+02 2.971270e+03 8.361343e-01 8.048729e+07 -5.313652e+05 -4.036611e-02 3.904104e-04
8.576895e+02 3.087135e+03 8.151438e-01 8.235550e+07 -4.176156e+06 -9.960711e-02 -1.795888e-04
8.912442e+02 3.209423e+03 1.460976e+00 1.643649e+08 -1.738018e+07 -6.673986e-02 9.334087e-05
9.261117e+02 3.335309e+03 1.583054e+00 1.804411e+08 -2.703554e+07 -1.734599e-01 1.410246e-04
9.623433e+02 3.462965e+03 1.197292e+00 1.366848e+08 1.672866e+07 -2.654475e-02 4.636049e-04
