#./overdamped_3d --dev=1 --amp=40.0 --omega=1.0 --force=0 --Dg=0.01 --block=256 --paths=65536 --periods=1000 --trans=100 --samples=100 --spp=1000 --algorithm=euler --pav=1 --mode=moments --domain=1d --domainx=l:-2:3:300:1 --domainy=a:0:10:100:0 --domainz=D:-6:-1:100:1 --q=2 --eps=0 --phi=1.57079632679 --lambda=0 --zeta=0.0333333333333 --comp=0 --mean=0.0 --second=10 --skew=0.0 --distribution=r>> comp_r_l:-2:3:300:1_0.0_10_0.0333333333333_40.0.dat
#l <<v>> qnu(q) mu_q Dx Gx EBx
1.000000e-02 -2.398999e-08 -6.655521e-05 7.413171e+00 5.899279e-04 -2.248582e-01 2.796650e-04
1.039122e-02 2.529700e-10 7.036384e-05 7.413123e+00 5.899161e-04 -2.246640e-01 2.737045e-04
1.079775e-02 1.458794e-08 1.420537e-05 7.388723e+00 5.879659e-04 -2.188706e-01 2.731085e-04
1.122018e-02 3.162125e-09 2.869163e-06 7.397979e+00 5.887021e-04 -2.211202e-01 2.802610e-04
1.165914e-02 3.372933e-10 7.730346e-05 7.399369e+00 5.888122e-04 -2.213530e-01 2.700090e-04
1.211527e-02 -1.884626e-08 4.455663e-05 7.448957e+00 5.927657e-04 -2.332245e-01 2.617836e-04
1.258925e-02 -1.631656e-08 2.429042e-05 7.395134e+00 5.884716e-04 -2.203990e-01 2.690554e-04
1.308177e-02 -9.486374e-09 7.723241e-05 7.369100e+00 5.864197e-04 -2.140307e-01 2.810955e-04
1.359356e-02 -1.328092e-08 -7.591078e-05 7.427827e+00 5.910732e-04 -2.283903e-01 2.741814e-04
1.412537e-02 1.741277e-08 -1.737406e-05 7.429446e+00 5.912169e-04 -2.286662e-01 2.832413e-04
1.467799e-02 1.547333e-08 -5.143739e-05 7.438432e+00 5.919205e-04 -2.308792e-01 2.543926e-04
1.525222e-02 2.403215e-09 -9.077162e-05 7.451068e+00 5.929204e-04 -2.339445e-01 2.576113e-04
1.584893e-02 2.900722e-08 6.755086e-05 7.383955e+00 5.875941e-04 -2.176203e-01 2.660751e-04
1.646897e-02 -9.402051e-09 3.085153e-05 7.471762e+00 5.945795e-04 -2.386422e-01 2.747774e-04
1.711327e-02 -8.769626e-09 4.774151e-05 7.379876e+00 5.872662e-04 -2.166773e-01 2.778769e-04
1.778278e-02 3.630119e-08 5.678176e-05 7.482038e+00 5.954016e-04 -2.410196e-01 2.825260e-04
1.847849e-02 -1.412416e-08 2.767730e-05 7.433005e+00 5.914956e-04 -2.294576e-01 2.633333e-04
1.920141e-02 -2.926019e-08 -7.982309e-05 7.377495e+00 5.870766e-04 -2.163051e-01 2.783537e-04
1.995261e-02 4.848591e-09 -6.250978e-05 7.364902e+00 5.860751e-04 -2.132317e-01 2.615452e-04
2.073320e-02 -1.454577e-08 -2.307064e-05 7.402055e+00 5.890440e-04 -2.221392e-01 2.702475e-04
2.154433e-02 -3.204286e-09 -4.438537e-06 7.405124e+00 5.892627e-04 -2.228667e-01 2.799034e-04
2.238719e-02 6.914513e-09 -2.395386e-06 7.413610e+00 5.899640e-04 -2.248784e-01 2.702475e-04
2.326303e-02 7.715584e-09 4.631381e-05 7.377135e+00 5.870505e-04 -2.160184e-01 2.741814e-04
2.417313e-02 -3.752388e-09 -2.226024e-05 7.454119e+00 5.931733e-04 -2.345572e-01 2.779961e-04
2.511884e-02 -2.377918e-08 2.915377e-05 7.364895e+00 5.860803e-04 -2.130885e-01 2.629757e-04
2.610155e-02 8.853949e-10 -2.254899e-06 7.416303e+00 5.901604e-04 -2.255273e-01 2.810955e-04
2.712270e-02 8.853949e-10 -1.113833e-04 7.395140e+00 5.884783e-04 -2.206318e-01 2.642870e-04
2.818380e-02 -1.686467e-10 -1.212128e-05 7.348119e+00 5.847413e-04 -2.090971e-01 2.914667e-04
2.928642e-02 -1.939436e-09 6.024415e-05 7.391717e+00 5.882215e-04 -2.195159e-01 2.795458e-04
3.043217e-02 -6.450734e-09 7.820402e-05 7.358538e+00 5.855622e-04 -2.114603e-01 2.652407e-04
3.162274e-02 8.474494e-09 1.041945e-05 7.446620e+00 5.925734e-04 -2.327277e-01 2.628565e-04
3.285990e-02 -9.823667e-09 4.248449e-05 7.436728e+00 5.917951e-04 -2.303063e-01 2.601147e-04
3.414545e-02 6.619381e-09 -7.594522e-06 7.331431e+00 5.834086e-04 -2.050023e-01 2.770424e-04
3.548130e-02 -2.449593e-08 -2.924304e-06 7.365057e+00 5.861050e-04 -2.131476e-01 2.775192e-04
3.686940e-02 9.865829e-09 -2.986144e-05 7.390217e+00 5.880850e-04 -2.193264e-01 2.809763e-04
3.831182e-02 2.150245e-09 9.469159e-05 7.415170e+00 5.900810e-04 -2.250877e-01 2.709627e-04
3.981066e-02 -2.158677e-08 2.111994e-07 7.295963e+00 5.806022e-04 -1.962425e-01 2.683401e-04
4.136815e-02 -1.614792e-08 1.548442e-06 7.382039e+00 5.874410e-04 -2.172605e-01 2.557039e-04
4.298656e-02 4.595621e-09 5.411989e-05 7.435293e+00 5.916820e-04 -2.299570e-01 2.782345e-04
4.466829e-02 1.631656e-08 3.212290e-05 7.462272e+00 5.938248e-04 -2.363977e-01 2.934933e-04
4.641582e-02 1.096203e-08 -6.780722e-06 7.359182e+00 5.856312e-04 -2.117419e-01 2.589226e-04
4.823171e-02 -2.972397e-08 3.417827e-05 7.446499e+00 5.925705e-04 -2.326609e-01 2.683401e-04
5.011865e-02 -1.319660e-08 2.873870e-05 7.367600e+00 5.862841e-04 -2.137540e-01 2.814531e-04
5.207940e-02 1.644305e-08 -3.622144e-05 7.362319e+00 5.858755e-04 -2.125658e-01 2.747774e-04
5.411686e-02 3.153692e-08 -2.556727e-05 7.413444e+00 5.899324e-04 -2.248870e-01 2.893209e-04
5.623404e-02 7.504775e-09 -1.840265e-05 7.387887e+00 5.879062e-04 -2.187302e-01 2.774000e-04
5.843404e-02 -1.855113e-08 -6.653670e-05 7.402948e+00 5.890991e-04 -2.224308e-01 2.819300e-04
6.072012e-02 5.691824e-09 7.103815e-05 7.420382e+00 5.904878e-04 -2.263964e-01 2.849102e-04
6.309562e-02 1.488307e-08 -8.288726e-05 7.354166e+00 5.852147e-04 -2.106637e-01 2.614260e-04
6.556407e-02 1.775006e-08 1.377626e-05 7.458086e+00 5.935038e-04 -2.354041e-01 2.543926e-04
6.812909e-02 3.394014e-08 3.860304e-05 7.406655e+00 5.893948e-04 -2.231497e-01 2.858639e-04
7.079445e-02 1.526252e-08 2.096797e-06 7.422659e+00 5.906723e-04 -2.270433e-01 2.663136e-04
7.356408e-02 -6.872351e-09 -3.612188e-05 7.397691e+00 5.886761e-04 -2.211259e-01 2.797842e-04
7.644208e-02 -6.155603e-09 1.693796e-06 7.439474e+00 5.920118e-04 -2.310071e-01 2.681017e-04
7.943267e-02 -2.656185e-09 4.389346e-05 7.383187e+00 5.875421e-04 -2.174709e-01 2.739429e-04
8.254025e-02 3.457256e-09 3.226763e-05 7.359514e+00 5.856403e-04 -2.117645e-01 2.779961e-04
8.576941e-02 -1.180527e-09 -2.050831e-05 7.375249e+00 5.869005e-04 -2.156554e-01 2.671480e-04
8.912491e-02 -5.438854e-09 2.969780e-06 7.378922e+00 5.871861e-04 -2.165372e-01 2.685785e-04
9.261168e-02 -2.786886e-08 -1.217691e-05 7.361013e+00 5.857673e-04 -2.121921e-01 2.716780e-04
9.623486e-02 -1.812951e-08 -4.350652e-05 7.351633e+00 5.850219e-04 -2.099812e-01 2.608299e-04
9.999978e-02 -1.252201e-08 -3.873846e-05 7.354385e+00 5.852382e-04 -2.106633e-01 2.906322e-04
1.039120e-01 -7.968554e-09 3.140666e-05 7.376123e+00 5.869710e-04 -2.157942e-01 2.837181e-04
1.079773e-01 1.420848e-08 -1.227899e-04 7.383286e+00 5.875304e-04 -2.177832e-01 2.874136e-04
1.122016e-01 1.193175e-08 3.780727e-05 7.378600e+00 5.871711e-04 -2.163819e-01 2.549887e-04
1.165912e-01 -8.263686e-09 -5.054799e-05 7.380382e+00 5.873146e-04 -2.169620e-01 2.883673e-04
1.211525e-01 2.116515e-08 2.781446e-05 7.473528e+00 5.947116e-04 -2.390608e-01 2.585649e-04
1.258922e-01 2.580294e-08 -3.103389e-06 7.399444e+00 5.888302e-04 -2.214708e-01 2.781153e-04
1.308174e-01 2.108083e-10 9.615695e-06 7.416469e+00 5.901781e-04 -2.255260e-01 2.715588e-04
1.359353e-01 -9.275566e-10 -5.145124e-05 7.362240e+00 5.858635e-04 -2.125682e-01 2.790689e-04
1.412534e-01 -4.637783e-10 5.931598e-05 7.450250e+00 5.928648e-04 -2.335006e-01 2.809763e-04
1.467796e-01 -4.195086e-08 -1.309952e-04 7.422318e+00 5.906416e-04 -2.271782e-01 2.839565e-04
1.525219e-01 -2.710995e-08 -6.100558e-05 7.412014e+00 5.898353e-04 -2.245772e-01 2.683401e-04
1.584889e-01 -1.496739e-08 3.302609e-05 7.424078e+00 5.907865e-04 -2.273108e-01 2.816916e-04
1.646893e-01 -3.655416e-08 -7.108333e-05 7.398138e+00 5.887245e-04 -2.212645e-01 2.793074e-04
1.711324e-01 4.300490e-09 1.149911e-05 7.362052e+00 5.858563e-04 -2.124158e-01 2.602339e-04
1.778274e-01 2.782670e-09 -7.849779e-05 7.430785e+00 5.913154e-04 -2.291085e-01 2.663136e-04
1.847845e-01 -1.694899e-08 1.002500e-05 7.438880e+00 5.919573e-04 -2.308806e-01 2.814531e-04
1.920137e-01 -1.205824e-08 8.775009e-05 7.381007e+00 5.873534e-04 -2.168981e-01 2.774000e-04
1.995257e-01 -6.998836e-09 -2.604541e-05 7.373578e+00 5.867670e-04 -2.152870e-01 2.670288e-04
2.073316e-01 1.652737e-08 -2.727617e-05 7.429397e+00 5.912145e-04 -2.286777e-01 2.970695e-04
2.154428e-01 -7.293968e-09 -2.821157e-05 7.407122e+00 5.894357e-04 -2.233561e-01 2.876520e-04
2.238715e-01 3.710226e-09 -1.150159e-04 7.360262e+00 5.857064e-04 -2.122102e-01 2.874136e-04
2.326298e-01 -1.138365e-08 -4.313083e-05 7.409148e+00 5.896052e-04 -2.238665e-01 2.818108e-04
2.417308e-01 -3.073585e-08 -1.608541e-05 7.373985e+00 5.867947e-04 -2.153627e-01 2.752542e-04
2.511879e-01 -1.239553e-08 -3.677597e-05 7.382642e+00 5.874856e-04 -2.174932e-01 2.925396e-04
2.610149e-01 1.201607e-08 8.625684e-07 7.419927e+00 5.904653e-04 -2.263640e-01 2.881289e-04
2.712264e-01 -3.963196e-09 -2.218386e-05 7.418835e+00 5.903550e-04 -2.261854e-01 2.825260e-04
2.818374e-01 -9.907991e-09 1.368369e-05 7.421535e+00 5.905837e-04 -2.267352e-01 2.909899e-04
2.928635e-01 -1.783438e-08 5.447629e-05 7.382676e+00 5.874883e-04 -2.173352e-01 2.826452e-04
3.043210e-01 2.487538e-09 5.444624e-05 7.357496e+00 5.854730e-04 -2.112558e-01 2.881289e-04
3.162267e-01 1.791871e-08 -2.783984e-05 7.460080e+00 5.936583e-04 -2.359640e-01 2.719164e-04
3.285983e-01 -8.853949e-10 1.145384e-05 7.412428e+00 5.898459e-04 -2.246003e-01 2.987385e-04
3.414538e-01 2.968181e-08 -1.379219e-06 7.421947e+00 5.906096e-04 -2.268884e-01 2.727509e-04
3.548123e-01 4.114978e-08 -2.074418e-05 7.474156e+00 5.947695e-04 -2.392699e-01 2.936125e-04
3.686934e-01 -1.370254e-08 -1.658801e-05 7.405773e+00 5.893293e-04 -2.230051e-01 2.979040e-04
3.831175e-01 8.558818e-09 -9.917240e-05 7.419614e+00 5.904327e-04 -2.264567e-01 2.931356e-04
3.981059e-01 2.196623e-08 -2.015221e-05 7.411343e+00 5.897683e-04 -2.243702e-01 2.918243e-04
4.136808e-01 9.950153e-09 -6.118508e-05 7.366426e+00 5.861830e-04 -2.136061e-01 2.707243e-04
4.298649e-01 -3.752388e-09 -4.762776e-05 7.473344e+00 5.947109e-04 -2.391223e-01 2.745390e-04
4.466822e-01 6.450734e-09 7.802244e-05 7.375814e+00 5.869403e-04 -2.156510e-01 3.052950e-04
4.641575e-01 3.153692e-08 2.382683e-05 7.387364e+00 5.878595e-04 -2.185034e-01 2.778769e-04
4.823164e-01 -1.644305e-09 -2.392356e-05 7.383976e+00 5.875917e-04 -2.177870e-01 2.921820e-04
5.011858e-01 -1.433497e-09 5.698701e-05 7.436451e+00 5.917687e-04 -2.302258e-01 2.896786e-04
5.207933e-01 -8.432333e-10 -6.060210e-05 7.447714e+00 5.926785e-04 -2.330734e-01 2.954006e-04
5.411680e-01 -3.288610e-09 6.316871e-05 7.394782e+00 5.884482e-04 -2.202709e-01 2.779961e-04
5.623397e-01 -1.614792e-08 -2.507296e-06 7.410929e+00 5.897267e-04 -2.242414e-01 2.777576e-04
5.843398e-01 -1.370254e-08 6.798308e-05 7.403594e+00 5.891499e-04 -2.223508e-01 2.819300e-04
6.072005e-01 2.373702e-08 -8.842470e-06 7.437279e+00 5.918374e-04 -2.305260e-01 2.977848e-04
6.309556e-01 -3.077801e-09 -5.772278e-06 7.437860e+00 5.918812e-04 -2.306680e-01 2.994537e-04
6.556400e-01 -1.635872e-08 2.588772e-05 7.372523e+00 5.866809e-04 -2.149032e-01 3.005266e-04
6.812901e-01 4.216166e-10 1.448726e-05 7.470470e+00 5.944838e-04 -2.383705e-01 3.005266e-04
7.079438e-01 1.311228e-08 -7.037830e-05 7.370546e+00 5.865215e-04 -2.146250e-01 3.142357e-04
7.356402e-01 -2.795318e-08 5.137565e-05 7.400447e+00 5.889072e-04 -2.216256e-01 2.956390e-04
7.644201e-01 7.336129e-09 6.962395e-05 7.364265e+00 5.860177e-04 -2.128696e-01 2.880096e-04
7.943260e-01 -1.349173e-09 2.352825e-05 7.414665e+00 5.900421e-04 -2.250807e-01 3.050566e-04
8.254018e-01 1.627440e-08 8.111580e-05 7.366079e+00 5.861735e-04 -2.132996e-01 2.918243e-04
8.576935e-01 -2.137596e-08 -2.357274e-05 7.394788e+00 5.884535e-04 -2.204046e-01 2.928972e-04
8.912484e-01 3.554228e-08 -4.828962e-05 7.356819e+00 5.854336e-04 -2.112421e-01 2.912283e-04
9.261161e-01 8.853949e-09 6.249371e-05 7.456870e+00 5.934028e-04 -2.350481e-01 3.057718e-04
9.623479e-01 9.402051e-09 -3.137243e-05 7.380216e+00 5.873000e-04 -2.168938e-01 3.000498e-04
9.999971e-01 1.530468e-08 4.519423e-05 7.440956e+00 5.921286e-04 -2.313023e-01 2.980232e-04
1.039119e+00 -1.408200e-08 -4.376900e-05 7.451754e+00 5.929929e-04 -2.339972e-01 3.093481e-04
1.079772e+00 1.391335e-09 8.114625e-05 7.434837e+00 5.916364e-04 -2.298268e-01 3.198385e-04
1.122015e+00 2.812183e-08 2.938601e-05 7.464045e+00 5.939657e-04 -2.368259e-01 2.973080e-04
1.165911e+00 4.005358e-09 4.567746e-05 7.433457e+00 5.915151e-04 -2.295426e-01 3.112555e-04
1.211524e+00 1.193175e-08 -2.533504e-05 7.405395e+00 5.892891e-04 -2.229268e-01 3.043413e-04
1.258922e+00 2.445376e-09 -5.155215e-05 7.400009e+00 5.888609e-04 -2.217066e-01 3.011227e-04
1.308174e+00 -2.542348e-08 -3.343458e-05 7.409800e+00 5.896568e-04 -2.240140e-01 3.086329e-04
1.359353e+00 -1.488307e-08 6.279106e-05 7.385056e+00 5.876891e-04 -2.179211e-01 3.027916e-04
1.412534e+00 -2.289378e-08 1.480311e-05 7.434466e+00 5.916033e-04 -2.298167e-01 3.269911e-04
1.467795e+00 -2.614023e-09 6.726820e-05 7.398478e+00 5.887415e-04 -2.211214e-01 3.187656e-04
1.525219e+00 1.981598e-09 -8.919283e-06 7.429779e+00 5.912389e-04 -2.287480e-01 3.017187e-04
1.584889e+00 1.155230e-08 -7.002361e-05 7.420676e+00 5.905261e-04 -2.266564e-01 3.218651e-04
1.646893e+00 1.475658e-09 -2.840048e-05 7.416178e+00 5.901644e-04 -2.255102e-01 3.160238e-04
1.711323e+00 1.277498e-08 -2.291400e-05 7.364588e+00 5.860542e-04 -2.130783e-01 3.132820e-04
1.778274e+00 -8.938272e-09 3.626347e-05 7.370399e+00 5.865082e-04 -2.144096e-01 3.237724e-04
1.847844e+00 -6.745866e-10 9.938337e-05 7.410415e+00 5.896818e-04 -2.239509e-01 3.347397e-04
1.920137e+00 -8.095039e-09 -5.051279e-05 7.433452e+00 5.915597e-04 -2.296579e-01 3.269911e-04
1.995257e+00 1.973166e-08 -1.709159e-05 7.428861e+00 5.911588e-04 -2.285488e-01 3.267527e-04
2.073316e+00 1.146797e-08 4.019033e-05 7.400402e+00 5.889057e-04 -2.216259e-01 3.393888e-04
2.154429e+00 1.644305e-09 2.673895e-05 7.437499e+00 5.918658e-04 -2.305245e-01 3.241301e-04
2.238715e+00 2.951316e-09 2.205992e-05 7.359135e+00 5.856334e-04 -2.116693e-01 3.310442e-04
2.326299e+00 -9.823667e-09 8.174768e-05 7.449848e+00 5.928421e-04 -2.333501e-01 3.358126e-04
2.417309e+00 -1.463010e-08 -3.291534e-05 7.402348e+00 5.890576e-04 -2.222083e-01 3.374815e-04
2.511880e+00 7.293968e-09 -2.216301e-06 7.433735e+00 5.915411e-04 -2.296811e-01 3.328323e-04
2.610151e+00 -7.546937e-09 -5.844559e-05 7.455826e+00 5.933144e-04 -2.349868e-01 3.330708e-04
2.712266e+00 1.534685e-08 -1.820978e-05 7.416801e+00 5.902080e-04 -2.256574e-01 3.341436e-04
2.818376e+00 2.727860e-08 -7.091204e-06 7.408532e+00 5.895632e-04 -2.236458e-01 3.520250e-04
2.928637e+00 1.108852e-08 8.312088e-05 7.445091e+00 5.924554e-04 -2.322292e-01 3.468990e-04
3.043212e+00 9.106919e-09 3.075265e-05 7.479849e+00 5.952203e-04 -2.405308e-01 3.536940e-04
3.162270e+00 -2.276730e-08 -4.893077e-05 7.387101e+00 5.878436e-04 -2.185668e-01 3.331900e-04
3.285985e+00 -1.791871e-08 -1.141357e-07 7.436735e+00 5.917943e-04 -2.303720e-01 3.458261e-04
3.414541e+00 -2.318892e-09 2.876517e-05 7.376462e+00 5.869989e-04 -2.158677e-01 3.583431e-04
3.548125e+00 3.550012e-08 2.568011e-05 7.399688e+00 5.888388e-04 -2.214884e-01 3.511906e-04
3.686936e+00 2.196623e-08 6.692598e-05 7.418669e+00 5.903615e-04 -2.259413e-01 3.623962e-04
3.831177e+00 3.760820e-08 -6.403161e-05 7.415046e+00 5.900590e-04 -2.253084e-01 3.502369e-04
3.981061e+00 -4.174005e-09 -1.425102e-04 7.422631e+00 5.906666e-04 -2.272508e-01 3.461838e-04
4.136810e+00 -2.065921e-08 1.696256e-05 7.419234e+00 5.904034e-04 -2.261632e-01 3.547668e-04
4.298651e+00 -3.027207e-08 -7.371952e-05 7.424853e+00 5.908522e-04 -2.276635e-01 3.656149e-04
4.466824e+00 3.457256e-09 1.476267e-05 7.461862e+00 5.937982e-04 -2.363132e-01 3.855228e-04
4.641576e+00 4.439623e-08 -5.828575e-07 7.418156e+00 5.903088e-04 -2.259511e-01 3.625154e-04
4.823165e+00 -1.728628e-09 -9.484092e-05 7.463870e+00 5.939457e-04 -2.369577e-01 3.685951e-04
5.011858e+00 -2.108083e-08 -6.728555e-05 7.464946e+00 5.940238e-04 -2.371874e-01 3.721714e-04
5.207934e+00 1.096203e-09 -1.287466e-04 7.373065e+00 5.867388e-04 -2.152850e-01 3.892183e-04
5.411680e+00 8.516656e-09 1.090626e-04 7.421084e+00 5.905555e-04 -2.264387e-01 3.869534e-04
5.623397e+00 8.432332e-09 1.116473e-05 7.429361e+00 5.912145e-04 -2.285825e-01 3.954172e-04
5.843397e+00 2.057489e-08 3.069168e-05 7.437298e+00 5.918454e-04 -2.304453e-01 3.846884e-04
6.072004e+00 1.083555e-08 4.964981e-05 7.387505e+00 5.878874e-04 -2.184861e-01 3.916025e-04
6.309555e+00 1.226904e-08 1.614648e-05 7.398172e+00 5.887130e-04 -2.211346e-01 3.893375e-04
6.556399e+00 2.694130e-08 1.588559e-05 7.438086e+00 5.918948e-04 -2.306648e-01 3.879070e-04
6.812900e+00 3.077801e-09 1.669591e-05 7.365509e+00 5.861198e-04 -2.132338e-01 3.799200e-04
7.079436e+00 -3.752388e-09 8.162020e-05 7.441200e+00 5.921480e-04 -2.313058e-01 3.944635e-04
7.356400e+00 -4.114978e-08 1.449467e-05 7.401818e+00 5.890100e-04 -2.219865e-01 3.974438e-04
7.644198e+00 3.752388e-09 7.163317e-06 7.375744e+00 5.869512e-04 -2.157207e-01 3.992319e-04
7.943257e+00 -1.884626e-08 2.100502e-06 7.398777e+00 5.887853e-04 -2.212372e-01 3.907681e-04
8.254015e+00 1.049825e-08 1.691658e-05 7.428249e+00 5.911157e-04 -2.283064e-01 4.037619e-04
8.576931e+00 2.065921e-09 2.923914e-05 7.446317e+00 5.925676e-04 -2.325752e-01 3.826618e-04
8.912479e+00 -3.668065e-09 -1.062581e-05 7.408854e+00 5.895837e-04 -2.237065e-01 4.001856e-04
9.261156e+00 1.513604e-08 -1.085490e-04 7.430725e+00 5.913098e-04 -2.290961e-01 4.105568e-04
9.623473e+00 -2.019544e-08 -4.788709e-05 7.455316e+00 5.932662e-04 -2.348455e-01 4.025698e-04
9.999966e+00 -5.649663e-09 2.955079e-05 7.483212e+00 5.954837e-04 -2.412933e-01 4.117489e-04
1.039119e+01 3.035640e-08 -7.552410e-05 7.423257e+00 5.907048e-04 -2.272524e-01 4.063845e-04
1.079772e+01 -2.124948e-08 4.673790e-05 7.417527e+00 5.902646e-04 -2.256404e-01 4.075766e-04
1.122015e+01 -2.626672e-08 -3.921751e-05 7.416473e+00 5.901844e-04 -2.255829e-01 3.973246e-04
1.165910e+01 1.728628e-08 -9.909876e-05 7.427861e+00 5.910824e-04 -2.283772e-01 4.198551e-04
1.211523e+01 8.390170e-09 8.336492e-05 7.401993e+00 5.890353e-04 -2.219094e-01 4.022121e-04
1.258921e+01 2.053273e-08 2.249182e-04 7.437262e+00 5.918470e-04 -2.300782e-01 4.208088e-04
1.308173e+01 -1.319660e-08 4.939190e-05 7.455792e+00 5.933193e-04 -2.347597e-01 4.283190e-04
1.359352e+01 -3.752388e-08 5.254996e-05 7.445023e+00 5.924623e-04 -2.322032e-01 4.214048e-04
1.412532e+01 2.339972e-08 -5.107238e-05 7.400912e+00 5.889531e-04 -2.218305e-01 4.258156e-04
1.467794e+01 -3.579525e-08 -1.180645e-05 7.412023e+00 5.898220e-04 -2.244321e-01 4.236698e-04
1.525217e+01 2.243000e-08 -1.317008e-04 7.464100e+00 5.939748e-04 -2.370139e-01 4.245043e-04
1.584887e+01 1.720196e-08 -2.082354e-05 7.463356e+00 5.939059e-04 -2.366613e-01 4.292727e-04
1.646892e+01 -6.830189e-09 7.749907e-05 7.413743e+00 5.899750e-04 -2.246973e-01 4.323721e-04
1.711322e+01 -1.593711e-08 -1.885064e-04 7.397998e+00 5.887236e-04 -2.213018e-01 4.161596e-04
1.778273e+01 1.113068e-08 -3.584071e-05 7.397098e+00 5.886412e-04 -2.208837e-01 4.258156e-04
1.847843e+01 6.071279e-09 3.049555e-05 7.473567e+00 5.947407e-04 -2.389538e-01 4.254580e-04
1.920134e+01 2.521267e-08 -1.894017e-05 7.445899e+00 5.925346e-04 -2.324771e-01 4.172325e-04
1.995255e+01 -6.239926e-09 2.562019e-05 7.427030e+00 5.910247e-04 -2.279286e-01 4.099607e-04
2.073313e+01 1.517820e-09 -1.046140e-04 7.455186e+00 5.932474e-04 -2.348299e-01 4.321337e-04
2.154426e+01 4.026439e-08 7.950546e-05 7.363737e+00 5.859852e-04 -2.126276e-01 4.256964e-04
2.238712e+01 7.420453e-09 7.877764e-05 7.498637e+00 5.967287e-04 -2.447410e-01 4.187822e-04
2.326295e+01 -1.083555e-08 5.013592e-05 7.430029e+00 5.912705e-04 -2.285755e-01 4.259348e-04
2.417306e+01 -2.040624e-08 -1.058886e-04 7.458513e+00 5.935332e-04 -2.355845e-01 4.310608e-04
2.511876e+01 4.055952e-08 -1.190952e-04 7.429752e+00 5.912289e-04 -2.288030e-01 4.202127e-04
2.610146e+01 -1.083555e-08 3.365291e-05 7.497943e+00 5.966649e-04 -2.446770e-01 4.291534e-04
2.712261e+01 -2.685698e-08 5.628614e-05 7.555727e+00 6.012720e-04 -2.580224e-01 4.242659e-04
2.818371e+01 4.136059e-08 5.283724e-05 7.486992e+00 5.957951e-04 -2.420167e-01 4.208088e-04
2.928632e+01 -4.169788e-08 1.333569e-05 7.463838e+00 5.939616e-04 -2.366341e-01 4.123449e-04
3.043207e+01 -1.922572e-08 -1.976214e-05 7.471045e+00 5.945167e-04 -2.384064e-01 4.100800e-04
3.162264e+01 -1.344957e-08 -1.558569e-05 7.492397e+00 5.962297e-04 -2.434063e-01 4.211664e-04
3.285979e+01 1.007664e-08 -8.562051e-05 7.499955e+00 5.968079e-04 -2.452977e-01 4.212856e-04
3.414534e+01 -1.138365e-08 2.639014e-05 7.560580e+00 6.016519e-04 -2.591708e-01 4.239082e-04
3.548118e+01 3.191638e-08 1.610375e-04 7.470547e+00 5.944903e-04 -2.379720e-01 4.175901e-04
3.686928e+01 1.222688e-08 -1.299319e-04 7.476438e+00 5.949530e-04 -2.397980e-01 4.258156e-04
3.831170e+01 5.544259e-08 -1.660457e-04 7.541067e+00 6.001024e-04 -2.549148e-01 4.189014e-04
3.981053e+01 -2.019544e-08 6.748969e-05 7.522353e+00 5.986200e-04 -2.502048e-01 4.290342e-04
4.136801e+01 8.221524e-09 7.359053e-05 7.490840e+00 5.961132e-04 -2.428301e-01 4.042387e-04
4.298642e+01 -7.293968e-09 3.745779e-05 7.533589e+00 5.995028e-04 -2.528630e-01 4.024506e-04
4.466815e+01 7.133753e-08 2.761760e-05 7.478500e+00 5.951207e-04 -2.399824e-01 4.220009e-04
4.641567e+01 -3.297042e-08 -4.012811e-05 7.483462e+00 5.955028e-04 -2.412446e-01 4.202127e-04
4.823155e+01 -2.302027e-08 -8.169928e-05 7.532088e+00 5.993895e-04 -2.526396e-01 3.997087e-04
5.011848e+01 -1.188959e-08 7.319155e-05 7.564969e+00 6.019924e-04 -2.600095e-01 4.053116e-04
5.207923e+01 -6.159819e-08 8.850919e-05 7.537052e+00 5.997878e-04 -2.535309e-01 4.148483e-04
5.411669e+01 -4.300490e-09 -2.069102e-04 7.536845e+00 5.997703e-04 -2.539397e-01 3.939867e-04
5.623386e+01 -1.184743e-08 7.508331e-06 7.566960e+00 6.021515e-04 -2.605453e-01 4.060268e-04
5.843385e+01 -2.799534e-08 1.569695e-04 7.515829e+00 5.980899e-04 -2.484871e-01 3.997087e-04
6.071991e+01 -2.668833e-08 7.169818e-06 7.563872e+00 6.018984e-04 -2.598168e-01 4.007816e-04
6.309542e+01 -7.209644e-09 1.154477e-04 7.566814e+00 6.021436e-04 -2.603401e-01 3.964901e-04
6.556385e+01 -2.584510e-08 -1.021861e-05 7.570764e+00 6.024793e-04 -2.613895e-01 3.936291e-04
6.812886e+01 6.492896e-09 -1.235210e-04 7.588170e+00 6.038355e-04 -2.655253e-01 3.695488e-04
7.079421e+01 -1.964733e-08 9.150837e-05 7.560964e+00 6.016908e-04 -2.589079e-01 4.047155e-04
7.356384e+01 -1.943653e-08 -1.502065e-04 7.534661e+00 5.995972e-04 -2.532408e-01 4.010201e-04
7.644183e+01 -2.618239e-08 -8.291977e-05 7.561789e+00 6.017322e-04 -2.593952e-01 3.975630e-04
7.943240e+01 -1.125716e-08 3.762312e-05 7.610323e+00 6.056139e-04 -2.702404e-01 3.776550e-04
8.253998e+01 -4.393245e-08 -3.266507e-04 7.579970e+00 6.031861e-04 -2.639121e-01 4.085302e-04
8.576913e+01 -6.830189e-09 1.231063e-05 7.634202e+00 6.075075e-04 -2.757189e-01 3.986359e-04
8.912461e+01 -7.884231e-09 1.177495e-04 7.589171e+00 6.039414e-04 -2.652977e-01 3.919601e-04
9.261137e+01 2.428512e-08 6.655631e-05 7.614453e+00 6.059426e-04 -2.710769e-01 3.945827e-04
9.623454e+01 1.454577e-08 -1.833948e-04 7.602936e+00 6.050111e-04 -2.688615e-01 3.863573e-04
9.999945e+01 1.644305e-08 -1.550438e-04 7.679765e+00 6.111558e-04 -2.860472e-01 3.947020e-04
1.039117e+02 4.249895e-08 -2.375962e-05 7.684205e+00 6.114936e-04 -2.868841e-01 3.837347e-04
1.079769e+02 1.749709e-08 1.903897e-04 7.677947e+00 6.109900e-04 -2.851005e-01 3.879070e-04
1.122012e+02 -2.108083e-10 2.471385e-05 7.655164e+00 6.091949e-04 -2.802503e-01 3.706217e-04
1.165908e+02 -3.478337e-08 1.588244e-04 7.689907e+00 6.119420e-04 -2.877439e-01 3.995895e-04
1.211521e+02 -3.583741e-08 1.144446e-04 7.740355e+00 6.159659e-04 -2.990177e-01 3.699064e-04
1.258918e+02 -3.689145e-08 -3.940281e-04 7.660214e+00 6.095903e-04 -2.819724e-01 3.790855e-04
1.308170e+02 3.128395e-08 -1.464443e-04 7.764983e+00 6.179296e-04 -3.047333e-01 3.696680e-04
1.359349e+02 -3.060937e-08 7.077860e-05 7.770098e+00 6.183248e-04 -3.054751e-01 3.808737e-04
1.412529e+02 -9.191243e-08 2.466926e-05 7.760632e+00 6.175559e-04 -3.034779e-01 3.625154e-04
1.467791e+02 5.362963e-08 2.189215e-04 7.805581e+00 6.211567e-04 -3.128956e-01 3.849268e-04
1.525214e+02 5.843606e-08 2.783629e-04 7.839005e+00 6.238171e-04 -3.199921e-01 3.677607e-04
1.584884e+02 1.619008e-08 -2.264648e-04 7.810575e+00 6.215515e-04 -3.146237e-01 3.709793e-04
1.646888e+02 6.661542e-09 8.571162e-05 7.782451e+00 6.192886e-04 -3.080494e-01 3.800392e-04
1.711318e+02 -5.814093e-08 2.289392e-04 7.881052e+00 6.271605e-04 -3.288944e-01 3.805161e-04
1.778269e+02 -1.435183e-07 -3.067031e-04 7.805809e+00 6.211760e-04 -3.135781e-01 3.700256e-04
1.847839e+02 1.602143e-08 -1.775465e-04 7.845459e+00 6.243219e-04 -3.218728e-01 3.669262e-04
1.920130e+02 -8.504007e-08 -3.053529e-04 7.859873e+00 6.254608e-04 -3.250660e-01 3.710985e-04
1.995250e+02 -2.951316e-10 -4.109879e-05 7.935516e+00 6.314848e-04 -3.406329e-01 3.656149e-04
2.073309e+02 -1.264850e-09 2.049230e-04 7.939944e+00 6.318528e-04 -3.411528e-01 3.501177e-04
2.154421e+02 4.245679e-08 2.611515e-04 7.961823e+00 6.335785e-04 -3.456025e-01 3.652573e-04
2.238707e+02 -1.328092e-08 -6.179890e-05 7.937180e+00 6.316109e-04 -3.408826e-01 3.638268e-04
2.326290e+02 5.995388e-08 -6.974603e-05 7.969922e+00 6.342330e-04 -3.476931e-01 3.706217e-04
2.417300e+02 3.334987e-08 1.420002e-04 8.008658e+00 6.373157e-04 -3.553002e-01 3.528595e-04
2.511870e+02 8.124552e-08 3.425453e-04 8.029557e+00 6.389857e-04 -3.591756e-01 3.607273e-04
2.610140e+02 1.645991e-07 1.320189e-04 8.091173e+00 6.438707e-04 -3.719439e-01 3.763437e-04
2.712255e+02 5.991172e-08 1.413539e-04 8.059212e+00 6.413471e-04 -3.654258e-01 3.591776e-04
2.818365e+02 5.986956e-09 3.851577e-06 8.081026e+00 6.430721e-04 -3.699929e-01 3.595352e-04
2.928625e+02 1.504328e-07 -1.872032e-04 8.142216e+00 6.479456e-04 -3.823512e-01 3.477335e-04
3.043200e+02 -1.203294e-07 3.797256e-04 8.166732e+00 6.498591e-04 -3.864361e-01 3.652573e-04
3.162257e+02 -8.255253e-08 -2.860766e-04 8.180122e+00 6.509562e-04 -3.899411e-01 3.594160e-04
3.285971e+02 -3.356068e-08 -1.837003e-04 8.162079e+00 6.495079e-04 -3.861419e-01 3.519058e-04
3.414526e+02 -5.358747e-08 -2.018109e-04 8.204314e+00 6.528740e-04 -3.944986e-01 3.476143e-04
3.548110e+02 -1.062895e-07 -2.481799e-04 8.317030e+00 6.618691e-04 -4.160721e-01 3.434420e-04
3.686920e+02 -6.910297e-08 -3.504742e-04 8.308953e+00 6.612093e-04 -4.147207e-01 3.412962e-04
3.831161e+02 -1.550706e-07 1.095409e-04 8.335928e+00 6.633570e-04 -4.190786e-01 3.429651e-04
3.981045e+02 -9.376754e-08 1.789912e-04 8.354855e+00 6.648418e-04 -4.224713e-01 3.669262e-04
4.136792e+02 7.618613e-08 -2.604487e-04 8.351722e+00 6.645895e-04 -4.223493e-01 3.399849e-04
4.298633e+02 -5.577988e-08 -5.893890e-04 8.458309e+00 6.730812e-04 -4.426168e-01 3.505945e-04
4.466805e+02 -5.215398e-08 2.961606e-04 8.458176e+00 6.731017e-04 -4.412562e-01 3.644228e-04
4.641557e+02 -1.261477e-07 1.879255e-05 8.492335e+00 6.757872e-04 -4.477749e-01 3.471375e-04
4.823145e+02 1.462588e-07 2.350581e-05 8.529551e+00 6.787562e-04 -4.543809e-01 3.527403e-04
5.011837e+02 -1.705018e-07 3.153197e-04 8.602286e+00 6.845501e-04 -4.669510e-01 3.448725e-04
5.207911e+02 -1.280871e-07 -1.857429e-05 8.657535e+00 6.889508e-04 -4.770067e-01 3.494024e-04
5.411657e+02 -8.221524e-08 -6.343515e-05 8.623011e+00 6.862087e-04 -4.708318e-01 3.333092e-04
5.623373e+02 1.732844e-07 9.491322e-05 8.706925e+00 6.928555e-04 -4.852893e-01 3.577471e-04
5.843372e+02 -2.951316e-08 3.761450e-04 8.766331e+00 6.975761e-04 -4.948886e-01 3.561974e-04
6.071978e+02 3.760820e-08 -1.366612e-04 8.797687e+00 7.001117e-04 -5.007597e-01 3.542900e-04
6.309528e+02 1.013566e-07 9.134730e-05 8.845200e+00 7.038936e-04 -5.083455e-01 3.545284e-04
6.556371e+02 -1.984971e-07 4.214215e-04 8.878728e+00 7.065298e-04 -5.132974e-01 3.446341e-04
6.812871e+02 5.970092e-08 1.469346e-04 8.961239e+00 7.131315e-04 -5.271971e-01 3.317595e-04
7.079406e+02 -6.003820e-08 -4.655416e-04 9.027075e+00 7.183313e-04 -5.385261e-01 3.501177e-04
7.356368e+02 8.761194e-08 3.146784e-05 9.072827e+00 7.219983e-04 -5.447941e-01 3.343821e-04
7.644166e+02 -1.550706e-07 -1.893428e-04 9.123199e+00 7.260023e-04 -5.527812e-01 3.426075e-04
7.943223e+02 1.635872e-08 -3.627003e-04 9.174616e+00 7.300906e-04 -5.608854e-01 3.314018e-04
8.253980e+02 1.461323e-07 -1.732353e-04 9.253541e+00 7.363701e-04 -5.724684e-01 3.588200e-04
8.576895e+02 -2.687384e-07 1.245716e-04 9.327391e+00 7.422275e-04 -5.830247e-01 3.697872e-04
8.912442e+02 -1.511074e-07 3.076203e-04 9.393373e+00 7.474935e-04 -5.920486e-01 3.668070e-04
9.261117e+02 7.731977e-05 1.337972e-01 1.229843e+01 9.787163e-04 -2.076288e-01 7.424355e-04
9.623433e+02 1.086162e-03 6.888700e-01 5.525204e+01 4.396843e-03 -7.082933e-02 3.971338e-03
