#./overdamped_3d --dev=1 --amp=40.0 --omega=1.0 --force=0 --Dg=0.01 --block=256 --paths=65536 --periods=1000 --trans=100 --samples=100 --spp=1000 --algorithm=euler --pav=1 --mode=moments --domain=1d --domainx=l:-2:3:300:1 --domainy=a:0:10:100:0 --domainz=D:-6:-1:100:1 --q=2 --eps=0 --phi=1.57079632679 --lambda=0 --zeta=0.0333333333333 --comp=0 --mean=0.0 --second=0 --skew=0.0 --distribution=d>> comp_d_l:-2:3:300:1_0.0_0.0333333333333_40.0.dat
#l <<v>> qnu(q) mu_q Dx Gx EBx
1.000000e-02 -1.905707e-08 -4.779367e-07 7.382570e+00 5.874992e-04 -2.173963e-01 2.690554e-04
1.039122e-02 4.722106e-09 2.155790e-05 7.463387e+00 5.939046e-04 -2.366869e-01 2.870560e-04
1.079775e-02 1.505171e-08 -1.060065e-05 7.410605e+00 5.897135e-04 -2.241531e-01 2.632141e-04
1.122018e-02 3.794550e-09 -1.165290e-05 7.406283e+00 5.893747e-04 -2.231338e-01 2.717972e-04
1.165914e-02 8.811788e-09 -2.919773e-05 7.375393e+00 5.869172e-04 -2.157217e-01 2.645254e-04
1.211527e-02 -5.902633e-10 -9.573225e-06 7.442902e+00 5.922910e-04 -2.318650e-01 2.703667e-04
1.258925e-02 4.637783e-10 -1.524434e-05 7.422496e+00 5.906660e-04 -2.270156e-01 2.754927e-04
1.308177e-02 -2.938668e-08 -2.098143e-05 7.300493e+00 5.809698e-04 -1.973676e-01 2.796650e-04
1.359356e-02 -1.715980e-08 -3.761237e-05 7.421721e+00 5.906046e-04 -2.268782e-01 2.657175e-04
1.412537e-02 3.503634e-08 5.160975e-05 7.335247e+00 5.837156e-04 -2.058074e-01 2.789497e-04
1.467799e-02 1.146797e-08 7.808142e-06 7.420242e+00 5.904827e-04 -2.264508e-01 2.763271e-04
1.525222e-02 -2.377918e-08 1.691888e-05 7.436530e+00 5.917799e-04 -2.303075e-01 2.825260e-04
1.584893e-02 1.526252e-08 -3.188670e-05 7.402259e+00 5.890502e-04 -2.222114e-01 2.666712e-04
1.646897e-02 1.408200e-08 -2.111484e-05 7.432414e+00 5.914517e-04 -2.293856e-01 2.702475e-04
1.711327e-02 2.297811e-08 3.883287e-05 7.443532e+00 5.923474e-04 -2.319359e-01 2.828836e-04
1.778278e-02 -2.065921e-09 3.948598e-06 7.446029e+00 5.925472e-04 -2.325744e-01 2.650023e-04
1.847849e-02 2.205055e-08 5.576026e-05 7.389274e+00 5.880164e-04 -2.189419e-01 2.794266e-04
1.920141e-02 6.914513e-09 5.744904e-05 7.416316e+00 5.901689e-04 -2.254502e-01 2.647638e-04
1.995261e-02 7.504775e-09 -3.920599e-05 7.410061e+00 5.896680e-04 -2.240818e-01 2.439022e-04
2.073320e-02 2.866993e-09 2.448178e-05 7.375771e+00 5.869402e-04 -2.157384e-01 2.667904e-04
2.154433e-02 2.715211e-08 4.900603e-06 7.413606e+00 5.899395e-04 -2.248949e-01 2.769232e-04
2.238719e-02 -1.281715e-08 -6.312612e-05 7.449686e+00 5.928259e-04 -2.335650e-01 2.979040e-04
2.326303e-02 1.264850e-09 -4.315873e-05 7.412049e+00 5.898364e-04 -2.245779e-01 2.665520e-04
2.417313e-02 -2.824831e-09 7.272760e-06 7.398025e+00 5.887083e-04 -2.211331e-01 2.763271e-04
2.511884e-02 2.065921e-09 -1.328088e-05 7.402096e+00 5.890389e-04 -2.221379e-01 2.629757e-04
2.610155e-02 -1.011880e-08 -4.029368e-05 7.374739e+00 5.868496e-04 -2.155967e-01 2.555847e-04
2.712270e-02 3.503634e-08 -1.108146e-04 7.433561e+00 5.915407e-04 -2.298148e-01 2.820492e-04
2.818380e-02 -2.571861e-08 -6.238773e-05 7.415269e+00 5.900993e-04 -2.253740e-01 2.659559e-04
2.928642e-02 1.285931e-08 4.193583e-05 7.417851e+00 5.902895e-04 -2.258130e-01 2.685785e-04
3.043217e-02 9.486374e-09 -6.513307e-05 7.395437e+00 5.884974e-04 -2.206237e-01 2.624989e-04
3.162274e-02 1.694899e-08 2.815543e-06 7.388007e+00 5.879192e-04 -2.187258e-01 2.744198e-04
3.285990e-02 1.113068e-08 1.342879e-05 7.369946e+00 5.864751e-04 -2.143403e-01 2.641678e-04
3.414545e-02 -1.104636e-08 1.083622e-04 7.443378e+00 5.923140e-04 -2.318132e-01 2.653599e-04
3.548130e-02 2.799534e-08 8.163557e-05 7.358799e+00 5.855875e-04 -2.115424e-01 2.781153e-04
3.686940e-02 -2.795318e-08 5.118242e-05 7.376870e+00 5.870198e-04 -2.159601e-01 2.678633e-04
3.831182e-02 3.284394e-08 -3.469901e-05 7.481400e+00 5.953527e-04 -2.410192e-01 2.672672e-04
3.981066e-02 -1.222688e-09 -6.777236e-05 7.342689e+00 5.843057e-04 -2.078216e-01 2.721548e-04
4.136815e-02 1.690683e-08 1.176051e-05 7.376510e+00 5.869947e-04 -2.159410e-01 2.790689e-04
4.298656e-02 2.023760e-08 9.934302e-05 7.405628e+00 5.893222e-04 -2.227795e-01 2.814531e-04
4.466829e-02 -5.944794e-09 5.291010e-06 7.403455e+00 5.891282e-04 -2.224381e-01 2.793074e-04
4.641582e-02 6.830189e-09 -3.200387e-05 7.428109e+00 5.911189e-04 -2.283709e-01 2.858639e-04
4.823171e-02 1.770790e-08 -7.878073e-05 7.376321e+00 5.869876e-04 -2.160206e-01 2.683401e-04
5.011865e-02 -2.866993e-09 1.671307e-05 7.417088e+00 5.902314e-04 -2.256722e-01 2.751350e-04
5.207940e-02 -1.775006e-08 5.373540e-05 7.413055e+00 5.899131e-04 -2.246593e-01 2.723932e-04
5.411686e-02 -6.282088e-09 -3.060682e-05 7.392938e+00 5.883001e-04 -2.199607e-01 2.791882e-04
5.623404e-02 2.732076e-08 8.427596e-06 7.440921e+00 5.921229e-04 -2.313759e-01 2.658367e-04
5.843404e-02 -2.116515e-08 -5.672348e-05 7.438717e+00 5.919588e-04 -2.309400e-01 2.790689e-04
6.072012e-02 -1.028745e-08 4.682017e-05 7.392247e+00 5.882620e-04 -2.196562e-01 2.735853e-04
6.309562e-02 -4.182437e-08 -1.099969e-04 7.373729e+00 5.867723e-04 -2.154438e-01 2.595186e-04
6.556407e-02 4.005358e-09 2.840053e-06 7.387142e+00 5.878402e-04 -2.185085e-01 2.759695e-04
6.812909e-02 -1.239553e-08 -4.650931e-05 7.482830e+00 5.954616e-04 -2.413677e-01 2.621412e-04
7.079445e-02 3.836711e-09 1.082067e-04 7.390578e+00 5.881281e-04 -2.191507e-01 2.689362e-04
7.356408e-02 -3.267529e-08 -5.471832e-05 7.428242e+00 5.911241e-04 -2.284549e-01 2.675056e-04
7.644208e-02 1.070906e-08 -6.491912e-06 7.402719e+00 5.890766e-04 -2.222916e-01 2.732277e-04
7.943267e-02 2.938668e-08 4.584070e-05 7.448044e+00 5.926862e-04 -2.330202e-01 2.599955e-04
8.254025e-02 4.300490e-08 -8.457756e-05 7.420549e+00 5.904880e-04 -2.266876e-01 2.751350e-04
8.576941e-02 7.167483e-09 -1.805334e-05 7.373941e+00 5.867876e-04 -2.153641e-01 2.744198e-04
8.912491e-02 1.994247e-08 2.859978e-05 7.387524e+00 5.878799e-04 -2.185857e-01 2.843142e-04
9.261168e-02 -1.429280e-08 -6.680959e-05 7.413512e+00 5.899490e-04 -2.249312e-01 2.669096e-04
9.623486e-02 6.197765e-09 -3.572145e-05 7.393854e+00 5.883550e-04 -2.202120e-01 2.756119e-04
9.999978e-02 -2.909155e-09 2.130735e-05 7.370602e+00 5.865330e-04 -2.144799e-01 2.779961e-04
1.039120e-01 -1.243769e-08 -6.168444e-05 7.367674e+00 5.863099e-04 -2.138891e-01 2.744198e-04
1.079773e-01 -1.433497e-09 -5.348275e-05 7.441508e+00 5.921702e-04 -2.315907e-01 2.814531e-04
1.122016e-01 -1.041393e-08 2.996312e-05 7.435953e+00 5.917308e-04 -2.301676e-01 2.683401e-04
1.165912e-01 3.183206e-08 2.010287e-05 7.485085e+00 5.956405e-04 -2.417933e-01 2.831221e-04
1.211525e-01 2.344188e-08 3.721922e-05 7.327401e+00 5.830799e-04 -2.039461e-01 2.750158e-04
1.258922e-01 -8.474494e-09 1.169358e-05 7.371453e+00 5.866010e-04 -2.146972e-01 2.759695e-04
1.308174e-01 -1.614792e-08 1.244758e-05 7.445082e+00 5.924607e-04 -2.323658e-01 2.781153e-04
1.359353e-01 -4.216166e-09 -6.961804e-05 7.433241e+00 5.915119e-04 -2.296697e-01 2.691746e-04
1.412534e-01 -6.872351e-09 -1.742714e-05 7.439281e+00 5.919975e-04 -2.310284e-01 2.760887e-04
1.467796e-01 1.884626e-08 4.404555e-05 7.344601e+00 5.844707e-04 -2.081157e-01 2.831221e-04
1.525219e-01 -1.323876e-08 -5.239102e-05 7.428565e+00 5.911367e-04 -2.285261e-01 2.774000e-04
1.584889e-01 -1.391335e-08 1.515779e-05 7.392040e+00 5.882480e-04 -2.196659e-01 2.919436e-04
1.646893e-01 1.977382e-08 2.872636e-05 7.398746e+00 5.887755e-04 -2.212720e-01 2.813339e-04
1.711324e-01 1.218472e-08 -6.570415e-05 7.479776e+00 5.952015e-04 -2.406910e-01 2.682209e-04
1.778274e-01 9.275566e-10 -6.635337e-05 7.392167e+00 5.882496e-04 -2.198295e-01 2.728701e-04
1.847845e-01 4.258328e-09 -2.351550e-05 7.394435e+00 5.884275e-04 -2.203274e-01 2.709627e-04
1.920137e-01 -1.905707e-08 3.052724e-05 7.476554e+00 5.949675e-04 -2.397596e-01 2.813339e-04
1.995257e-01 2.770021e-08 5.925474e-05 7.414325e+00 5.900015e-04 -2.249630e-01 2.728701e-04
2.073316e-01 -1.412416e-08 -7.147901e-05 7.391229e+00 5.881813e-04 -2.195917e-01 2.747774e-04
2.154428e-01 -2.192406e-08 1.103108e-04 7.450021e+00 5.928531e-04 -2.333690e-01 2.850294e-04
2.238715e-01 1.581062e-08 1.633001e-05 7.446416e+00 5.925544e-04 -2.326534e-01 2.702475e-04
2.326298e-01 -6.914513e-09 1.944686e-05 7.445766e+00 5.925077e-04 -2.325222e-01 2.722740e-04
2.417308e-01 2.761589e-08 -7.238542e-05 7.383291e+00 5.875441e-04 -2.176945e-01 2.697706e-04
2.511879e-01 -8.348009e-09 4.456162e-05 7.384669e+00 5.876624e-04 -2.178283e-01 2.850294e-04
2.610149e-01 5.649663e-09 7.801137e-05 7.442643e+00 5.922596e-04 -2.316732e-01 2.578497e-04
2.712264e-01 -3.330771e-09 1.131166e-05 7.437109e+00 5.918311e-04 -2.304492e-01 2.970695e-04
2.818374e-01 6.745866e-10 2.787767e-06 7.421489e+00 5.905741e-04 -2.267560e-01 2.623796e-04
2.928635e-01 -4.300490e-09 3.851629e-05 7.371318e+00 5.865939e-04 -2.146143e-01 2.847910e-04
3.043210e-01 3.781901e-08 4.143268e-06 7.422343e+00 5.906284e-04 -2.269701e-01 2.766848e-04
3.162267e-01 3.499418e-09 1.007938e-04 7.440385e+00 5.920754e-04 -2.311023e-01 2.902746e-04
3.285983e-01 -5.185885e-09 -5.188656e-05 7.439329e+00 5.919988e-04 -2.311136e-01 2.726316e-04
3.414538e-01 -1.897275e-09 3.395544e-06 7.336451e+00 5.838065e-04 -2.061958e-01 2.770424e-04
3.548123e-01 -2.656185e-09 -7.975601e-05 7.370801e+00 5.865504e-04 -2.146878e-01 2.719164e-04
3.686934e-01 -2.976613e-08 2.128035e-05 7.410402e+00 5.897054e-04 -2.240815e-01 2.663136e-04
3.831175e-01 -1.264850e-09 1.317806e-05 7.479334e+00 5.951773e-04 -2.404734e-01 2.906322e-04
3.981059e-01 -1.176310e-08 3.390703e-05 7.383432e+00 5.875460e-04 -2.175558e-01 2.807379e-04
4.136808e-01 -1.897275e-08 9.800179e-05 7.352003e+00 5.850464e-04 -2.098351e-01 2.813339e-04
4.298649e-01 -1.138365e-09 2.143966e-05 7.424009e+00 5.907764e-04 -2.273192e-01 2.723932e-04
4.466822e-01 -5.860471e-09 -3.843430e-05 7.423259e+00 5.907295e-04 -2.272481e-01 2.764463e-04
4.641575e-01 -1.239553e-08 2.428009e-05 7.418001e+00 5.903093e-04 -2.258697e-01 2.628565e-04
4.823164e-01 -6.113441e-09 -4.913532e-05 7.400695e+00 5.889312e-04 -2.218443e-01 2.918243e-04
5.011858e-01 -1.834032e-08 3.663002e-05 7.378629e+00 5.871780e-04 -2.163742e-01 2.944469e-04
5.207933e-01 -1.344957e-08 4.327165e-05 7.354911e+00 5.852955e-04 -2.106389e-01 2.663136e-04
5.411680e-01 -1.791871e-08 9.940906e-06 7.435330e+00 5.916897e-04 -2.300189e-01 2.745390e-04
5.623397e-01 -5.059400e-10 3.722691e-05 7.417397e+00 5.902546e-04 -2.257393e-01 2.877712e-04
5.843398e-01 -1.593711e-08 -1.056811e-04 7.408081e+00 5.895227e-04 -2.237099e-01 2.863407e-04
6.072005e-01 8.853949e-10 1.400800e-05 7.419995e+00 5.904787e-04 -2.263694e-01 2.799034e-04
6.309556e-01 -1.496739e-08 4.942071e-05 7.388894e+00 5.879899e-04 -2.188657e-01 2.806187e-04
6.556400e-01 -4.806429e-09 -4.571428e-05 7.376214e+00 5.869732e-04 -2.159533e-01 2.905130e-04
6.812901e-01 5.017238e-09 6.930043e-05 7.402682e+00 5.890903e-04 -2.221190e-01 2.695322e-04
7.079438e-01 -7.842069e-09 4.580478e-05 7.416020e+00 5.901442e-04 -2.253828e-01 2.933741e-04
7.356402e-01 2.175542e-08 2.229129e-05 7.350850e+00 5.849575e-04 -2.096884e-01 2.726316e-04
7.644201e-01 -9.570697e-09 -1.243062e-05 7.414143e+00 5.899963e-04 -2.250235e-01 2.826452e-04
7.943260e-01 -4.469136e-09 -1.134844e-05 7.437499e+00 5.918451e-04 -2.305970e-01 2.797842e-04
8.254018e-01 1.905707e-08 1.886314e-05 7.445233e+00 5.924784e-04 -2.323683e-01 3.174543e-04
8.576935e-01 -1.125716e-08 1.931174e-05 7.409568e+00 5.896393e-04 -2.238638e-01 2.830029e-04
8.912484e-01 5.818309e-09 5.814744e-05 7.343199e+00 5.843530e-04 -2.077380e-01 2.750158e-04
9.261161e-01 -5.902633e-09 5.367466e-05 7.357812e+00 5.855180e-04 -2.113078e-01 2.855062e-04
9.623479e-01 6.998836e-09 4.805007e-05 7.413359e+00 5.899387e-04 -2.247255e-01 2.905130e-04
9.999971e-01 -8.558818e-09 -1.997254e-05 7.405082e+00 5.892682e-04 -2.228673e-01 2.961159e-04
1.039119e+00 1.382903e-08 -5.997089e-05 7.345525e+00 5.845350e-04 -2.084861e-01 2.862215e-04
1.079772e+00 6.745866e-09 -2.185890e-05 7.392194e+00 5.882461e-04 -2.197330e-01 2.861023e-04
1.122015e+00 -2.428512e-08 -8.621618e-06 7.390932e+00 5.881574e-04 -2.194278e-01 2.883673e-04
1.165911e+00 1.020312e-08 -5.881745e-05 7.437831e+00 5.918791e-04 -2.307433e-01 2.835989e-04
1.211524e+00 -6.998836e-09 5.092275e-05 7.446665e+00 5.925928e-04 -2.326321e-01 2.905130e-04
1.258922e+00 8.305848e-09 -2.867196e-06 7.378602e+00 5.871654e-04 -2.164616e-01 2.934933e-04
1.308174e+00 -1.602143e-09 -2.500095e-05 7.413517e+00 5.899488e-04 -2.248675e-01 2.831221e-04
1.359353e+00 6.535058e-09 1.488545e-05 7.416745e+00 5.901860e-04 -2.256094e-01 2.881289e-04
1.412534e+00 7.167483e-10 8.136046e-05 7.440775e+00 5.921039e-04 -2.312430e-01 3.168583e-04
1.467795e+00 2.192406e-09 -1.567489e-04 7.379092e+00 5.872139e-04 -2.168273e-01 3.056526e-04
1.525219e+00 3.659632e-08 5.868332e-07 7.329424e+00 5.832456e-04 -2.044749e-01 3.002882e-04
1.584889e+00 2.529700e-10 2.383212e-06 7.492688e+00 5.962520e-04 -2.435829e-01 2.986193e-04
1.646893e+00 1.125716e-08 -1.191841e-05 7.427941e+00 5.910928e-04 -2.283172e-01 2.893209e-04
1.711323e+00 1.155230e-08 -2.146635e-06 7.496487e+00 5.965462e-04 -2.444909e-01 3.082752e-04
1.778274e+00 4.932915e-09 4.654286e-05 7.399793e+00 5.888534e-04 -2.214870e-01 2.939701e-04
1.847844e+00 -2.129164e-08 -6.470951e-05 7.403043e+00 5.891156e-04 -2.224194e-01 3.178120e-04
1.920137e+00 -2.740508e-09 -1.296191e-05 7.383122e+00 5.875358e-04 -2.175506e-01 3.049374e-04
1.995257e+00 2.243000e-08 1.595719e-05 7.475257e+00 5.948736e-04 -2.394785e-01 3.197193e-04
2.073316e+00 -4.342651e-09 -1.937955e-06 7.358302e+00 5.855471e-04 -2.115371e-01 3.027916e-04
2.154429e+00 3.457256e-08 -3.273758e-06 7.429521e+00 5.912129e-04 -2.286819e-01 3.168583e-04
2.238715e+00 -1.344957e-08 5.488095e-05 7.462758e+00 5.938592e-04 -2.364842e-01 3.205538e-04
2.326299e+00 -2.314675e-08 7.288736e-05 7.391803e+00 5.882139e-04 -2.195215e-01 3.063679e-04
2.417309e+00 4.553459e-09 -2.880199e-05 7.424837e+00 5.908535e-04 -2.275941e-01 3.196001e-04
2.511880e+00 -1.403983e-08 -3.919544e-05 7.450573e+00 5.928929e-04 -2.337203e-01 3.149509e-04
2.610151e+00 -2.466457e-08 -1.109726e-05 7.407008e+00 5.894382e-04 -2.232812e-01 3.172159e-04
2.712266e+00 -1.479874e-08 -5.645559e-05 7.371896e+00 5.866485e-04 -2.149067e-01 3.150702e-04
2.818376e+00 -1.104636e-08 -3.595298e-05 7.388163e+00 5.879347e-04 -2.187810e-01 3.228188e-04
2.928637e+00 1.888843e-08 4.307523e-05 7.445484e+00 5.925005e-04 -2.323604e-01 3.274679e-04
3.043212e+00 -2.302027e-08 -3.500972e-05 7.463396e+00 5.939088e-04 -2.367473e-01 3.349781e-04
3.162270e+00 4.848591e-09 -3.970868e-05 7.451687e+00 5.929787e-04 -2.340009e-01 3.278255e-04
3.285985e+00 -1.572630e-08 1.861938e-05 7.355993e+00 5.853610e-04 -2.109411e-01 3.134012e-04
3.414541e+00 1.682250e-08 -5.122245e-05 7.471579e+00 5.945804e-04 -2.387040e-01 3.349781e-04
3.548125e+00 1.623224e-08 2.038456e-05 7.423104e+00 5.906989e-04 -2.271106e-01 3.200769e-04
3.686936e+00 -1.985814e-08 1.000624e-04 7.412543e+00 5.898624e-04 -2.244306e-01 3.367662e-04
3.831177e+00 -6.239926e-09 -8.386271e-05 7.474969e+00 5.948316e-04 -2.395611e-01 3.334284e-04
3.981061e+00 1.707547e-08 -3.783323e-05 7.389643e+00 5.880430e-04 -2.191687e-01 3.356934e-04
4.136810e+00 3.170557e-08 9.737428e-06 7.433856e+00 5.915639e-04 -2.296571e-01 3.188848e-04
4.298651e+00 -1.720196e-08 -6.433073e-05 7.456705e+00 5.933894e-04 -2.351909e-01 3.197193e-04
4.466824e+00 8.179362e-09 5.727853e-05 7.477669e+00 5.950444e-04 -2.399877e-01 3.331900e-04
4.641576e+00 1.943653e-08 -4.256257e-05 7.383891e+00 5.875988e-04 -2.177718e-01 3.241301e-04
4.823165e+00 -1.222688e-08 1.058517e-04 7.435102e+00 5.916659e-04 -2.298039e-01 3.370047e-04
5.011858e+00 4.136059e-08 -2.842974e-06 7.422946e+00 5.906897e-04 -2.270879e-01 3.468990e-04
5.207934e+00 1.467226e-08 -1.504363e-04 7.412431e+00 5.898454e-04 -2.248014e-01 3.391504e-04
5.411680e+00 -1.011880e-09 9.393308e-05 7.400784e+00 5.889399e-04 -2.216080e-01 3.516674e-04
5.623397e+00 -1.193175e-08 -1.361370e-04 7.387499e+00 5.878705e-04 -2.187887e-01 3.368855e-04
5.843397e+00 -1.800303e-08 8.077476e-05 7.408854e+00 5.895792e-04 -2.235804e-01 3.485680e-04
6.072004e+00 2.040624e-08 2.929140e-05 7.455236e+00 5.932654e-04 -2.346884e-01 3.373623e-04
6.309555e+00 -1.239553e-08 -3.460721e-05 7.423701e+00 5.907619e-04 -2.272900e-01 3.558397e-04
6.556399e+00 -1.079339e-08 3.076609e-05 7.406141e+00 5.893566e-04 -2.229951e-01 3.505945e-04
6.812900e+00 3.790333e-08 5.229544e-05 7.429382e+00 5.912017e-04 -2.285202e-01 3.541708e-04
7.079436e+00 9.781505e-09 -2.935494e-05 7.398108e+00 5.887346e-04 -2.211720e-01 3.604889e-04
7.356400e+00 -1.138365e-09 7.632079e-05 7.430752e+00 5.913113e-04 -2.288107e-01 3.461838e-04
7.644198e+00 1.323876e-08 1.018521e-05 7.391536e+00 5.882012e-04 -2.195137e-01 3.529787e-04
7.943257e+00 3.153692e-08 -5.798888e-05 7.505641e+00 5.972742e-04 -2.466969e-01 3.553629e-04
8.254015e+00 2.011111e-08 1.346918e-04 7.418816e+00 5.903690e-04 -2.258739e-01 3.758669e-04
8.576931e+00 -6.197765e-09 -4.412280e-05 7.387866e+00 5.879083e-04 -2.186961e-01 3.601313e-04
8.912479e+00 1.686466e-08 4.780775e-05 7.469361e+00 5.943895e-04 -2.380049e-01 3.553629e-04
9.261156e+00 -1.458794e-08 1.180576e-05 7.398756e+00 5.887766e-04 -2.212481e-01 3.547668e-04
9.623473e+00 -9.275566e-10 -2.042463e-05 7.437052e+00 5.918182e-04 -2.304499e-01 3.753901e-04
9.999966e+00 1.500955e-08 -4.468197e-05 7.412281e+00 5.898379e-04 -2.245891e-01 3.725290e-04
1.039119e+01 3.520499e-08 -1.178975e-06 7.475867e+00 5.949068e-04 -2.396213e-01 3.684759e-04
1.079772e+01 4.207734e-08 1.049442e-04 7.450469e+00 5.928836e-04 -2.334235e-01 3.747940e-04
1.122015e+01 -3.132611e-08 -5.282093e-05 7.428152e+00 5.911127e-04 -2.283597e-01 3.728867e-04
1.165910e+01 -7.504775e-09 6.790856e-06 7.368278e+00 5.863416e-04 -2.138908e-01 3.749132e-04
1.211523e+01 -4.279409e-08 3.366157e-05 7.452625e+00 5.930592e-04 -2.340551e-01 3.746748e-04
1.258921e+01 -2.217703e-08 -9.012729e-05 7.414052e+00 5.899855e-04 -2.250749e-01 3.765821e-04
1.308173e+01 -8.896111e-09 2.308318e-05 7.434071e+00 5.915849e-04 -2.296329e-01 3.761053e-04
1.359352e+01 1.256418e-08 -3.613370e-05 7.402768e+00 5.890788e-04 -2.222704e-01 3.664494e-04
1.412532e+01 -3.119963e-09 7.967171e-05 7.406186e+00 5.893718e-04 -2.229054e-01 3.895760e-04
1.467794e+01 1.800303e-08 -1.735350e-09 7.430624e+00 5.913033e-04 -2.288744e-01 3.663301e-04
1.525217e+01 -6.535058e-09 -6.922732e-05 7.487337e+00 5.958086e-04 -2.424101e-01 3.849268e-04
1.584887e+01 3.419311e-08 -6.167543e-05 7.446968e+00 5.925926e-04 -2.328637e-01 3.886223e-04
1.646892e+01 1.703331e-08 -4.712001e-05 7.398471e+00 5.887436e-04 -2.212378e-01 3.805161e-04
1.711322e+01 6.492896e-09 3.822023e-05 7.435759e+00 5.917050e-04 -2.300211e-01 3.808737e-04
1.778273e+01 9.106919e-09 1.265338e-04 7.419842e+00 5.904475e-04 -2.260738e-01 3.980398e-04
1.847843e+01 -6.914513e-09 5.321918e-05 7.421746e+00 5.905933e-04 -2.266509e-01 3.842115e-04
1.920134e+01 1.113068e-08 6.219482e-05 7.406178e+00 5.893735e-04 -2.229035e-01 3.830194e-04
1.995255e+01 -3.739740e-08 -2.239574e-05 7.477986e+00 5.950855e-04 -2.400916e-01 3.741980e-04
2.073313e+01 -2.150245e-09 4.428640e-05 7.415733e+00 5.901142e-04 -2.252299e-01 3.825426e-04
2.154426e+01 3.010343e-08 -9.065323e-05 7.402198e+00 5.890410e-04 -2.221922e-01 3.914833e-04
2.238712e+01 1.935220e-08 -1.233055e-04 7.452052e+00 5.930300e-04 -2.341068e-01 3.817081e-04
2.326295e+01 -3.368717e-08 3.743438e-05 7.475164e+00 5.948472e-04 -2.393220e-01 3.924370e-04
2.417306e+01 -2.614023e-09 -1.893182e-05 7.483117e+00 5.954899e-04 -2.412636e-01 3.782511e-04
2.511876e+01 4.216166e-11 6.022750e-05 7.490426e+00 5.960722e-04 -2.428614e-01 3.859997e-04
2.610146e+01 -4.932915e-09 3.864073e-05 7.511188e+00 5.977009e-04 -2.477806e-01 3.973246e-04
2.712261e+01 1.075122e-08 6.266322e-05 7.473015e+00 5.946849e-04 -2.387487e-01 3.929138e-04
2.818371e+01 -2.706779e-08 -9.016236e-05 7.448810e+00 5.927740e-04 -2.332584e-01 3.814697e-04
2.928632e+01 -2.622455e-08 -1.167422e-04 7.461740e+00 5.938018e-04 -2.363672e-01 3.849268e-04
3.043207e+01 -3.103098e-08 -8.884995e-05 7.493969e+00 5.963597e-04 -2.438970e-01 3.827810e-04
3.162264e+01 -4.587189e-08 -7.668595e-05 7.460590e+00 5.937009e-04 -2.360047e-01 3.864765e-04
3.285979e+01 -4.060168e-08 -3.240304e-05 7.479054e+00 5.951557e-04 -2.402911e-01 3.880262e-04
3.414534e+01 3.149476e-08 -1.544091e-05 7.534604e+00 5.995902e-04 -2.532183e-01 4.019737e-04
3.548118e+01 3.044072e-08 -8.250923e-05 7.508551e+00 5.975176e-04 -2.472867e-01 3.986359e-04
3.686928e+01 -4.043303e-08 1.552160e-04 7.495915e+00 5.964958e-04 -2.439799e-01 3.809929e-04
3.831170e+01 -1.522036e-08 1.099074e-04 7.486198e+00 5.957222e-04 -2.417498e-01 3.829002e-04
3.981053e+01 -3.221151e-08 9.091970e-05 7.483046e+00 5.954752e-04 -2.410558e-01 3.799200e-04
4.136801e+01 -3.878873e-09 -1.037683e-04 7.533213e+00 5.994725e-04 -2.530290e-01 3.985167e-04
4.298642e+01 -2.327324e-08 3.136227e-05 7.499371e+00 5.967878e-04 -2.449268e-01 3.869534e-04
4.466815e+01 -2.529700e-08 -7.800226e-05 7.527275e+00 5.989862e-04 -2.515862e-01 3.718138e-04
4.641567e+01 4.958212e-08 8.852868e-05 7.469985e+00 5.944375e-04 -2.378913e-01 3.817081e-04
4.823155e+01 1.926788e-08 4.205063e-05 7.535223e+00 5.996294e-04 -2.532165e-01 3.830194e-04
5.011848e+01 5.965875e-08 5.994795e-05 7.506878e+00 5.973721e-04 -2.465815e-01 3.973246e-04
5.207923e+01 -1.834032e-08 1.160767e-04 7.516098e+00 5.981128e-04 -2.486272e-01 3.732443e-04
5.411669e+01 4.043303e-08 1.080238e-04 7.550889e+00 6.008770e-04 -2.567211e-01 3.838539e-04
5.623386e+01 4.831726e-08 -1.284489e-04 7.552717e+00 6.010127e-04 -2.574801e-01 3.697872e-04
5.843385e+01 6.703704e-09 -2.348177e-05 7.564986e+00 6.020161e-04 -2.601468e-01 3.913641e-04
6.071991e+01 -3.794550e-09 1.243961e-04 7.529504e+00 5.991841e-04 -2.516955e-01 3.839731e-04
6.309542e+01 3.166341e-08 -7.798068e-06 7.599632e+00 6.047489e-04 -2.680555e-01 3.850460e-04
6.556385e+01 1.134149e-08 -9.066299e-05 7.577939e+00 6.030397e-04 -2.631355e-01 3.541708e-04
6.812886e+01 2.445376e-09 -3.379303e-05 7.529392e+00 5.991740e-04 -2.518910e-01 3.697872e-04
7.079421e+01 -4.797997e-08 2.875864e-05 7.576843e+00 6.029393e-04 -2.627459e-01 3.681183e-04
7.356384e+01 -1.884626e-08 1.284937e-04 7.596924e+00 6.045430e-04 -2.671787e-01 3.829002e-04
7.644183e+01 2.744724e-08 6.292075e-06 7.556762e+00 6.013596e-04 -2.581050e-01 3.770590e-04
7.943240e+01 3.111531e-08 -1.367911e-04 7.648747e+00 6.086693e-04 -2.792668e-01 3.787279e-04
8.253998e+01 -3.288610e-08 -8.751226e-05 7.584992e+00 6.035859e-04 -2.647222e-01 3.782511e-04
8.576913e+01 -5.384044e-08 -1.142558e-04 7.623022e+00 6.066231e-04 -2.733833e-01 3.732443e-04
8.912461e+01 -9.528535e-09 2.501164e-04 7.644311e+00 6.083080e-04 -2.776541e-01 3.772974e-04
9.261137e+01 6.349546e-08 3.329236e-06 7.614952e+00 6.059812e-04 -2.713463e-01 3.784895e-04
9.623454e+01 -1.155230e-08 -6.858502e-05 7.694858e+00 6.123420e-04 -2.894204e-01 3.718138e-04
9.999945e+01 -4.119194e-08 -1.144822e-04 7.651436e+00 6.088710e-04 -2.797766e-01 3.737211e-04
1.039117e+02 7.955906e-08 -3.418508e-04 7.654138e+00 6.090961e-04 -2.806604e-01 3.803968e-04
1.079769e+02 -2.888074e-08 -3.264450e-05 7.659074e+00 6.095135e-04 -2.812771e-01 3.602505e-04
1.122012e+02 4.869672e-08 2.630512e-05 7.650591e+00 6.088101e-04 -2.792354e-01 3.608465e-04
1.165908e+02 5.421990e-08 -1.059640e-04 7.611221e+00 6.056819e-04 -2.705378e-01 3.682375e-04
1.211521e+02 -2.639320e-08 -4.770612e-05 7.670366e+00 6.103897e-04 -2.837723e-01 3.613234e-04
1.258918e+02 -2.529700e-08 9.519325e-05 7.715212e+00 6.139626e-04 -2.935097e-01 3.664494e-04
1.308170e+02 2.221920e-08 -6.077207e-05 7.706272e+00 6.132443e-04 -2.917702e-01 3.585815e-04
1.359349e+02 -3.769253e-08 -2.528530e-05 7.783927e+00 6.194379e-04 -3.086902e-01 3.536940e-04
1.412529e+02 1.016096e-08 -3.420047e-05 7.706137e+00 6.132368e-04 -2.916362e-01 3.620386e-04
1.467791e+02 5.628582e-08 5.487593e-05 7.768535e+00 6.182051e-04 -3.051787e-01 3.468990e-04
1.525214e+02 -4.410110e-08 -1.370717e-04 7.795198e+00 6.203226e-04 -3.111928e-01 3.584623e-04
1.584884e+02 -3.790333e-08 1.158557e-04 7.763612e+00 6.178112e-04 -3.040064e-01 3.384352e-04
1.646888e+02 -1.118127e-07 -1.424982e-04 7.792897e+00 6.201469e-04 -3.106894e-01 3.643036e-04
1.711318e+02 -3.107315e-08 6.356045e-05 7.843898e+00 6.241814e-04 -3.213564e-01 3.480911e-04
1.778269e+02 1.467226e-08 -1.117885e-05 7.862529e+00 6.256592e-04 -3.253551e-01 3.552437e-04
1.847839e+02 1.128246e-07 -3.063318e-04 7.848675e+00 6.245770e-04 -3.228932e-01 3.503561e-04
1.920130e+02 2.470673e-08 -2.223076e-04 7.898209e+00 6.285247e-04 -3.332332e-01 3.708601e-04
1.995250e+02 9.047893e-08 4.608107e-04 7.940364e+00 6.318789e-04 -3.409793e-01 3.547668e-04
2.073309e+02 8.613628e-08 5.022098e-05 7.947639e+00 6.324492e-04 -3.430390e-01 3.727674e-04
2.154421e+02 4.511298e-08 1.218061e-04 7.990381e+00 6.358639e-04 -3.517937e-01 3.890991e-04
2.238707e+02 -4.241463e-08 1.551174e-04 7.980412e+00 6.350519e-04 -3.496642e-01 3.561974e-04
2.326290e+02 1.850897e-08 1.238639e-04 8.003578e+00 6.369008e-04 -3.544291e-01 3.441572e-04
2.417300e+02 -5.696041e-08 -1.081662e-04 8.010917e+00 6.375015e-04 -3.561961e-01 3.412962e-04
2.511870e+02 6.012253e-08 1.869046e-04 7.981580e+00 6.351609e-04 -3.496876e-01 3.608465e-04
2.610140e+02 -6.792244e-08 -6.929952e-05 8.054684e+00 6.409834e-04 -3.649582e-01 3.424883e-04
2.712255e+02 -6.644678e-08 6.532009e-05 8.028996e+00 6.389105e-04 -3.595156e-01 3.311634e-04
2.818365e+02 6.518193e-08 -2.522555e-04 8.072589e+00 6.423981e-04 -3.688002e-01 3.494024e-04
2.928625e+02 2.297811e-08 9.692615e-05 8.110517e+00 6.454123e-04 -3.758150e-01 3.409386e-04
3.043200e+02 -3.849360e-08 -1.033171e-04 8.137101e+00 6.475359e-04 -3.814374e-01 3.511906e-04
3.162257e+02 -2.192406e-09 -9.880804e-05 8.158950e+00 6.492803e-04 -3.856372e-01 3.501177e-04
3.285971e+02 2.394782e-08 1.244774e-04 8.205532e+00 6.529632e-04 -3.944648e-01 3.528595e-04
3.414526e+02 -3.141044e-08 -8.433031e-05 8.266016e+00 6.577785e-04 -4.064255e-01 3.361702e-04
3.548110e+02 -2.411647e-08 3.689916e-04 8.238795e+00 6.556191e-04 -4.004190e-01 3.561974e-04
3.686920e+02 -7.319264e-08 -1.667562e-04 8.269424e+00 6.580567e-04 -4.070547e-01 3.434420e-04
3.831161e+02 -5.325018e-08 5.617485e-05 8.307669e+00 6.611162e-04 -4.139696e-01 3.600121e-04
3.981045e+02 -8.896111e-08 2.312698e-04 8.348548e+00 6.643712e-04 -4.214085e-01 3.575087e-04
4.136792e+02 -1.783017e-07 -2.543054e-05 8.389555e+00 6.676210e-04 -4.294469e-01 3.420115e-04
4.298633e+02 9.406267e-08 1.100066e-04 8.429049e+00 6.707585e-04 -4.363691e-01 3.479719e-04
4.466805e+02 1.374049e-07 4.023627e-04 8.486637e+00 6.753498e-04 -4.465554e-01 3.372431e-04
4.641557e+02 -2.120732e-08 -3.240185e-05 8.486439e+00 6.753412e-04 -4.469864e-01 3.359318e-04
4.823145e+02 -1.784703e-07 1.733439e-04 8.572727e+00 6.821905e-04 -4.622266e-01 3.324747e-04
5.011837e+02 6.024901e-08 -1.657362e-04 8.557861e+00 6.809928e-04 -4.599633e-01 3.409386e-04
5.207911e+02 2.276730e-09 -1.846807e-04 8.629704e+00 6.867278e-04 -4.726692e-01 3.669262e-04
5.411657e+02 5.346099e-08 -2.031472e-04 8.619493e+00 6.859193e-04 -4.707316e-01 3.452301e-04
5.623373e+02 -9.528535e-09 2.466831e-04 8.757733e+00 6.969209e-04 -4.940622e-01 3.452301e-04
5.843372e+02 -1.124030e-07 -1.474593e-04 8.803874e+00 7.005843e-04 -5.024551e-01 3.470182e-04
6.071978e+02 6.720569e-08 2.635062e-04 8.842435e+00 7.036782e-04 -5.082271e-01 3.578663e-04
6.309528e+02 3.651200e-08 3.326805e-04 8.853044e+00 7.044921e-04 -5.096723e-01 3.602505e-04
6.556371e+02 -4.317354e-08 -1.339232e-04 8.888630e+00 7.073196e-04 -5.159971e-01 3.354549e-04
6.812871e+02 -1.117284e-07 -9.707725e-05 8.979736e+00 7.145795e-04 -5.308331e-01 3.561974e-04
7.079406e+02 1.096203e-09 -2.048496e-04 8.963598e+00 7.132965e-04 -5.281262e-01 3.226995e-04
7.356368e+02 3.701794e-08 4.290301e-04 9.062373e+00 7.211423e-04 -5.430226e-01 3.542900e-04
7.644166e+02 1.903177e-07 -6.170995e-04 9.138810e+00 7.272471e-04 -5.562739e-01 3.601313e-04
7.943223e+02 4.561892e-08 2.427031e-04 9.136695e+00 7.270868e-04 -5.546457e-01 3.520250e-04
8.253980e+02 1.059944e-07 -3.618800e-05 9.233341e+00 7.347721e-04 -5.696667e-01 3.627539e-04
8.576895e+02 -6.037550e-08 5.598318e-04 9.326675e+00 7.421561e-04 -5.828466e-01 3.420115e-04
8.912442e+02 1.568414e-08 -1.639531e-04 9.367908e+00 7.454810e-04 -5.894857e-01 3.534555e-04
9.261117e+02 3.830008e-05 8.415224e-02 1.097118e+01 8.730816e-04 -2.551584e-01 5.785227e-04
9.623433e+02 4.419315e-04 4.381664e-01 2.538963e+01 2.020470e-03 4.815686e-02 2.094626e-03
