#./overdamped_3d --dev=1 --amp=100.0 --omega=1.0 --force=0 --Dg=0.01 --block=256 --paths=65536 --periods=1000 --trans=100 --samples=100 --spp=1000 --algorithm=euler --pav=1 --mode=moments --domain=1d --domainx=l:-2:3:300:1 --domainy=a:0:10:100:0 --domainz=D:-6:-1:100:1 --q=2 --eps=0 --phi=1.57079632679 --lambda=500.0 --zeta=0.0333333333333 --comp=0 --mean=0.0 --second=10 --skew=0.99 --distribution=r>> comp_r_l:-2:3:300:1_0.0_10_0.0333333333333_100.0.dat
#l <<v>> qnu(q) mu_q Dx Gx EBx
1.000000e-02 -1.446145e-08 -4.783641e-05 7.411708e+00 5.898048e-04 -2.243255e-01 1.541376e-04
1.039122e-02 -1.264850e-08 5.782115e-05 7.427327e+00 5.911727e-04 -2.280254e-01 1.784563e-04
1.079775e-02 -1.104636e-08 -1.662983e-05 7.431746e+00 5.915157e-04 -2.291846e-01 1.754761e-04
1.122018e-02 5.986956e-09 -6.859457e-05 7.379167e+00 5.871985e-04 -2.167251e-01 1.610518e-04
1.165914e-02 -5.733986e-09 -4.132512e-06 7.410063e+00 5.896554e-04 -2.238808e-01 1.600981e-04
1.211527e-02 1.054042e-09 1.108413e-05 7.444689e+00 5.924340e-04 -2.323238e-01 1.715422e-04
1.258925e-02 1.125716e-08 7.127561e-05 7.394525e+00 5.885921e-04 -2.200459e-01 1.649857e-04
1.308177e-02 1.188959e-08 3.277009e-05 7.398322e+00 5.888699e-04 -2.210854e-01 1.705885e-04
1.359356e-02 -3.710226e-09 -1.595080e-05 7.391557e+00 5.883272e-04 -2.194833e-01 1.670122e-04
1.412537e-02 -1.117284e-08 -8.072217e-05 7.411857e+00 5.898099e-04 -2.243842e-01 1.596212e-04
1.467799e-02 -3.233799e-08 1.116109e-05 7.380248e+00 5.872857e-04 -2.168714e-01 1.652241e-04
1.525222e-02 1.121500e-08 -4.840602e-05 7.427286e+00 5.912019e-04 -2.281978e-01 1.609325e-04
1.584893e-02 -1.581062e-08 3.642593e-06 7.382977e+00 5.874948e-04 -2.175006e-01 1.765490e-04
1.646897e-02 -8.348009e-09 -4.873736e-05 7.355534e+00 5.853671e-04 -2.110213e-01 1.668930e-04
1.711327e-02 1.855113e-09 7.249411e-05 7.422687e+00 5.908015e-04 -2.267818e-01 1.584291e-04
1.778278e-02 2.200839e-08 -3.177782e-05 7.422276e+00 5.907575e-04 -2.268710e-01 1.730919e-04
1.847849e-02 -8.179362e-09 7.271022e-05 7.433591e+00 5.916550e-04 -2.295386e-01 1.664162e-04
1.920141e-02 1.564198e-08 2.878512e-05 7.427563e+00 5.912197e-04 -2.281180e-01 1.647472e-04
1.995261e-02 6.914513e-09 9.319751e-06 7.407141e+00 5.894730e-04 -2.232162e-01 1.871586e-04
2.073320e-02 -3.457256e-09 1.403587e-05 7.386647e+00 5.878390e-04 -2.182782e-01 1.839399e-04
2.154433e-02 -9.865829e-09 -1.106765e-05 7.393255e+00 5.885140e-04 -2.198440e-01 1.646280e-04
2.238719e-02 1.517820e-09 1.041994e-05 7.415391e+00 5.900883e-04 -2.251624e-01 1.695156e-04
2.326303e-02 2.167110e-08 -5.074828e-05 7.453504e+00 5.932756e-04 -2.345493e-01 1.635551e-04
2.417313e-02 -2.297811e-08 2.584840e-05 7.426880e+00 5.911589e-04 -2.279366e-01 1.595020e-04
2.511884e-02 1.096203e-09 1.219306e-05 7.445947e+00 5.925045e-04 -2.326382e-01 1.552105e-04
2.610155e-02 -1.855113e-09 -4.694271e-05 7.426846e+00 5.911698e-04 -2.280697e-01 1.648664e-04
2.712270e-02 8.432333e-11 1.998544e-05 7.387749e+00 5.879416e-04 -2.185292e-01 1.647472e-04
2.818380e-02 1.559981e-09 -6.656632e-05 7.444190e+00 5.923962e-04 -2.323387e-01 1.702309e-04
2.928642e-02 1.357605e-08 -1.039716e-05 7.362483e+00 5.860454e-04 -2.126223e-01 1.798868e-04
3.043217e-02 5.902633e-10 -1.648489e-05 7.422758e+00 5.908108e-04 -2.269714e-01 1.666546e-04
3.162274e-02 1.863545e-08 3.708755e-05 7.414759e+00 5.900299e-04 -2.249392e-01 1.828671e-04
3.285990e-02 -8.390170e-09 -5.371211e-06 7.373998e+00 5.868517e-04 -2.154692e-01 1.541376e-04
3.414545e-02 -6.324249e-09 -5.113682e-05 7.370141e+00 5.865959e-04 -2.146354e-01 1.628399e-04
3.548130e-02 -6.872351e-09 6.616701e-05 7.360264e+00 5.858333e-04 -2.119863e-01 1.721382e-04
3.686940e-02 7.167483e-09 2.580661e-06 7.375271e+00 5.869573e-04 -2.157192e-01 1.616478e-04
3.831182e-02 1.627440e-08 7.882569e-05 7.367141e+00 5.863729e-04 -2.137129e-01 1.747608e-04
3.981066e-02 -1.281715e-08 -1.213246e-04 7.356635e+00 5.855203e-04 -2.114607e-01 1.623631e-04
4.136815e-02 -1.399767e-08 3.158279e-05 7.449682e+00 5.928674e-04 -2.335796e-01 1.574755e-04
4.298656e-02 -1.049825e-08 1.403760e-05 7.442913e+00 5.922957e-04 -2.318599e-01 1.655817e-04
4.466829e-02 4.342651e-09 -5.699681e-05 7.398923e+00 5.889035e-04 -2.213430e-01 1.496077e-04
4.641582e-02 -9.022596e-09 3.402966e-05 7.420744e+00 5.906447e-04 -2.263532e-01 1.711845e-04
4.823171e-02 -1.226904e-08 -1.742861e-06 7.371715e+00 5.867005e-04 -2.149249e-01 1.606941e-04
5.011865e-02 -2.985046e-08 3.624988e-05 7.385742e+00 5.877684e-04 -2.180203e-01 1.722574e-04
5.207940e-02 1.475658e-09 -2.334172e-05 7.360906e+00 5.859235e-04 -2.122691e-01 1.686811e-04
5.411686e-02 -6.408573e-09 7.225766e-05 7.384190e+00 5.876027e-04 -2.177097e-01 1.633167e-04
5.623404e-02 -2.529700e-10 8.919157e-06 7.412904e+00 5.899117e-04 -2.245044e-01 1.746416e-04
5.843404e-02 -1.606359e-08 -3.819506e-05 7.373361e+00 5.868068e-04 -2.153744e-01 1.620054e-04
6.072012e-02 -1.635872e-08 3.834705e-05 7.430542e+00 5.914167e-04 -2.287955e-01 1.795292e-04
6.309562e-02 2.453809e-08 2.155230e-05 7.395014e+00 5.886149e-04 -2.202060e-01 1.624823e-04
6.556407e-02 -1.399767e-08 -5.095381e-05 7.414411e+00 5.900065e-04 -2.250256e-01 1.615286e-04
6.812909e-02 -2.356837e-08 -3.519830e-05 7.359363e+00 5.857619e-04 -2.119158e-01 1.515150e-04
7.079445e-02 1.125716e-08 -1.872415e-05 7.420687e+00 5.906164e-04 -2.264636e-01 1.761913e-04
7.356408e-02 -2.108083e-10 6.692800e-05 7.432987e+00 5.915933e-04 -2.293962e-01 1.715422e-04
7.644208e-02 1.644305e-09 -1.007860e-05 7.425124e+00 5.910041e-04 -2.275736e-01 1.728535e-04
7.943267e-02 -1.231121e-08 -5.740346e-05 7.342863e+00 5.843964e-04 -2.079390e-01 1.677275e-04
8.254025e-02 1.319660e-08 5.686663e-06 7.438264e+00 5.919454e-04 -2.307767e-01 1.801252e-04
8.576941e-02 1.644305e-09 1.400635e-05 7.464179e+00 5.940846e-04 -2.369542e-01 1.642704e-04
8.912491e-02 -7.799907e-09 -2.689580e-05 7.409883e+00 5.896431e-04 -2.238927e-01 1.708269e-04
9.261168e-02 1.235337e-08 -1.994668e-05 7.359721e+00 5.857988e-04 -2.119828e-01 1.668930e-04
9.623486e-02 8.938272e-09 3.011973e-05 7.424096e+00 5.909419e-04 -2.272621e-01 1.692772e-04
9.999978e-02 -1.222688e-08 1.994272e-05 7.384826e+00 5.876854e-04 -2.179159e-01 1.767874e-04
1.039120e-01 -5.017238e-09 -5.756718e-05 7.394156e+00 5.885374e-04 -2.201759e-01 1.760721e-04
1.079773e-01 1.239553e-08 1.515617e-05 7.416055e+00 5.901534e-04 -2.253149e-01 1.779795e-04
1.122016e-01 8.432332e-09 3.973778e-05 7.452201e+00 5.931389e-04 -2.341325e-01 1.859665e-04
1.165912e-01 -1.391335e-09 -1.765385e-05 7.418343e+00 5.903625e-04 -2.258797e-01 1.785755e-04
1.211525e-01 6.408573e-09 -6.646009e-06 7.368827e+00 5.864960e-04 -2.142329e-01 1.869202e-04
1.258922e-01 -9.275566e-10 -1.141766e-05 7.408871e+00 5.895850e-04 -2.236163e-01 1.835823e-04
1.308174e-01 4.511298e-09 6.065115e-06 7.465624e+00 5.941582e-04 -2.372798e-01 1.806021e-04
1.359353e-01 -3.077801e-09 -1.131272e-05 7.336021e+00 5.838962e-04 -2.061942e-01 1.894236e-04
1.412534e-01 -4.806429e-09 7.095698e-06 7.401135e+00 5.890726e-04 -2.217593e-01 1.655817e-04
1.467796e-01 5.691824e-09 -4.807038e-06 7.305127e+00 5.814334e-04 -1.984447e-01 1.800060e-04
1.525219e-01 2.559213e-08 5.862218e-05 7.396060e+00 5.886979e-04 -2.204267e-01 1.765490e-04
1.584889e-01 -3.288610e-09 1.836176e-05 7.391477e+00 5.883275e-04 -2.194099e-01 1.834631e-04
1.646893e-01 1.897275e-08 6.824285e-05 7.392405e+00 5.884136e-04 -2.195417e-01 1.642704e-04
1.711324e-01 1.066690e-08 -2.990995e-07 7.400259e+00 5.889969e-04 -2.215770e-01 1.815557e-04
1.778274e-01 2.757373e-08 4.022253e-05 7.416720e+00 5.902264e-04 -2.253993e-01 1.738071e-04
1.847845e-01 -1.340741e-08 -3.875702e-05 7.429613e+00 5.913740e-04 -2.286937e-01 1.897812e-04
1.920137e-01 -8.769626e-09 2.116189e-05 7.411816e+00 5.897935e-04 -2.242604e-01 1.829863e-04
1.995257e-01 8.305848e-09 4.171375e-05 7.416255e+00 5.901811e-04 -2.252685e-01 1.909733e-04
2.073316e-01 7.968554e-09 3.509907e-05 7.303452e+00 5.813282e-04 -1.979814e-01 1.783371e-04
2.154428e-01 -5.818309e-09 -1.111748e-05 7.417478e+00 5.902874e-04 -2.256747e-01 1.732111e-04
2.238715e-01 -1.163662e-08 2.718350e-05 7.383321e+00 5.875650e-04 -2.175034e-01 1.984835e-04
2.326298e-01 -1.391335e-08 2.953831e-05 7.442127e+00 5.921944e-04 -2.316662e-01 1.939535e-04
2.417308e-01 -2.323108e-08 3.667165e-05 7.419612e+00 5.905072e-04 -2.260980e-01 1.885891e-04
2.511879e-01 1.391335e-09 1.703276e-05 7.380326e+00 5.872785e-04 -2.168894e-01 1.846552e-04
2.610149e-01 8.516656e-09 -4.885306e-06 7.359787e+00 5.858135e-04 -2.119682e-01 1.906157e-04
2.712264e-01 5.481016e-09 1.941713e-05 7.413789e+00 5.899454e-04 -2.247628e-01 1.858473e-04
2.818374e-01 -6.872351e-09 2.344563e-05 7.399549e+00 5.889572e-04 -2.213581e-01 1.960993e-04
2.928635e-01 1.559981e-09 -5.263033e-06 7.388650e+00 5.880591e-04 -2.187890e-01 1.926422e-04
3.043210e-01 -1.087771e-08 1.966135e-05 7.475751e+00 5.949093e-04 -2.397500e-01 1.826286e-04
3.162267e-01 -7.673423e-09 -7.585607e-06 7.403148e+00 5.892025e-04 -2.222778e-01 1.887083e-04
3.285983e-01 -5.607501e-09 -4.035021e-05 7.350746e+00 5.849270e-04 -2.098729e-01 1.959801e-04
3.414538e-01 -2.369485e-08 -1.140064e-05 7.395811e+00 5.886975e-04 -2.205009e-01 1.809597e-04
3.548123e-01 6.577219e-09 9.104760e-06 7.438300e+00 5.919520e-04 -2.307698e-01 1.865625e-04
3.686934e-01 -1.737060e-08 -3.081734e-05 7.430203e+00 5.913951e-04 -2.288358e-01 1.918077e-04
3.831175e-01 -1.686467e-09 3.608836e-05 7.407410e+00 5.894909e-04 -2.232073e-01 1.879930e-04
3.981059e-01 -4.131843e-09 1.608055e-05 7.419462e+00 5.904964e-04 -2.260889e-01 1.939535e-04
4.136808e-01 -1.796087e-08 3.397451e-05 7.376682e+00 5.870361e-04 -2.160319e-01 2.002716e-04
4.298649e-01 -1.210040e-08 -4.642956e-05 7.409475e+00 5.896183e-04 -2.237994e-01 2.156496e-04
4.466822e-01 -7.167483e-09 -2.873356e-05 7.425658e+00 5.910431e-04 -2.277322e-01 2.133846e-04
4.641575e-01 -1.214256e-08 -2.821700e-05 7.408035e+00 5.895334e-04 -2.234110e-01 1.990795e-04
4.823164e-01 -2.487538e-09 -3.018415e-05 7.418128e+00 5.903638e-04 -2.258438e-01 1.957417e-04
5.011858e-01 -1.602143e-09 -3.105234e-05 7.421766e+00 5.907096e-04 -2.267596e-01 2.046824e-04
5.207933e-01 -1.336525e-08 3.499743e-05 7.365828e+00 5.863201e-04 -2.133995e-01 2.093315e-04
5.411680e-01 5.776148e-09 4.832619e-05 7.446629e+00 5.925891e-04 -2.327502e-01 2.142191e-04
5.623397e-01 -6.745866e-09 -3.117834e-05 7.451967e+00 5.931224e-04 -2.341769e-01 2.018213e-04
5.843398e-01 2.331540e-08 -4.442284e-05 7.388357e+00 5.880548e-04 -2.187335e-01 2.171993e-04
6.072005e-01 2.736292e-08 -1.028616e-05 7.457119e+00 5.935642e-04 -2.353534e-01 2.015829e-04
6.309556e-01 -9.992314e-09 4.689950e-05 7.431569e+00 5.915089e-04 -2.290393e-01 2.168417e-04
6.556400e-01 -8.095039e-09 -2.062859e-05 7.372408e+00 5.867449e-04 -2.151160e-01 2.251863e-04
6.812901e-01 3.921035e-09 -3.435238e-05 7.415144e+00 5.900978e-04 -2.251389e-01 2.233982e-04
7.079438e-01 2.740508e-09 1.695007e-05 7.423458e+00 5.908984e-04 -2.271072e-01 2.225637e-04
7.356402e-01 1.429280e-08 -5.042946e-05 7.448758e+00 5.928102e-04 -2.334566e-01 2.380610e-04
7.644201e-01 1.003448e-08 -6.555461e-05 7.384070e+00 5.876240e-04 -2.178214e-01 2.340078e-04
7.943260e-01 2.146029e-08 2.786874e-05 7.400216e+00 5.889790e-04 -2.215768e-01 2.309084e-04
8.254018e-01 1.100419e-08 5.656844e-06 7.413440e+00 5.899190e-04 -2.246643e-01 2.332926e-04
8.576935e-01 1.855113e-08 -1.904383e-05 7.395404e+00 5.886716e-04 -2.203985e-01 2.323389e-04
8.912484e-01 1.264850e-09 -5.027335e-05 7.362586e+00 5.860508e-04 -2.127521e-01 2.299547e-04
9.261161e-01 6.745866e-09 2.027625e-05 7.346085e+00 5.845557e-04 -2.086420e-01 2.200603e-04
9.623479e-01 -2.120732e-08 -4.041598e-06 7.415269e+00 5.901083e-04 -2.251343e-01 2.564192e-04
9.999971e-01 -5.228046e-09 1.790134e-05 7.400653e+00 5.890154e-04 -2.216469e-01 2.392530e-04
1.039119e+00 5.691824e-09 2.471640e-05 7.432064e+00 5.915267e-04 -2.292475e-01 2.434254e-04
1.079772e+00 1.669602e-08 1.392377e-06 7.425277e+00 5.910215e-04 -2.275866e-01 2.520084e-04
1.122015e+00 -1.134149e-08 2.259653e-05 7.418648e+00 5.904249e-04 -2.258767e-01 2.628565e-04
1.165911e+00 5.986956e-09 6.673309e-05 7.434004e+00 5.916486e-04 -2.296352e-01 2.425909e-04
1.211524e+00 -1.715980e-08 -3.421522e-05 7.462187e+00 5.939376e-04 -2.365345e-01 2.601147e-04
1.258922e+00 2.424296e-08 1.417894e-05 7.448958e+00 5.928357e-04 -2.334325e-01 2.679825e-04
1.308174e+00 -8.348009e-09 9.417726e-06 7.398794e+00 5.889042e-04 -2.211998e-01 2.665520e-04
1.359353e+00 6.071279e-09 2.672282e-05 7.410176e+00 5.896695e-04 -2.238656e-01 2.757311e-04
1.412534e+00 5.986956e-09 -5.273769e-05 7.328061e+00 5.833039e-04 -2.042757e-01 2.785921e-04
1.467795e+00 7.462615e-09 -4.355000e-05 7.350047e+00 5.848985e-04 -2.096495e-01 2.787113e-04
1.525219e+00 2.449593e-08 4.690717e-05 7.379551e+00 5.872280e-04 -2.166498e-01 2.868176e-04
1.584889e+00 -9.950153e-09 3.773648e-05 7.448816e+00 5.928302e-04 -2.333400e-01 2.824068e-04
1.646893e+00 -2.146029e-08 -3.554460e-05 7.402937e+00 5.891673e-04 -2.222550e-01 3.044605e-04
1.711323e+00 -1.184743e-08 5.263936e-05 7.429532e+00 5.913174e-04 -2.285784e-01 2.917051e-04
1.778274e+00 1.530468e-08 -7.804653e-05 7.418005e+00 5.903919e-04 -2.258900e-01 3.050566e-04
1.847844e+00 8.348009e-09 -3.345661e-05 7.427032e+00 5.911588e-04 -2.280982e-01 3.111362e-04
1.920137e+00 1.100419e-08 -4.123272e-05 7.479114e+00 5.952535e-04 -2.404923e-01 3.062487e-04
1.995257e+00 1.323876e-08 -1.409894e-05 7.386646e+00 5.878979e-04 -2.182878e-01 3.067255e-04
2.073316e+00 -4.426974e-09 -2.333272e-05 7.410362e+00 5.896781e-04 -2.239873e-01 3.114939e-04
2.154429e+00 -2.866993e-09 1.036606e-05 7.424770e+00 5.909725e-04 -2.274734e-01 3.285408e-04
2.238715e+00 -2.247217e-08 -1.516269e-05 7.349030e+00 5.848107e-04 -2.093617e-01 3.376007e-04
2.326299e+00 1.467226e-08 1.868290e-05 7.384001e+00 5.876209e-04 -2.176409e-01 3.346205e-04
2.417309e+00 5.902633e-10 -8.750138e-06 7.438007e+00 5.918831e-04 -2.307058e-01 3.232956e-04
2.511880e+00 1.640089e-08 -4.334364e-05 7.356653e+00 5.855217e-04 -2.112675e-01 3.476143e-04
2.610151e+00 -1.235337e-08 9.319199e-05 7.388034e+00 5.880116e-04 -2.184557e-01 3.633499e-04
2.712266e+00 -3.330771e-09 -1.080071e-05 7.382068e+00 5.874630e-04 -2.172688e-01 3.527403e-04
2.818376e+00 1.222688e-09 -1.178993e-04 7.446003e+00 5.925686e-04 -2.329258e-01 3.751516e-04
2.928637e+00 6.029118e-09 -1.002711e-05 7.429215e+00 5.912889e-04 -2.286177e-01 3.503561e-04
3.043212e+00 -7.167483e-09 3.876122e-05 7.413245e+00 5.899392e-04 -2.245535e-01 3.746748e-04
3.162270e+00 -1.007664e-08 5.452953e-05 7.459126e+00 5.936892e-04 -2.357100e-01 3.656149e-04
3.285985e+00 -2.129164e-08 3.680791e-06 7.423942e+00 5.909309e-04 -2.273052e-01 3.941059e-04
3.414541e+00 1.214256e-08 -2.498606e-05 7.354805e+00 5.853709e-04 -2.107985e-01 3.839731e-04
3.548125e+00 1.901491e-08 3.531199e-05 7.389024e+00 5.881302e-04 -2.187778e-01 3.939867e-04
3.686936e+00 -7.884231e-09 -5.924374e-05 7.398844e+00 5.888739e-04 -2.213253e-01 3.973246e-04
3.831177e+00 7.589099e-09 -6.029649e-05 7.418898e+00 5.904959e-04 -2.261457e-01 4.028082e-04
3.981061e+00 -4.553459e-09 -9.114252e-05 7.406593e+00 5.893781e-04 -2.231948e-01 3.998280e-04
4.136810e+00 9.570697e-09 4.112711e-05 7.406929e+00 5.894061e-04 -2.230800e-01 4.159212e-04
4.298651e+00 -1.028745e-08 -6.831811e-05 7.412081e+00 5.898479e-04 -2.244765e-01 4.169941e-04
4.466824e+00 7.799907e-09 6.342860e-05 7.400981e+00 5.889809e-04 -2.216809e-01 4.429817e-04
4.641576e+00 1.003448e-08 6.530732e-06 7.389919e+00 5.881769e-04 -2.190441e-01 4.458427e-04
4.823165e+00 -1.214256e-08 6.908115e-06 7.379209e+00 5.872024e-04 -2.165891e-01 4.374981e-04
5.011858e+00 -4.637783e-10 1.183297e-06 7.430862e+00 5.913593e-04 -2.289651e-01 4.475117e-04
5.207934e+00 1.897275e-08 -6.553332e-07 7.377860e+00 5.870890e-04 -2.162892e-01 4.427433e-04
5.411680e+00 2.331540e-08 1.753480e-05 7.432952e+00 5.915066e-04 -2.294533e-01 4.602671e-04
5.623397e+00 -1.669602e-08 -2.617898e-05 7.357215e+00 5.855943e-04 -2.113440e-01 4.549026e-04
5.843397e+00 2.192406e-09 -2.883243e-05 7.393816e+00 5.884763e-04 -2.200686e-01 4.624128e-04
6.072004e+00 -8.010716e-09 7.704074e-05 7.467888e+00 5.942807e-04 -2.377746e-01 4.664660e-04
6.309555e+00 2.656185e-09 1.226157e-05 7.430149e+00 5.912927e-04 -2.287725e-01 4.700422e-04
6.556399e+00 1.547333e-08 5.135134e-05 7.434483e+00 5.915749e-04 -2.298083e-01 4.973412e-04
6.812900e+00 8.853949e-09 -6.369592e-05 7.359075e+00 5.857385e-04 -2.119057e-01 5.019903e-04
7.079436e+00 1.403983e-08 -1.931682e-05 7.405380e+00 5.892906e-04 -2.227728e-01 5.062819e-04
7.356400e+00 -1.581062e-08 3.620159e-05 7.353378e+00 5.852677e-04 -2.103547e-01 5.146265e-04
7.644198e+00 1.269066e-08 4.054260e-05 7.406856e+00 5.893955e-04 -2.230653e-01 5.189180e-04
7.943257e+00 7.336129e-09 2.086560e-05 7.436670e+00 5.917774e-04 -2.303715e-01 5.152225e-04
8.254015e+00 2.504403e-08 -1.337976e-05 7.405873e+00 5.893281e-04 -2.229027e-01 5.298853e-04
8.576931e+00 -8.558818e-09 6.938003e-06 7.377060e+00 5.870498e-04 -2.159785e-01 5.248785e-04
8.912479e+00 9.697183e-09 3.911003e-05 7.399270e+00 5.888101e-04 -2.212686e-01 5.328655e-04
9.261156e+00 6.830189e-09 -2.496923e-05 7.410706e+00 5.898022e-04 -2.240576e-01 5.307198e-04
9.623473e+00 1.011880e-08 -1.472243e-05 7.386359e+00 5.878839e-04 -2.182520e-01 5.257130e-04
9.999966e+00 -1.867762e-08 6.034955e-05 7.377542e+00 5.870983e-04 -2.160389e-01 5.404949e-04
1.039119e+01 -1.871978e-08 -8.207937e-05 7.457311e+00 5.934566e-04 -2.354335e-01 5.409718e-04
1.079772e+01 1.446145e-08 -2.323554e-05 7.464006e+00 5.939449e-04 -2.370129e-01 5.450249e-04
1.122015e+01 -5.902633e-10 3.893235e-06 7.473062e+00 5.947695e-04 -2.389936e-01 5.533695e-04
1.165910e+01 -3.752388e-09 -8.055265e-05 7.457788e+00 5.934827e-04 -2.355712e-01 5.633831e-04
1.211523e+01 -2.428512e-08 2.161240e-07 7.449396e+00 5.928705e-04 -2.334750e-01 5.681515e-04
1.258921e+01 -1.715980e-08 -2.574909e-06 7.467973e+00 5.943165e-04 -2.377818e-01 5.608797e-04
1.308173e+01 -1.914139e-08 -1.043632e-04 7.408092e+00 5.895837e-04 -2.235633e-01 5.698204e-04
1.359352e+01 -6.239926e-09 1.362006e-05 7.446305e+00 5.926560e-04 -2.326962e-01 5.675554e-04
1.412532e+01 6.956674e-09 4.395886e-05 7.460191e+00 5.936603e-04 -2.359856e-01 5.657673e-04
1.467794e+01 -8.938272e-09 7.556967e-05 7.432582e+00 5.914735e-04 -2.293260e-01 5.726814e-04
1.525217e+01 -1.344957e-08 4.607030e-06 7.411160e+00 5.898232e-04 -2.242378e-01 5.702972e-04
1.584887e+01 6.408573e-09 -4.183389e-05 7.476318e+00 5.949948e-04 -2.396975e-01 5.768538e-04
1.646892e+01 -1.037177e-08 -2.103961e-05 7.390327e+00 5.881040e-04 -2.191877e-01 6.003380e-04
1.711322e+01 -1.753925e-08 9.208023e-05 7.403274e+00 5.891698e-04 -2.221151e-01 5.681515e-04
1.778273e+01 3.204286e-09 -1.821642e-05 7.419177e+00 5.904052e-04 -2.261881e-01 5.769730e-04
1.847843e+01 -6.956674e-09 -5.410206e-05 7.387018e+00 5.878567e-04 -2.184560e-01 5.993843e-04
1.920134e+01 2.812183e-08 -8.026948e-06 7.406688e+00 5.894636e-04 -2.231684e-01 5.892515e-04
1.995255e+01 -1.694899e-08 -5.094425e-05 7.426079e+00 5.909413e-04 -2.279486e-01 5.650520e-04
2.073313e+01 -3.136828e-08 7.492195e-05 7.455772e+00 5.932936e-04 -2.348174e-01 5.797148e-04
2.154426e+01 -1.032961e-08 1.524888e-05 7.402710e+00 5.891523e-04 -2.221264e-01 5.909204e-04
2.238712e+01 -1.231121e-08 7.534997e-06 7.407925e+00 5.895597e-04 -2.234011e-01 5.832911e-04
2.326295e+01 2.365269e-08 3.242102e-05 7.406896e+00 5.894728e-04 -2.231440e-01 5.888939e-04
2.417306e+01 -3.330771e-08 1.312428e-04 7.395120e+00 5.885010e-04 -2.200650e-01 6.065369e-04
2.511876e+01 1.699115e-08 7.296971e-05 7.417431e+00 5.902319e-04 -2.256213e-01 5.810261e-04
2.610146e+01 2.011111e-08 -4.742534e-05 7.395391e+00 5.885177e-04 -2.204716e-01 5.698204e-04
2.712261e+01 -1.463010e-08 -2.777781e-05 7.459553e+00 5.936382e-04 -2.358157e-01 5.917549e-04
2.818371e+01 2.614023e-08 -4.849942e-05 7.483995e+00 5.955857e-04 -2.414994e-01 5.761385e-04
2.928632e+01 8.137201e-09 -7.325966e-05 7.401564e+00 5.890350e-04 -2.220051e-01 5.782843e-04
3.043207e+01 -1.602143e-08 -3.689641e-05 7.456274e+00 5.933830e-04 -2.350368e-01 5.865097e-04
3.162264e+01 1.758141e-08 9.514102e-05 7.395309e+00 5.885386e-04 -2.202318e-01 5.595684e-04
3.285979e+01 -3.992709e-08 -2.707514e-06 7.420124e+00 5.904856e-04 -2.264636e-01 5.713701e-04
3.414534e+01 1.218472e-08 -7.424954e-06 7.458230e+00 5.935114e-04 -2.354215e-01 5.791187e-04
3.548118e+01 -8.390170e-09 -4.081208e-05 7.490577e+00 5.960745e-04 -2.430488e-01 5.688667e-04
3.686928e+01 1.631656e-08 -1.041427e-04 7.502615e+00 5.970346e-04 -2.460248e-01 5.693436e-04
3.831170e+01 -5.017238e-09 -6.218780e-06 7.472878e+00 5.946633e-04 -2.388484e-01 5.558729e-04
3.981053e+01 -1.559981e-09 -4.108658e-05 7.444499e+00 5.924299e-04 -2.322569e-01 5.450249e-04
4.136801e+01 -1.146797e-08 -8.870356e-05 7.359602e+00 5.856790e-04 -2.118798e-01 5.525351e-04
4.298642e+01 -4.932915e-09 9.048941e-05 7.460738e+00 5.936945e-04 -2.358062e-01 5.568266e-04
4.466815e+01 2.677266e-08 7.576070e-05 7.433761e+00 5.915416e-04 -2.295186e-01 5.618334e-04
4.641567e+01 2.137596e-08 -1.627401e-05 7.436157e+00 5.917471e-04 -2.302292e-01 5.410910e-04
4.823155e+01 -1.855113e-08 -9.819605e-05 7.376551e+00 5.870085e-04 -2.159731e-01 5.387068e-04
5.011848e+01 6.998836e-09 -1.344021e-05 7.470392e+00 5.944889e-04 -2.382284e-01 5.291700e-04
5.207923e+01 -6.788027e-09 8.386405e-05 7.523452e+00 5.986972e-04 -2.505804e-01 5.403757e-04
5.411669e+01 8.137201e-09 -7.545245e-05 7.430950e+00 5.913156e-04 -2.290683e-01 5.222559e-04
5.623386e+01 -4.047520e-09 1.567301e-05 7.467732e+00 5.942587e-04 -2.375602e-01 5.232096e-04
5.843385e+01 1.020312e-08 -1.915731e-04 7.440982e+00 5.921053e-04 -2.315857e-01 5.328655e-04
6.071991e+01 7.673423e-09 -3.248312e-05 7.494891e+00 5.964092e-04 -2.440813e-01 5.308390e-04
6.309542e+01 7.799907e-09 1.154339e-04 7.517539e+00 5.982300e-04 -2.491157e-01 5.263090e-04
6.556385e+01 -4.216166e-09 2.645091e-05 7.439245e+00 5.919789e-04 -2.307754e-01 5.086660e-04
6.812886e+01 6.366411e-09 -1.668004e-05 7.438764e+00 5.919386e-04 -2.307059e-01 4.972219e-04
7.079421e+01 8.643140e-09 -1.105093e-04 7.514424e+00 5.979593e-04 -2.487197e-01 5.019903e-04
7.356384e+01 6.113441e-08 1.895097e-04 7.512670e+00 5.978209e-04 -2.478118e-01 4.827976e-04
7.644183e+01 -4.671512e-08 7.423153e-05 7.584736e+00 6.035669e-04 -2.646711e-01 5.037785e-04
7.943240e+01 5.059400e-09 -1.339935e-04 7.510282e+00 5.976302e-04 -2.477691e-01 4.823208e-04
8.253998e+01 2.601375e-08 -7.480403e-05 7.463565e+00 5.939136e-04 -2.367342e-01 4.999638e-04
8.576913e+01 -3.077801e-09 1.239511e-04 7.472463e+00 5.946375e-04 -2.384821e-01 4.941225e-04
8.912461e+01 4.043303e-08 -1.381792e-04 7.547309e+00 6.005865e-04 -2.563412e-01 4.990101e-04
9.261137e+01 -5.274424e-08 -6.878158e-05 7.468578e+00 5.943222e-04 -2.378699e-01 4.701614e-04
9.623454e+01 -3.453040e-08 -1.084627e-04 7.529253e+00 5.991535e-04 -2.520474e-01 4.630089e-04
9.999945e+01 4.334219e-08 -1.678110e-05 7.554423e+00 6.011370e-04 -2.577743e-01 4.651546e-04
1.039117e+02 1.180527e-09 -2.964113e-05 7.471039e+00 5.945178e-04 -2.383317e-01 4.642010e-04
1.079769e+02 2.959749e-08 6.260024e-05 7.438496e+00 5.919313e-04 -2.304768e-01 4.580021e-04
1.122012e+02 -1.454577e-08 -6.191389e-05 7.542359e+00 6.001889e-04 -2.550620e-01 4.476309e-04
1.165908e+02 7.167483e-10 -5.927903e-05 7.502860e+00 5.970508e-04 -2.458065e-01 4.496574e-04
1.211521e+02 6.547706e-08 -1.100625e-04 7.557352e+00 6.013901e-04 -2.585449e-01 4.589558e-04
1.258918e+02 -1.285931e-08 1.311426e-04 7.560616e+00 6.016408e-04 -2.588720e-01 4.602671e-04
1.308170e+02 -5.944794e-09 -1.103443e-04 7.498075e+00 5.966698e-04 -2.447068e-01 4.415512e-04
1.359349e+02 1.918356e-08 -1.251832e-04 7.510618e+00 5.976712e-04 -2.476742e-01 4.293919e-04
1.412529e+02 -2.441160e-08 -6.473489e-05 7.587312e+00 6.037757e-04 -2.652683e-01 4.343987e-04
1.467791e+02 -9.697182e-10 2.467327e-04 7.563297e+00 6.018608e-04 -2.592478e-01 4.302263e-04
1.525214e+02 2.158677e-08 -1.269616e-04 7.603465e+00 6.050590e-04 -2.690081e-01 4.345179e-04
1.584884e+02 -8.613628e-08 -2.545407e-04 7.571459e+00 6.025219e-04 -2.618783e-01 4.347563e-04
1.646888e+02 3.537363e-08 1.196507e-04 7.610267e+00 6.055956e-04 -2.701991e-01 4.301071e-04
1.711318e+02 7.019917e-08 9.552320e-05 7.605096e+00 6.051907e-04 -2.689972e-01 4.341602e-04
1.778269e+02 2.483322e-08 -1.479115e-04 7.599214e+00 6.046975e-04 -2.680220e-01 4.281998e-04
1.847839e+02 6.033334e-08 8.941452e-05 7.571953e+00 6.025464e-04 -2.613972e-01 4.061460e-04
1.920130e+02 -4.996157e-08 1.097785e-04 7.637208e+00 6.077616e-04 -2.762098e-01 4.150867e-04
1.995250e+02 -6.471815e-08 -2.083576e-04 7.583317e+00 6.034735e-04 -2.644159e-01 4.162788e-04
2.073309e+02 -6.180900e-08 -3.230457e-06 7.647346e+00 6.085531e-04 -2.786013e-01 4.121065e-04
2.154421e+02 3.469905e-08 2.665699e-04 7.652337e+00 6.089481e-04 -2.793154e-01 4.047155e-04
2.238707e+02 -8.010716e-10 -1.474095e-05 7.641011e+00 6.080490e-04 -2.771853e-01 4.074574e-04
2.326290e+02 -1.530468e-08 -2.907348e-04 7.640091e+00 6.079967e-04 -2.773501e-01 4.124641e-04
2.417300e+02 9.402051e-09 9.878314e-05 7.625878e+00 6.068498e-04 -2.735163e-01 4.009008e-04
2.511870e+02 -3.921035e-09 -1.690085e-04 7.711678e+00 6.136697e-04 -2.930921e-01 4.063845e-04
2.610140e+02 3.545796e-08 2.578810e-04 7.666784e+00 6.100987e-04 -2.824132e-01 4.092455e-04
2.712255e+02 1.762358e-08 -2.245606e-04 7.711694e+00 6.136743e-04 -2.931824e-01 3.868341e-04
2.818365e+02 1.273704e-07 -4.702428e-05 7.660705e+00 6.096138e-04 -2.814499e-01 3.975630e-04
2.928625e+02 -2.668833e-08 7.349675e-05 7.682087e+00 6.113126e-04 -2.860808e-01 3.947020e-04
3.043200e+02 -5.211182e-08 1.706330e-04 7.666906e+00 6.101197e-04 -2.825078e-01 3.963709e-04
3.162257e+02 -1.349173e-09 3.486786e-06 7.715519e+00 6.139669e-04 -2.935290e-01 3.975630e-04
3.285971e+02 -1.918356e-08 -1.592921e-04 7.726774e+00 6.148820e-04 -2.961890e-01 3.793240e-04
3.414526e+02 -1.998463e-08 -6.117013e-05 7.693726e+00 6.122597e-04 -2.886826e-01 3.755093e-04
3.548110e+02 5.860471e-09 -2.212190e-04 7.768210e+00 6.181731e-04 -3.053598e-01 3.790855e-04
3.686920e+02 5.548475e-08 3.188146e-04 7.760139e+00 6.175289e-04 -3.026757e-01 3.691912e-04
3.831161e+02 1.138365e-09 2.127849e-04 7.779222e+00 6.190655e-04 -3.070331e-01 3.829002e-04
3.981045e+02 1.307012e-08 -6.819775e-05 7.790956e+00 6.199738e-04 -3.099269e-01 3.843307e-04
4.136792e+02 -2.040624e-08 -1.334869e-04 7.826747e+00 6.228492e-04 -3.176801e-01 3.740788e-04
4.298633e+02 -5.270208e-09 -7.990835e-05 7.833086e+00 6.233313e-04 -3.189725e-01 3.784895e-04
4.466805e+02 -1.002604e-07 2.237568e-04 7.797714e+00 6.205041e-04 -3.107930e-01 3.824234e-04
4.641557e+02 3.221151e-08 -1.660664e-04 7.876479e+00 6.267736e-04 -3.283135e-01 3.504753e-04
4.823145e+02 -6.151387e-08 1.382638e-04 7.909741e+00 6.294245e-04 -3.347205e-01 3.778934e-04
5.011837e+02 -9.612859e-09 1.539132e-04 7.941423e+00 6.319578e-04 -3.413812e-01 3.733635e-04
5.207911e+02 7.863150e-08 1.433227e-04 7.901147e+00 6.287472e-04 -3.328912e-01 3.629923e-04
5.411657e+02 9.157513e-08 -9.760432e-06 7.933386e+00 6.313178e-04 -3.398042e-01 3.491640e-04
5.623373e+02 8.567250e-08 -5.546836e-05 7.971179e+00 6.343463e-04 -3.476703e-01 3.569126e-04
5.843372e+02 5.506313e-08 -4.003790e-05 8.006017e+00 6.370990e-04 -3.547903e-01 3.616810e-04
6.071978e+02 8.600979e-09 4.779888e-04 8.061545e+00 6.415402e-04 -3.652707e-01 3.554821e-04
6.309528e+02 6.944025e-08 -6.407326e-05 8.103472e+00 6.448472e-04 -3.743945e-01 3.695488e-04
6.556371e+02 -4.532379e-08 -2.379982e-04 8.036625e+00 6.395329e-04 -3.611366e-01 3.629923e-04
6.812871e+02 -2.580294e-08 1.246596e-04 8.155786e+00 6.490300e-04 -3.844645e-01 3.681183e-04
7.079406e+02 -1.721882e-07 -1.120631e-04 8.138318e+00 6.476330e-04 -3.812453e-01 3.668070e-04
7.356368e+02 -4.321570e-08 2.501550e-05 8.144626e+00 6.481181e-04 -3.822277e-01 3.446341e-04
7.644166e+02 -3.798766e-08 -1.190100e-04 8.104667e+00 6.449271e-04 -3.744098e-01 3.746748e-04
7.943223e+02 -2.432728e-08 1.820835e-04 8.204891e+00 6.529037e-04 -3.936935e-01 3.427267e-04
8.253980e+02 -3.128395e-08 -1.466822e-04 8.203396e+00 6.528009e-04 -3.937753e-01 3.615618e-04
8.576895e+02 -4.051736e-08 2.186256e-04 8.240634e+00 6.557629e-04 -4.004357e-01 3.559589e-04
8.912442e+02 2.192406e-09 -5.038730e-04 8.256162e+00 6.570251e-04 -4.043839e-01 3.489256e-04
9.261117e+02 -1.005556e-07 -2.279385e-04 8.294408e+00 6.600639e-04 -4.113021e-01 3.542900e-04
9.623433e+02 4.119194e-08 8.602031e-05 8.385556e+00 6.673076e-04 -4.279122e-01 3.545284e-04
