#./overdamped_3d --dev=1 --amp=40.0 --omega=1.0 --force=0 --Dg=0.01 --block=256 --paths=65536 --periods=1000 --trans=100 --samples=100 --spp=1000 --algorithm=euler --pav=1 --mode=moments --domain=1d --domainx=l:-2:3:300:1 --domainy=a:0:10:100:0 --domainz=D:-6:-1:100:1 --q=2 --eps=0 --phi=1.57079632679 --lambda=0 --zeta=0.0333333333333 --comp=0 --mean=0.0 --second=3.14 --skew=0.99 --distribution=s>> comp_s_3.14_l:-2:3:300:1_0.0_0.99_0.0333333333333_40.0.dat
#l <<v>> qnu(q) mu_q Dx Gx EBx
1.000000e-02 4.017642e-03 9.067340e-01 1.721804e+02 1.369249e-02 1.505744e-02 2.460378e-01
1.039122e-02 4.162628e-03 9.013581e-01 1.718634e+02 1.366682e-02 4.123640e-02 2.303261e-01
1.079775e-02 4.340868e-03 9.032515e-01 1.780288e+02 1.415722e-02 2.349865e-02 2.192931e-01
1.122018e-02 4.529978e-03 9.115492e-01 1.888535e+02 1.502138e-02 2.369404e-03 2.137058e-01
1.165914e-02 4.703854e-03 9.074823e-01 1.910017e+02 1.519170e-02 2.054894e-02 2.023418e-01
1.211527e-02 4.869345e-03 9.174431e-01 1.983976e+02 1.577553e-02 2.501750e-02 1.967925e-01
1.258925e-02 5.044815e-03 9.175691e-01 2.091797e+02 1.663508e-02 4.245877e-02 1.922436e-01
1.308177e-02 5.231078e-03 9.334930e-01 2.207424e+02 1.755453e-02 3.140020e-02 1.898078e-01
1.359356e-02 5.443263e-03 9.299963e-01 2.301346e+02 1.830265e-02 1.097995e-01 1.837847e-01
1.412537e-02 5.658252e-03 9.455543e-01 2.406146e+02 1.914078e-02 4.579842e-02 1.789547e-01
1.467799e-02 5.872542e-03 9.428110e-01 2.467479e+02 1.962896e-02 6.064379e-02 1.709350e-01
1.525222e-02 6.091530e-03 9.529031e-01 2.603960e+02 2.071649e-02 5.383384e-02 1.665517e-01
1.584893e-02 6.362909e-03 9.425338e-01 2.631699e+02 2.094546e-02 3.719461e-02 1.561644e-01
1.646897e-02 6.583301e-03 9.339260e-01 2.708326e+02 2.155526e-02 8.610427e-02 1.500653e-01
1.711327e-02 6.854481e-03 9.449611e-01 2.830922e+02 2.253103e-02 4.417586e-02 1.445434e-01
1.778278e-02 7.111369e-03 9.484863e-01 2.972658e+02 2.366046e-02 7.829213e-02 1.411229e-01
1.847849e-02 7.380346e-03 9.504682e-01 3.072696e+02 2.445198e-02 6.594193e-02 1.358650e-01
1.920141e-02 7.667604e-03 9.487296e-01 3.162969e+02 2.517146e-02 5.529952e-02 1.303596e-01
1.995261e-02 7.938867e-03 9.455164e-01 3.249168e+02 2.584890e-02 1.126766e-02 1.253456e-01
2.073320e-02 8.223250e-03 9.493170e-01 3.385623e+02 2.693417e-02 3.397822e-02 1.208491e-01
2.154433e-02 8.562786e-03 9.434150e-01 3.462886e+02 2.753652e-02 2.239954e-02 1.151958e-01
2.238719e-02 8.895813e-03 9.514495e-01 3.613080e+02 2.873539e-02 1.333082e-02 1.116577e-01
2.326303e-02 9.263258e-03 9.649744e-01 3.790076e+02 3.013144e-02 8.147717e-03 1.076478e-01
2.417313e-02 9.641443e-03 9.658455e-01 3.953795e+02 3.144897e-02 7.517874e-02 1.040204e-01
2.511884e-02 1.002539e-02 9.530346e-01 4.060834e+02 3.231040e-02 6.672859e-02 9.942210e-02
2.610155e-02 1.036950e-02 9.499995e-01 4.156178e+02 3.307489e-02 5.020642e-02 9.510350e-02
2.712270e-02 1.077167e-02 9.494913e-01 4.327742e+02 3.444088e-02 1.162899e-02 9.181476e-02
2.818380e-02 1.120573e-02 9.555876e-01 4.450355e+02 3.542655e-02 2.346981e-02 8.765936e-02
2.928642e-02 1.165076e-02 9.592660e-01 4.696296e+02 3.740238e-02 4.402542e-02 8.489919e-02
3.043217e-02 1.213413e-02 9.599731e-01 4.864095e+02 3.874809e-02 4.062402e-02 8.133364e-02
3.162274e-02 1.257158e-02 9.601187e-01 5.006876e+02 3.989151e-02 2.390373e-02 7.850504e-02
3.285990e-02 1.311739e-02 9.637040e-01 5.277767e+02 4.205117e-02 3.009629e-02 7.584846e-02
3.414545e-02 1.362607e-02 9.614654e-01 5.447889e+02 4.341631e-02 2.632332e-02 7.321620e-02
3.548130e-02 1.420190e-02 9.717768e-01 5.657176e+02 4.507341e-02 3.056824e-02 6.982446e-02
3.686940e-02 1.475754e-02 9.528765e-01 5.787487e+02 4.610286e-02 2.267265e-02 6.588626e-02
3.831182e-02 1.532880e-02 9.636195e-01 5.995561e+02 4.774446e-02 1.782513e-02 6.399417e-02
3.981066e-02 1.591717e-02 9.648882e-01 6.243929e+02 4.971696e-02 1.528597e-02 6.164312e-02
4.136815e-02 1.656455e-02 9.608620e-01 6.454531e+02 5.139749e-02 6.741381e-02 5.880213e-02
4.298656e-02 1.715272e-02 9.637680e-01 6.569795e+02 5.231853e-02 3.225088e-02 5.633068e-02
4.466829e-02 1.779604e-02 9.745856e-01 7.118539e+02 5.666304e-02 4.901755e-02 5.626869e-02
4.641582e-02 1.851076e-02 9.658898e-01 7.341789e+02 5.845634e-02 2.881706e-02 5.391884e-02
4.823171e-02 1.927013e-02 9.671220e-01 7.605441e+02 6.054866e-02 2.879953e-02 5.173433e-02
5.011865e-02 2.003060e-02 9.778867e-01 8.034431e+02 6.397112e-02 3.571773e-02 5.058014e-02
5.207940e-02 2.084266e-02 9.727472e-01 8.250757e+02 6.566323e-02 1.016378e-02 4.823172e-02
5.411686e-02 2.164151e-02 9.608372e-01 8.407943e+02 6.690289e-02 -1.545012e-02 4.548800e-02
5.623404e-02 2.249942e-02 9.631182e-01 8.642741e+02 6.874297e-02 8.298516e-03 4.343796e-02
5.843404e-02 2.337318e-02 9.728943e-01 9.096014e+02 7.235410e-02 2.502942e-02 4.218674e-02
6.072012e-02 2.418769e-02 9.773494e-01 9.535054e+02 7.584091e-02 2.557540e-02 4.132247e-02
6.309562e-02 2.516076e-02 9.885620e-01 1.003135e+03 7.979444e-02 4.866564e-02 4.011130e-02
6.556407e-02 2.618511e-02 9.777682e-01 1.039276e+03 8.265954e-02 3.689384e-02 3.844464e-02
6.812909e-02 2.723549e-02 9.842249e-01 1.083504e+03 8.618613e-02 4.213977e-02 3.715003e-02
7.079445e-02 2.829015e-02 9.690095e-01 1.090244e+03 8.670012e-02 5.333376e-02 3.464901e-02
7.356408e-02 2.931311e-02 9.678704e-01 1.114549e+03 8.867479e-02 1.549160e-02 3.317225e-02
7.644208e-02 3.048133e-02 9.705724e-01 1.175836e+03 9.365553e-02 -3.203332e-03 3.243947e-02
7.943267e-02 3.167272e-02 9.795763e-01 1.251353e+03 9.981843e-02 1.849067e-02 3.153932e-02
8.254025e-02 3.288078e-02 9.827397e-01 1.296891e+03 1.036040e-01 5.113101e-02 3.052890e-02
8.576941e-02 3.419481e-02 9.844953e-01 1.362003e+03 1.090308e-01 5.587268e-02 2.958965e-02
8.912491e-02 3.551147e-02 9.843813e-01 1.427270e+03 1.143575e-01 6.827605e-02 2.874541e-02
9.261168e-02 3.688666e-02 9.903568e-01 1.501832e+03 1.203643e-01 7.628965e-02 2.806866e-02
9.623486e-02 3.835378e-02 9.987187e-01 1.558376e+03 1.249820e-01 7.757187e-02 2.706170e-02
9.999978e-02 3.987763e-02 9.852266e-01 1.604632e+03 1.286765e-01 9.812438e-02 2.591670e-02
1.039120e-01 4.144195e-02 9.916065e-01 1.685396e+03 1.350915e-01 9.084332e-02 2.520311e-02
1.079773e-01 4.305369e-02 9.865158e-01 1.721009e+03 1.378394e-01 5.833125e-02 2.392697e-02
1.122016e-01 4.471040e-02 9.919679e-01 1.798539e+03 1.442074e-01 5.590343e-02 2.317441e-02
1.165912e-01 4.640693e-02 9.891776e-01 1.866329e+03 1.496579e-01 4.444575e-02 2.234805e-02
1.211525e-01 4.831455e-02 9.989939e-01 1.952773e+03 1.566843e-01 3.904080e-02 2.164352e-02
1.258922e-01 5.023516e-02 9.948621e-01 2.037664e+03 1.635609e-01 -3.293216e-03 2.081990e-02
1.308174e-01 5.214246e-02 9.888517e-01 2.073905e+03 1.664630e-01 -1.679647e-02 1.965082e-02
1.359353e-01 5.414736e-02 9.819759e-01 2.156824e+03 1.728578e-01 5.104899e-03 1.907384e-02
1.412534e-01 5.621015e-02 9.857464e-01 2.200037e+03 1.762616e-01 -6.955087e-03 1.800847e-02
1.467796e-01 5.854147e-02 9.971319e-01 2.332072e+03 1.857164e-01 -1.538509e-02 1.749086e-02
1.525219e-01 6.079505e-02 9.829429e-01 2.390182e+03 1.892029e-01 -2.890188e-02 1.666141e-02
1.584889e-01 6.317425e-02 9.936649e-01 2.486775e+03 1.960341e-01 -5.405086e-02 1.608360e-02
1.646893e-01 6.559028e-02 9.907950e-01 2.573684e+03 2.024115e-01 -4.504651e-02 1.543307e-02
1.711324e-01 6.818788e-02 1.000024e+00 2.708741e+03 2.126919e-01 -3.728902e-02 1.507938e-02
1.778274e-01 7.080696e-02 9.973096e-01 2.806480e+03 2.205676e-01 -1.766753e-02 1.442838e-02
1.847845e-01 7.349328e-02 9.912738e-01 2.896233e+03 2.268455e-01 -1.813954e-02 1.388454e-02
1.920137e-01 7.644458e-02 9.996180e-01 3.053314e+03 2.392335e-01 -1.298308e-03 1.361763e-02
1.995257e-01 7.935122e-02 9.980612e-01 3.168057e+03 2.475046e-01 -4.106581e-03 1.306725e-02
2.073316e-01 8.252357e-02 9.971054e-01 3.264425e+03 2.554288e-01 3.697038e-03 1.247025e-02
2.154428e-01 8.570015e-02 1.005675e+00 3.408474e+03 2.673057e-01 1.078284e-02 1.202345e-02
2.238715e-01 8.901997e-02 1.015229e+00 3.607762e+03 2.850813e-01 -1.434946e-02 1.188135e-02
2.326298e-01 9.258663e-02 1.004740e+00 3.742406e+03 2.979803e-01 -5.059719e-03 1.137424e-02
2.417308e-01 9.611503e-02 1.010262e+00 3.912416e+03 3.133810e-01 2.249479e-03 1.110458e-02
2.511879e-01 9.985111e-02 1.012692e+00 4.052314e+03 3.278467e-01 -2.139926e-02 1.062369e-02
2.610149e-01 1.036160e-01 1.008474e+00 4.213535e+03 3.426805e-01 -1.899302e-03 1.024699e-02
2.712264e-01 1.077237e-01 1.003895e+00 4.385270e+03 3.574868e-01 -1.079667e-02 9.849906e-03
2.818374e-01 1.118916e-01 1.006822e+00 4.524196e+03 3.693539e-01 -9.702265e-03 9.492517e-03
2.928635e-01 1.160922e-01 1.010012e+00 4.696545e+03 3.821808e-01 4.163980e-03 9.129286e-03
3.043210e-01 1.206909e-01 1.004594e+00 4.868542e+03 3.966887e-01 -8.239150e-03 8.750319e-03
3.162267e-01 1.253116e-01 1.016560e+00 5.055354e+03 4.121019e-01 1.634192e-02 8.444905e-03
3.285983e-01 1.301713e-01 1.016647e+00 5.339906e+03 4.350052e-01 2.999985e-02 8.303523e-03
3.414538e-01 1.352036e-01 1.017162e+00 5.524221e+03 4.508660e-01 3.017521e-02 8.002043e-03
3.548123e-01 1.404205e-01 1.017740e+00 5.768542e+03 4.682587e-01 2.181721e-02 7.682920e-03
3.686934e-01 1.458157e-01 1.022832e+00 6.063236e+03 4.897745e-01 4.257917e-03 7.544398e-03
3.831175e-01 1.514899e-01 1.023167e+00 6.252380e+03 5.001593e-01 1.140559e-02 7.188439e-03
3.981059e-01 1.573078e-01 1.020608e+00 6.448615e+03 5.120760e-01 -9.251058e-03 6.930828e-03
4.136808e-01 1.633868e-01 1.032943e+00 6.772867e+03 5.361930e-01 2.091169e-03 6.737590e-03
4.298649e-01 1.699218e-01 1.025556e+00 7.003934e+03 5.537398e-01 -1.045954e-02 6.385207e-03
4.466822e-01 1.764121e-01 1.019825e+00 7.235094e+03 5.734352e-01 7.076979e-03 6.147504e-03
4.641575e-01 1.832006e-01 1.029297e+00 7.673149e+03 6.067086e-01 -1.739264e-04 6.026149e-03
4.823164e-01 1.902654e-01 1.010712e+00 7.874199e+03 6.216493e-01 -3.817588e-02 5.773664e-03
5.011858e-01 1.976253e-01 1.004746e+00 8.086246e+03 6.327602e-01 -2.894628e-02 5.552292e-03
5.207933e-01 2.052024e-01 1.010417e+00 8.515944e+03 6.614578e-01 -3.487504e-02 5.338073e-03
5.411680e-01 2.130914e-01 1.004868e+00 8.583624e+03 6.698235e-01 -2.463084e-02 5.095959e-03
5.623397e-01 2.213665e-01 1.012255e+00 9.134531e+03 7.155108e-01 -2.191049e-02 5.007267e-03
5.843398e-01 2.298439e-01 1.001954e+00 9.350720e+03 7.344702e-01 -8.428633e-03 4.757285e-03
6.072005e-01 2.386916e-01 1.004721e+00 9.674435e+03 7.633469e-01 -4.002750e-03 4.571080e-03
6.309556e-01 2.479389e-01 1.018682e+00 1.027191e+04 8.090442e-01 2.851367e-03 4.533648e-03
6.556400e-01 2.573192e-01 1.005464e+00 1.051186e+04 8.273869e-01 7.255554e-03 4.331112e-03
6.812901e-01 2.674111e-01 1.014365e+00 1.112696e+04 8.824345e-01 -8.664846e-03 4.221320e-03
7.079438e-01 2.777315e-01 1.024377e+00 1.162128e+04 9.230589e-01 1.356065e-02 4.086137e-03
7.356402e-01 2.883534e-01 1.005163e+00 1.181057e+04 9.423365e-01 3.927362e-02 3.874302e-03
7.644201e-01 2.994730e-01 9.959822e-01 1.218593e+04 9.628873e-01 3.522015e-02 3.700018e-03
7.943260e-01 3.108799e-01 9.999449e-01 1.250381e+04 9.839157e-01 1.781118e-02 3.543139e-03
8.254018e-01 3.228099e-01 1.006930e+00 1.320275e+04 1.037889e+00 1.491165e-02 3.473043e-03
8.576935e-01 3.349527e-01 1.002398e+00 1.368594e+04 1.071908e+00 1.398873e-02 3.350019e-03
8.912484e-01 3.477502e-01 1.001635e+00 1.422402e+04 1.114761e+00 3.016436e-02 3.283501e-03
9.261161e-01 3.611957e-01 1.000353e+00 1.463565e+04 1.127732e+00 3.118277e-02 3.101587e-03
9.623479e-01 3.751251e-01 1.000964e+00 1.527093e+04 1.179855e+00 2.953863e-02 3.015637e-03
9.999971e-01 3.894072e-01 1.004049e+00 1.576768e+04 1.256488e+00 2.742231e-02 2.878785e-03
1.039119e+00 4.040979e-01 1.005445e+00 1.632050e+04 1.379078e+00 2.862036e-02 2.792120e-03
1.079772e+00 4.196013e-01 1.015617e+00 1.730373e+04 1.503457e+00 1.594758e-02 2.757072e-03
1.122015e+00 4.354295e-01 1.024625e+00 1.823585e+04 1.551641e+00 1.881516e-02 2.649665e-03
1.165911e+00 4.519124e-01 1.025349e+00 1.894824e+04 1.572411e+00 6.869793e-03 2.575517e-03
1.211524e+00 4.692355e-01 1.034303e+00 1.971975e+04 1.609216e+00 3.478050e-03 2.485633e-03
1.258922e+00 4.871160e-01 1.033607e+00 2.053253e+04 1.652983e+00 2.618575e-02 2.410173e-03
1.308174e+00 5.052333e-01 1.022853e+00 2.077830e+04 1.661816e+00 1.520467e-02 2.257586e-03
1.359353e+00 5.242570e-01 1.012950e+00 2.174801e+04 1.707732e+00 -3.068089e-03 2.183795e-03
1.412534e+00 5.440818e-01 1.008631e+00 2.226142e+04 1.715054e+00 7.082582e-03 2.087235e-03
1.467795e+00 5.645486e-01 1.009264e+00 2.316168e+04 1.769087e+00 8.354187e-04 2.030969e-03
1.525219e+00 5.856441e-01 1.016342e+00 2.444757e+04 1.875641e+00 -4.834592e-03 1.982570e-03
1.584889e+00 6.076263e-01 1.007745e+00 2.532490e+04 1.983468e+00 -5.675733e-03 1.914382e-03
1.646893e+00 6.306530e-01 1.011833e+00 2.649626e+04 2.143897e+00 -5.418658e-04 1.855612e-03
1.711323e+00 6.540068e-01 1.010466e+00 2.743750e+04 2.206683e+00 -1.740986e-02 1.816154e-03
1.778274e+00 6.784533e-01 1.012072e+00 2.857126e+04 2.332416e+00 -2.988327e-02 1.721025e-03
1.847844e+00 7.038261e-01 1.015702e+00 2.953016e+04 2.415494e+00 -2.795517e-02 1.626968e-03
1.920137e+00 7.297868e-01 1.014672e+00 3.105925e+04 2.471676e+00 -4.504919e-04 1.603127e-03
1.995257e+00 7.569535e-01 1.014885e+00 3.215392e+04 2.542819e+00 -1.474100e-02 1.567960e-03
2.073316e+00 7.849372e-01 1.007164e+00 3.343746e+04 2.590565e+00 -9.249449e-04 1.538754e-03
2.154429e+00 8.139365e-01 1.004797e+00 3.472483e+04 2.680169e+00 -3.798604e-04 1.469731e-03
2.238715e+00 8.436861e-01 1.012420e+00 3.638692e+04 2.884047e+00 -4.454076e-03 1.433372e-03
2.326299e+00 8.746338e-01 1.009293e+00 3.814364e+04 3.081239e+00 1.376152e-02 1.384854e-03
2.417309e+00 9.064137e-01 1.001813e+00 3.916398e+04 3.162727e+00 1.741600e-02 1.345038e-03
2.511880e+00 9.391248e-01 1.009119e+00 4.123139e+04 3.382679e+00 3.630865e-02 1.303554e-03
2.610151e+00 9.737816e-01 1.010682e+00 4.311949e+04 3.454935e+00 3.979087e-02 1.269460e-03
2.712266e+00 1.009492e+00 1.006518e+00 4.380206e+04 3.442840e+00 2.989972e-02 1.225948e-03
2.818376e+00 1.045628e+00 9.976253e-01 4.570138e+04 3.540561e+00 4.307842e-02 1.165867e-03
2.928637e+00 1.083336e+00 9.912432e-01 4.726236e+04 3.779611e+00 3.735495e-02 1.128793e-03
3.043212e+00 1.122396e+00 9.876789e-01 4.868789e+04 3.909163e+00 2.320707e-02 1.096010e-03
3.162270e+00 1.162236e+00 9.916844e-01 5.044500e+04 3.965823e+00 1.820779e-02 1.075864e-03
3.285985e+00 1.203653e+00 9.854625e-01 5.225462e+04 4.120203e+00 3.831255e-02 1.018167e-03
3.414541e+00 1.246284e+00 9.946252e-01 5.491749e+04 4.384082e+00 5.309260e-02 9.771585e-04
3.548125e+00 1.290329e+00 9.962654e-01 5.720234e+04 4.540054e+00 3.861511e-02 9.480715e-04
3.686936e+00 1.335674e+00 1.004282e+00 5.948738e+04 4.775285e+00 8.115172e-03 9.359121e-04
3.831177e+00 1.381983e+00 9.964365e-01 6.116710e+04 4.810935e+00 -5.076647e-03 9.139776e-04
3.981061e+00 1.430136e+00 1.004122e+00 6.428388e+04 4.992372e+00 -1.172721e-03 8.900166e-04
4.136810e+00 1.479294e+00 9.859731e-01 6.576547e+04 5.107600e+00 -2.099013e-02 8.637905e-04
4.298651e+00 1.529338e+00 9.932340e-01 6.846313e+04 5.223465e+00 -1.875788e-02 8.326769e-04
4.466824e+00 1.581996e+00 9.928911e-01 7.150408e+04 5.727668e+00 1.254678e-03 8.124113e-04
4.641576e+00 1.635922e+00 1.006077e+00 7.569462e+04 6.333730e+00 -2.072555e-02 8.082390e-04
4.823165e+00 1.690896e+00 1.008719e+00 7.987165e+04 6.585195e+00 -1.331085e-02 7.929802e-04
5.011858e+00 1.747314e+00 1.011487e+00 8.376245e+04 6.841116e+00 -1.072299e-02 7.712841e-04
5.207934e+00 1.805537e+00 1.002069e+00 8.582527e+04 6.900958e+00 -1.904309e-02 7.342100e-04
5.411680e+00 1.864994e+00 1.000957e+00 8.951245e+04 7.271471e+00 -2.022845e-02 7.337332e-04
5.623397e+00 1.925837e+00 1.012565e+00 9.347721e+04 7.293116e+00 4.195094e-03 6.983280e-04
5.843397e+00 1.987909e+00 9.890578e-01 9.485694e+04 7.583415e+00 -3.418326e-03 6.686449e-04
6.072004e+00 2.051359e+00 1.010048e+00 1.016289e+05 8.091437e+00 1.297641e-02 6.701946e-04
6.309555e+00 2.117299e+00 1.011081e+00 1.076320e+05 8.664394e+00 2.397096e-02 6.417036e-04
6.556399e+00 2.183753e+00 1.018811e+00 1.122634e+05 9.188970e+00 7.650137e-03 6.526709e-04
6.812900e+00 2.251861e+00 1.006749e+00 1.152723e+05 9.169870e+00 5.388021e-03 6.413460e-04
7.079436e+00 2.321802e+00 1.014697e+00 1.179029e+05 9.312473e+00 -2.191353e-02 6.066561e-04
7.356400e+00 2.392596e+00 1.006003e+00 1.224864e+05 9.494547e+00 -2.150708e-02 5.924702e-04
7.644198e+00 2.464476e+00 1.008665e+00 1.301032e+05 1.022666e+01 -2.957481e-02 5.646944e-04
7.943257e+00 2.537765e+00 1.011452e+00 1.359953e+05 1.058062e+01 -3.437167e-02 5.625486e-04
8.254015e+00 2.612217e+00 1.012341e+00 1.424933e+05 1.046348e+01 -4.587865e-02 5.422831e-04
8.576931e+00 2.686677e+00 9.984343e-01 1.451764e+05 1.115867e+01 -2.520162e-02 5.241632e-04
8.912479e+00 2.762748e+00 1.003551e+00 1.521032e+05 1.212379e+01 -2.667004e-02 5.149841e-04
9.261156e+00 2.840366e+00 9.859030e-01 1.531788e+05 1.233769e+01 -1.499522e-02 4.911423e-04
9.623473e+00 2.919251e+00 9.817659e-01 1.586565e+05 1.299977e+01 -2.027452e-02 4.692078e-04
9.999966e+00 2.998941e+00 9.861698e-01 1.659295e+05 1.368223e+01 -1.488149e-02 4.721880e-04
1.039119e+01 3.077983e+00 1.012682e+00 1.796239e+05 1.396998e+01 -1.221383e-02 4.475117e-04
1.079772e+01 3.158333e+00 9.996633e-01 1.845747e+05 1.523558e+01 -1.340503e-02 4.421473e-04
1.122015e+01 3.239776e+00 1.001263e+00 1.926517e+05 1.628983e+01 -1.242650e-02 4.585981e-04
1.165910e+01 3.320364e+00 9.893985e-01 1.959380e+05 1.682204e+01 -1.844674e-02 4.264116e-04
1.211523e+01 3.401706e+00 9.987303e-01 2.051966e+05 1.686788e+01 -3.298849e-02 4.168749e-04
1.258921e+01 3.481686e+00 9.876472e-01 2.088099e+05 1.704613e+01 -2.058548e-02 4.017353e-04
1.308173e+01 3.562601e+00 9.734796e-01 2.145723e+05 1.658776e+01 -2.889597e-02 3.920794e-04
1.359352e+01 3.643852e+00 9.831555e-01 2.251263e+05 1.810292e+01 -2.141881e-02 3.794432e-04
1.412532e+01 3.724046e+00 9.824179e-01 2.345455e+05 1.730587e+01 -1.451075e-02 3.651381e-04
1.467794e+01 3.803746e+00 9.821411e-01 2.425717e+05 1.912406e+01 -1.909411e-02 3.786087e-04
1.525217e+01 3.881883e+00 9.817886e-01 2.529814e+05 1.947038e+01 -4.473466e-02 3.697872e-04
1.584887e+01 3.959815e+00 9.697154e-01 2.611118e+05 1.937871e+01 -7.510543e-03 3.534555e-04
1.646892e+01 4.036704e+00 9.705926e-01 2.745532e+05 2.231734e+01 1.076794e-02 3.541708e-04
1.711322e+01 4.113271e+00 9.742793e-01 2.922886e+05 2.296415e+01 4.722393e-02 3.359318e-04
1.778273e+01 4.186895e+00 9.811939e-01 3.067469e+05 2.405913e+01 1.889551e-02 3.288984e-04
1.847843e+01 4.258520e+00 9.872141e-01 3.213368e+05 2.569907e+01 9.951591e-03 3.294945e-04
1.920134e+01 4.329631e+00 9.706390e-01 3.244722e+05 2.455824e+01 1.693487e-02 3.155470e-04
1.995255e+01 4.399262e+00 9.803823e-01 3.491570e+05 2.744086e+01 6.577253e-03 3.181696e-04
2.073313e+01 4.464953e+00 9.923397e-01 3.701417e+05 2.929469e+01 2.179956e-02 3.144741e-04
2.154426e+01 4.530010e+00 1.000463e+00 3.872466e+05 3.138281e+01 -1.111150e-03 3.091097e-04
2.238712e+01 4.591275e+00 1.004398e+00 4.104422e+05 3.277319e+01 -1.164865e-02 3.176928e-04
2.326295e+01 4.651985e+00 9.914150e-01 4.197412e+05 3.231482e+01 -2.000123e-02 3.136396e-04
2.417306e+01 4.707087e+00 9.905974e-01 4.315135e+05 3.493260e+01 -2.471900e-02 3.014803e-04
2.511876e+01 4.759248e+00 9.944671e-01 4.487748e+05 3.602758e+01 -1.880187e-02 2.862215e-04
2.610146e+01 4.810754e+00 9.831546e-01 4.643708e+05 3.799347e+01 -7.189870e-03 2.950430e-04
2.712261e+01 4.856772e+00 9.873352e-01 4.800913e+05 3.781012e+01 1.936162e-02 2.840757e-04
2.818371e+01 4.900215e+00 9.964048e-01 5.062398e+05 4.105433e+01 2.655494e-02 2.800226e-04
2.928632e+01 4.942055e+00 1.007072e+00 5.399909e+05 4.261278e+01 -4.240453e-03 2.685785e-04
3.043207e+01 4.981813e+00 9.954323e-01 5.550020e+05 4.362628e+01 -4.669726e-03 2.701283e-04
3.162264e+01 5.018082e+00 1.001376e+00 5.868425e+05 4.788399e+01 7.545471e-03 2.628565e-04
3.285979e+01 5.052062e+00 9.903638e-01 6.110083e+05 4.886693e+01 -6.000924e-02 2.673864e-04
3.414534e+01 5.082463e+00 1.004669e+00 6.513583e+05 5.218245e+01 -3.267944e-02 2.536774e-04
3.548118e+01 5.111326e+00 9.856623e-01 6.589303e+05 5.208568e+01 -2.669555e-02 2.657175e-04
3.686928e+01 5.135992e+00 1.001995e+00 7.102966e+05 5.664897e+01 -2.674472e-02 2.808571e-04
3.831170e+01 5.159650e+00 1.008525e+00 7.462980e+05 6.016311e+01 -1.708961e-02 2.604723e-04
3.981053e+01 5.180337e+00 1.000571e+00 7.700122e+05 6.203223e+01 2.294409e-02 2.659559e-04
4.136801e+01 5.200000e+00 9.782472e-01 7.840335e+05 6.190490e+01 4.456592e-02 2.537966e-04
4.298642e+01 5.212626e+00 9.881524e-01 8.292518e+05 6.475696e+01 2.143431e-02 2.751350e-04
4.466815e+01 5.227478e+00 9.976829e-01 8.751819e+05 6.929478e+01 1.097107e-02 2.415180e-04
4.641567e+01 5.237019e+00 1.016150e+00 9.208214e+05 7.395994e+01 -3.336191e-03 2.716780e-04
4.823155e+01 5.251119e+00 1.012992e+00 9.611544e+05 7.648605e+01 1.010060e-03 2.584457e-04
5.011848e+01 5.263151e+00 9.969488e-01 9.757868e+05 7.920568e+01 2.185822e-03 2.497435e-04
5.207923e+01 5.274033e+00 9.876698e-01 9.948134e+05 7.929736e+01 -1.506609e-02 2.474785e-04
5.411669e+01 5.283831e+00 9.774609e-01 1.037835e+06 8.319856e+01 2.902985e-02 2.652407e-04
5.623386e+01 5.292636e+00 9.854923e-01 1.089739e+06 8.722200e+01 -2.073604e-02 2.442598e-04
5.843385e+01 5.303494e+00 9.815598e-01 1.128710e+06 9.023703e+01 -3.698260e-02 2.307892e-04
6.071991e+01 5.316788e+00 1.001407e+00 1.209336e+06 9.594114e+01 -6.561142e-02 2.479553e-04
6.309542e+01 5.332141e+00 9.862273e-01 1.230753e+06 9.812093e+01 -7.306975e-02 2.472401e-04
6.556385e+01 5.344507e+00 9.922839e-01 1.273793e+06 1.010850e+02 -4.695982e-02 2.490282e-04
6.812886e+01 5.356698e+00 1.006164e+00 1.343038e+06 1.079605e+02 -2.028137e-02 2.610683e-04
7.079421e+01 5.379521e+00 9.921377e-01 1.388801e+06 1.102218e+02 -1.210475e-02 2.459288e-04
7.356384e+01 5.401258e+00 9.972417e-01 1.444027e+06 1.148768e+02 -1.170897e-02 2.460480e-04
7.644183e+01 5.420943e+00 9.846248e-01 1.452127e+06 1.158444e+02 -2.755713e-02 2.259016e-04
7.943240e+01 5.447335e+00 9.700375e-01 1.480140e+06 1.183196e+02 -3.035313e-02 2.399683e-04
8.253998e+01 5.479580e+00 9.681033e-01 1.510180e+06 1.206827e+02 -3.540689e-02 2.254248e-04
8.576913e+01 5.516881e+00 9.754464e-01 1.604770e+06 1.276601e+02 -3.032219e-02 2.584457e-04
8.912461e+01 5.554676e+00 1.002140e+00 1.734218e+06 1.382636e+02 2.772522e-02 2.459288e-04
9.261137e+01 5.596624e+00 1.017692e+00 1.858573e+06 1.472170e+02 1.095533e-03 2.301931e-04
9.623454e+01 5.642882e+00 1.009981e+00 1.861106e+06 1.481338e+02 9.997368e-03 2.443790e-04
9.999945e+01 5.696827e+00 9.813402e-01 1.884458e+06 1.508636e+02 2.569127e-02 2.477169e-04
1.039117e+02 5.753808e+00 9.849032e-01 1.980279e+06 1.588697e+02 -7.285774e-03 2.297163e-04
1.079769e+02 5.819458e+00 9.810565e-01 2.054230e+06 1.617014e+02 -7.910073e-03 2.453327e-04
1.122012e+02 5.896606e+00 9.811065e-01 2.097268e+06 1.662647e+02 2.381206e-02 2.563000e-04
1.165908e+02 5.976852e+00 9.974523e-01 2.256088e+06 1.810241e+02 1.875114e-02 2.418756e-04
1.211521e+02 6.061121e+00 9.876966e-01 2.324097e+06 1.838150e+02 6.537437e-03 2.506971e-04
1.258918e+02 6.152013e+00 1.010822e+00 2.584096e+06 2.041971e+02 5.219591e-02 2.218485e-04
1.308170e+02 6.245344e+00 9.917104e-01 2.558285e+06 2.040545e+02 4.742539e-02 2.396107e-04
1.359349e+02 6.355915e+00 9.823961e-01 2.674194e+06 2.129773e+02 1.283062e-02 2.282858e-04
1.412529e+02 6.464082e+00 9.881529e-01 2.779258e+06 2.218900e+02 6.694794e-04 2.349615e-04
1.467791e+02 6.576583e+00 9.942158e-01 2.862573e+06 2.292238e+02 -1.459050e-02 2.372265e-04
1.525214e+02 6.702066e+00 9.883649e-01 2.974732e+06 2.360892e+02 7.830739e-03 2.295971e-04
1.584884e+02 6.844904e+00 1.003782e+00 3.163510e+06 2.554424e+02 -6.471336e-03 2.112389e-04
1.646888e+02 6.997052e+00 9.996117e-01 3.266404e+06 2.605150e+02 2.351415e-02 2.336502e-04
1.711318e+02 7.149030e+00 9.894574e-01 3.325224e+06 2.629494e+02 5.330002e-02 2.506971e-04
1.778269e+02 7.319957e+00 9.963740e-01 3.529732e+06 2.807238e+02 9.209061e-02 2.404451e-04
1.847839e+02 7.513141e+00 9.860342e-01 3.599417e+06 2.867946e+02 3.789353e-02 2.176762e-04
1.920130e+02 7.702255e+00 9.640458e-01 3.668959e+06 2.918876e+02 -8.529723e-03 2.117157e-04
1.995250e+02 7.894119e+00 9.605185e-01 3.903417e+06 3.064738e+02 -5.017513e-02 2.311468e-04
2.073309e+02 8.111275e+00 9.665428e-01 3.981019e+06 3.171894e+02 -5.935174e-02 2.503395e-04
2.154421e+02 8.321724e+00 9.717681e-01 4.113021e+06 3.282106e+02 -4.232633e-02 2.372265e-04
2.238707e+02 8.549414e+00 9.777115e-01 4.281974e+06 3.404540e+02 -2.819246e-02 2.270937e-04
2.326290e+02 8.790306e+00 9.823732e-01 4.441976e+06 3.534716e+02 -1.154524e-02 2.392530e-04
2.417300e+02 9.051908e+00 9.771649e-01 4.773838e+06 3.809532e+02 -4.099524e-02 2.431870e-04
2.511870e+02 9.312167e+00 1.007646e+00 5.115026e+06 4.064588e+02 -2.740693e-02 2.275705e-04
2.610140e+02 9.599719e+00 1.011573e+00 5.334163e+06 4.252620e+02 -5.170536e-02 2.319813e-04
2.712255e+02 9.908183e+00 9.922659e-01 5.312882e+06 4.234285e+02 -3.090060e-02 2.125502e-04
2.818365e+02 1.021454e+01 9.793670e-01 5.410451e+06 4.333496e+02 -5.008036e-02 2.185106e-04
2.928625e+02 1.053129e+01 1.005696e+00 5.772794e+06 4.567772e+02 -1.912051e-02 2.397299e-04
3.043200e+02 1.089429e+01 1.012287e+00 6.259492e+06 4.968282e+02 -1.100898e-01 2.552271e-04
3.162257e+02 1.123358e+01 1.019203e+00 6.690121e+06 5.386720e+02 -3.513539e-02 2.281666e-04
3.285971e+02 1.162423e+01 1.016277e+00 6.724802e+06 5.385905e+02 6.887078e-03 2.216101e-04
3.414526e+02 1.201832e+01 1.037896e+00 7.239277e+06 5.717559e+02 1.297939e-02 2.207756e-04
3.548110e+02 1.242183e+01 9.904646e-01 6.626002e+06 5.244525e+02 2.963185e-02 2.214909e-04
3.686920e+02 1.284817e+01 1.013539e+00 7.335478e+06 5.871569e+02 -5.035657e-02 2.299547e-04
3.831161e+02 1.328185e+01 9.712924e-01 6.990188e+06 5.558658e+02 -6.157243e-02 2.171993e-04
3.981045e+02 1.376256e+01 9.664568e-01 7.281698e+06 5.804343e+02 -3.752851e-02 2.267361e-04
4.136792e+02 1.425727e+01 1.006480e+00 8.092930e+06 6.477835e+02 -1.570487e-02 2.386570e-04
4.298633e+02 1.476048e+01 9.797950e-01 7.971277e+06 6.325861e+02 -3.660268e-02 2.282858e-04
4.466805e+02 1.529925e+01 1.054892e+00 9.230353e+06 7.437349e+02 1.105690e-02 2.254248e-04
4.641557e+02 1.586781e+01 9.817140e-01 8.309122e+06 6.556470e+02 -6.931061e-02 2.329350e-04
4.823145e+02 1.640703e+01 1.015117e+00 9.457637e+06 7.465869e+02 -1.973635e-02 2.146959e-04
5.011837e+02 1.704120e+01 9.876603e-01 9.963088e+06 7.795893e+02 -4.994416e-02 2.208948e-04
5.207911e+02 1.765954e+01 1.004971e+00 1.052027e+07 8.264445e+02 -5.968440e-02 2.434254e-04
5.411657e+02 1.831064e+01 1.052461e+00 1.203100e+07 9.613875e+02 -5.369836e-02 2.391338e-04
5.623373e+02 1.900876e+01 1.035061e+00 1.232078e+07 9.902340e+02 -6.905502e-02 2.285242e-04
5.843372e+02 1.969449e+01 9.600711e-01 1.100368e+07 8.634397e+02 1.955223e-02 2.299547e-04
6.071978e+02 2.046148e+01 1.001547e+00 1.137775e+07 8.981533e+02 1.472383e-01 2.251863e-04
6.309528e+02 2.119755e+01 1.036232e+00 1.320317e+07 1.049068e+03 5.299401e-02 2.235174e-04
6.556371e+02 2.201171e+01 1.011209e+00 1.348988e+07 1.067810e+03 2.212274e-02 2.303123e-04
6.812871e+02 2.285335e+01 1.016662e+00 1.396824e+07 1.087530e+03 3.999472e-03 2.177954e-04
7.079406e+02 2.369229e+01 9.977990e-01 1.426501e+07 1.145060e+03 -1.232070e-02 2.069473e-04
7.356368e+02 2.465902e+01 1.015597e+00 1.506177e+07 1.188085e+03 -4.549408e-02 2.179146e-04
7.644166e+02 2.559136e+01 1.025226e+00 1.578356e+07 1.229481e+03 -2.908230e-03 2.356768e-04
7.943223e+02 2.659706e+01 9.924427e-01 1.560931e+07 1.247245e+03 4.632711e-02 2.191067e-04
8.253980e+02 2.759802e+01 9.756863e-01 1.578264e+07 1.257675e+03 -1.210582e-01 2.245903e-04
8.576895e+02 2.871312e+01 1.051113e+00 2.008004e+07 1.555104e+03 -7.522106e-04 2.696514e-04
8.912442e+02 2.978313e+01 9.795058e-01 1.764902e+07 1.403212e+03 -7.754642e-02 2.349615e-04
9.261117e+02 3.096766e+01 1.089642e+00 2.200341e+07 1.787506e+03 3.823948e-02 2.377033e-04
9.623433e+02 3.210695e+01 1.034690e+00 2.068525e+07 1.714493e+03 -7.825744e-02 2.157688e-04
