#./overdamped_3d --dev=1 --amp=100.0 --omega=1.0 --force=0 --Dg=0.01 --block=256 --paths=65536 --periods=1000 --trans=100 --samples=100 --spp=1000 --algorithm=euler --pav=1 --mode=moments --domain=1d --domainx=l:-2:3:300:1 --domainy=a:0:10:100:0 --domainz=D:-6:-1:100:1 --q=2 --eps=0 --phi=1.57079632679 --lambda=500.0 --zeta=0.0333333333333 --comp=0 --mean=0.0 --second=3.14 --skew=0.99 --distribution=s>> comp_s_3.14_l:-2:3:300:1_0.0_0.99_0.0333333333333_100.0.dat
#l <<v>> qnu(q) mu_q Dx Gx EBx
1.000000e-02 3.996908e-03 9.081377e-01 1.699872e+02 1.351500e-02 2.956927e-02 2.669685e-01
1.039122e-02 4.164166e-03 8.944477e-01 1.728893e+02 1.374229e-02 3.449070e-02 2.482860e-01
1.079775e-02 4.360642e-03 9.094028e-01 1.811947e+02 1.440405e-02 2.227116e-02 2.390234e-01
1.122018e-02 4.519578e-03 9.132091e-01 1.888183e+02 1.501450e-02 1.204133e-03 2.330358e-01
1.165914e-02 4.700315e-03 9.097124e-01 1.938652e+02 1.541320e-02 1.436114e-02 2.221128e-01
1.211527e-02 4.858682e-03 9.136627e-01 2.006334e+02 1.595209e-02 2.280390e-02 2.160352e-01
1.258925e-02 5.039529e-03 9.205164e-01 2.066393e+02 1.642788e-02 5.068588e-02 2.069136e-01
1.308177e-02 5.206076e-03 9.194725e-01 2.190139e+02 1.741458e-02 5.840313e-02 2.037376e-01
1.359356e-02 5.418822e-03 9.341415e-01 2.288221e+02 1.819453e-02 1.021739e-01 1.979475e-01
1.412537e-02 5.645656e-03 9.380606e-01 2.373295e+02 1.887294e-02 7.238483e-02 1.906168e-01
1.467799e-02 5.877650e-03 9.367391e-01 2.451199e+02 1.949405e-02 5.770230e-02 1.828940e-01
1.525222e-02 6.112562e-03 9.553586e-01 2.600827e+02 2.068850e-02 5.197370e-02 1.793628e-01
1.584893e-02 6.353038e-03 9.511002e-01 2.676502e+02 2.129409e-02 8.927882e-02 1.698034e-01
1.646897e-02 6.583286e-03 9.503372e-01 2.725118e+02 2.167746e-02 6.602180e-02 1.627078e-01
1.711327e-02 6.849466e-03 9.468919e-01 2.849924e+02 2.267033e-02 6.269956e-02 1.554948e-01
1.778278e-02 7.118249e-03 9.445472e-01 2.952153e+02 2.347945e-02 3.764939e-02 1.503793e-01
1.847849e-02 7.399059e-03 9.487340e-01 3.073238e+02 2.443835e-02 9.425533e-02 1.448510e-01
1.920141e-02 7.658343e-03 9.403037e-01 3.127642e+02 2.487118e-02 2.387738e-02 1.380737e-01
1.995261e-02 7.942837e-03 9.438245e-01 3.254125e+02 2.586491e-02 4.686713e-03 1.332859e-01
2.073320e-02 8.231870e-03 9.439847e-01 3.345044e+02 2.658076e-02 2.678442e-02 1.283196e-01
2.154433e-02 8.550501e-03 9.484093e-01 3.484006e+02 2.767277e-02 2.524626e-02 1.234692e-01
2.238719e-02 8.881537e-03 9.558654e-01 3.646390e+02 2.896173e-02 9.465575e-03 1.200732e-01
2.326303e-02 9.254905e-03 9.651003e-01 3.792464e+02 3.011211e-02 1.592815e-02 1.156344e-01
2.417313e-02 9.648137e-03 9.635211e-01 3.932366e+02 3.124515e-02 5.811167e-02 1.098479e-01
2.511884e-02 1.000322e-02 9.493093e-01 3.995857e+02 3.175906e-02 5.655909e-02 1.045359e-01
2.610155e-02 1.040048e-02 9.587659e-01 4.175265e+02 3.320809e-02 2.732062e-02 1.011137e-01
2.712270e-02 1.076963e-02 9.583134e-01 4.371954e+02 3.478091e-02 1.221657e-02 9.863555e-02
2.818380e-02 1.118133e-02 9.523500e-01 4.449073e+02 3.541248e-02 2.091026e-02 9.329772e-02
2.928642e-02 1.164467e-02 9.754570e-01 4.754378e+02 3.787021e-02 7.228255e-03 9.176874e-02
3.043217e-02 1.209414e-02 9.695640e-01 4.884297e+02 3.891672e-02 1.646364e-02 8.782470e-02
3.162274e-02 1.260448e-02 9.650704e-01 5.074175e+02 4.044020e-02 1.795816e-02 8.373606e-02
3.285990e-02 1.310968e-02 9.657540e-01 5.280878e+02 4.210814e-02 -1.425505e-03 8.093035e-02
3.414545e-02 1.364060e-02 9.712285e-01 5.500286e+02 4.385880e-02 4.748821e-02 7.806051e-02
3.548130e-02 1.418491e-02 9.623495e-01 5.603434e+02 4.468337e-02 1.526284e-02 7.321668e-02
3.686940e-02 1.478393e-02 9.604001e-01 5.733321e+02 4.570552e-02 1.792729e-02 6.937265e-02
3.831182e-02 1.532701e-02 9.601861e-01 5.972265e+02 4.761196e-02 -1.669508e-02 6.700778e-02
3.981066e-02 1.595421e-02 9.588268e-01 6.231509e+02 4.967499e-02 1.688361e-02 6.467032e-02
4.136815e-02 1.655432e-02 9.619113e-01 6.457034e+02 5.148126e-02 2.993917e-02 6.245816e-02
4.298656e-02 1.718715e-02 9.629948e-01 6.641838e+02 5.295780e-02 3.910029e-02 5.985415e-02
4.466829e-02 1.779191e-02 9.619888e-01 6.995858e+02 5.577697e-02 3.144693e-02 5.855072e-02
4.641582e-02 1.856535e-02 9.660406e-01 7.337370e+02 5.849060e-02 3.144169e-02 5.674744e-02
4.823171e-02 1.927200e-02 9.652864e-01 7.646399e+02 6.092906e-02 2.738845e-02 5.521619e-02
5.011865e-02 1.998722e-02 9.683908e-01 7.988513e+02 6.363804e-02 6.831408e-03 5.354965e-02
5.207940e-02 2.078611e-02 9.479309e-01 8.070772e+02 6.426502e-02 7.116318e-03 4.991794e-02
5.411686e-02 2.164341e-02 9.647586e-01 8.412153e+02 6.692916e-02 -7.211149e-03 4.823315e-02
5.623404e-02 2.252102e-02 9.678031e-01 8.663001e+02 6.889249e-02 1.462078e-02 4.594910e-02
5.843404e-02 2.337473e-02 9.770210e-01 9.115393e+02 7.248233e-02 2.233624e-02 4.483795e-02
6.072012e-02 2.420875e-02 9.958229e-01 9.654872e+02 7.677578e-02 7.894516e-03 4.427457e-02
6.309562e-02 2.515410e-02 9.848322e-01 1.003304e+03 7.975419e-02 6.052029e-02 4.250968e-02
6.556407e-02 2.616612e-02 9.855116e-01 1.046192e+03 8.318379e-02 3.958964e-02 4.102671e-02
6.812909e-02 2.725194e-02 9.811921e-01 1.075441e+03 8.560235e-02 4.218102e-02 3.896034e-02
7.079445e-02 2.827783e-02 9.781102e-01 1.098633e+03 8.743434e-02 3.557467e-02 3.709495e-02
7.356408e-02 2.931391e-02 9.707716e-01 1.132871e+03 9.022251e-02 3.114593e-02 3.538084e-02
7.644208e-02 3.054630e-02 9.770464e-01 1.208523e+03 9.645349e-02 5.778074e-04 3.457427e-02
7.943267e-02 3.170185e-02 9.822021e-01 1.261537e+03 1.007675e-01 1.436818e-02 3.379226e-02
8.254025e-02 3.291771e-02 9.796275e-01 1.297834e+03 1.038060e-01 5.942416e-02 3.212750e-02
8.576941e-02 3.416879e-02 9.915784e-01 1.366348e+03 1.094995e-01 4.155910e-02 3.138757e-02
8.912491e-02 3.552290e-02 1.000561e+00 1.447129e+03 1.160768e-01 7.890069e-02 3.087306e-02
9.261168e-02 3.693759e-02 1.000290e+00 1.510560e+03 1.213270e-01 6.714642e-02 2.978826e-02
9.623486e-02 3.834972e-02 1.003815e+00 1.575199e+03 1.264125e-01 7.967997e-02 2.868783e-02
9.999978e-02 3.995479e-02 9.892629e-01 1.615664e+03 1.296600e-01 8.343697e-02 2.739906e-02
1.039120e-01 4.144570e-02 9.870955e-01 1.674364e+03 1.342671e-01 8.695436e-02 2.642083e-02
1.079773e-01 4.307864e-02 9.915010e-01 1.740853e+03 1.396006e-01 6.321359e-02 2.541673e-02
1.122016e-01 4.472946e-02 9.926819e-01 1.797963e+03 1.441372e-01 6.443191e-02 2.441370e-02
1.165912e-01 4.651147e-02 9.992102e-01 1.875074e+03 1.503809e-01 4.897451e-02 2.365339e-02
1.211525e-01 4.841028e-02 1.003284e+00 1.961000e+03 1.573831e-01 1.724231e-02 2.291763e-02
1.258922e-01 5.029967e-02 1.000309e+00 2.043582e+03 1.639457e-01 2.197504e-02 2.206004e-02
1.308174e-01 5.218157e-02 9.912394e-01 2.067327e+03 1.658220e-01 -2.001119e-02 2.075338e-02
1.359353e-01 5.420872e-02 9.957958e-01 2.153365e+03 1.725737e-01 -1.758683e-02 2.006531e-02
1.412534e-01 5.636144e-02 9.913495e-01 2.215712e+03 1.773676e-01 -6.279588e-03 1.911008e-02
1.467796e-01 5.863187e-02 1.000081e+00 2.337448e+03 1.856878e-01 -1.712471e-02 1.858628e-02
1.525219e-01 6.089828e-02 9.946180e-01 2.390733e+03 1.893558e-01 -4.399049e-02 1.757920e-02
1.584889e-01 6.323548e-02 9.985098e-01 2.485915e+03 1.957780e-01 -6.330043e-02 1.714694e-02
1.646893e-01 6.572121e-02 9.924128e-01 2.584818e+03 2.032483e-01 -4.452139e-02 1.645088e-02
1.711324e-01 6.824503e-02 9.873937e-01 2.668653e+03 2.095772e-01 -4.627877e-02 1.581967e-02
1.778274e-01 7.099801e-02 9.948968e-01 2.797028e+03 2.194896e-01 -2.883738e-02 1.524293e-02
1.847845e-01 7.373349e-02 9.943243e-01 2.904036e+03 2.275505e-01 -3.712052e-02 1.472187e-02
1.920137e-01 7.655330e-02 1.004700e+00 3.038603e+03 2.377389e-01 -2.094924e-02 1.427364e-02
1.995257e-01 7.950541e-02 1.004799e+00 3.176622e+03 2.484782e-01 -1.272202e-02 1.389205e-02
2.073316e-01 8.270612e-02 9.925481e-01 3.215934e+03 2.514275e-01 6.427050e-03 1.301491e-02
2.154428e-01 8.588405e-02 9.950988e-01 3.350930e+03 2.632647e-01 -7.147193e-04 1.256788e-02
2.238715e-01 8.925308e-02 1.001604e+00 3.558461e+03 2.811074e-01 -3.366446e-02 1.235259e-02
2.326298e-01 9.275219e-02 1.011974e+00 3.742943e+03 2.977018e-01 -2.188563e-02 1.206362e-02
2.417308e-01 9.634750e-02 1.010550e+00 3.869575e+03 3.104665e-01 -4.512131e-03 1.155448e-02
2.511879e-01 1.001323e-01 1.011088e+00 4.032369e+03 3.261110e-01 -9.120703e-03 1.117694e-02
2.610149e-01 1.040167e-01 1.009864e+00 4.189262e+03 3.404399e-01 -2.170295e-02 1.078653e-02
2.712264e-01 1.080317e-01 1.009879e+00 4.334768e+03 3.538636e-01 -3.817141e-03 1.042604e-02
2.818374e-01 1.120559e-01 1.001098e+00 4.475262e+03 3.652506e-01 -5.487323e-03 9.945631e-03
2.928635e-01 1.165214e-01 1.014267e+00 4.686780e+03 3.816287e-01 3.041387e-03 9.630442e-03
3.043210e-01 1.210851e-01 1.000713e+00 4.794547e+03 3.904071e-01 -2.752185e-03 9.192824e-03
3.162267e-01 1.257698e-01 1.006608e+00 5.034923e+03 4.101273e-01 6.459236e-03 8.952856e-03
3.285983e-01 1.307119e-01 1.020300e+00 5.331172e+03 4.348561e-01 3.882301e-02 8.802414e-03
3.414538e-01 1.358508e-01 1.018390e+00 5.511308e+03 4.492546e-01 2.352786e-02 8.461833e-03
3.548123e-01 1.409247e-01 1.024026e+00 5.735539e+03 4.652198e-01 1.440501e-02 8.123040e-03
3.686934e-01 1.465700e-01 1.021610e+00 6.018041e+03 4.848357e-01 1.074767e-02 7.852554e-03
3.831175e-01 1.522583e-01 1.023681e+00 6.180271e+03 4.938230e-01 4.769564e-03 7.587552e-03
3.981059e-01 1.583074e-01 1.020231e+00 6.388619e+03 5.074655e-01 -2.606213e-03 7.239223e-03
4.136808e-01 1.643530e-01 1.022503e+00 6.777732e+03 5.366108e-01 7.538676e-03 7.085443e-03
4.298649e-01 1.707539e-01 1.024828e+00 6.991812e+03 5.539487e-01 4.830599e-03 6.732941e-03
4.466822e-01 1.774516e-01 1.015932e+00 7.188876e+03 5.688297e-01 1.517951e-02 6.445527e-03
4.641575e-01 1.844325e-01 1.021429e+00 7.594636e+03 5.994968e-01 -2.914846e-03 6.340861e-03
4.823164e-01 1.915939e-01 1.015483e+00 7.921232e+03 6.244742e-01 -1.748264e-02 6.128550e-03
5.011858e-01 1.989544e-01 1.006088e+00 8.035640e+03 6.271898e-01 -3.965139e-02 5.837798e-03
5.207933e-01 2.066849e-01 1.006595e+00 8.292445e+03 6.440503e-01 -2.951860e-02 5.575418e-03
5.411680e-01 2.147177e-01 9.961649e-01 8.507850e+03 6.593093e-01 -2.857965e-02 5.313635e-03
5.623397e-01 2.230183e-01 1.005473e+00 8.998821e+03 7.034250e-01 -6.410956e-03 5.225062e-03
5.843398e-01 2.318373e-01 1.005925e+00 9.345047e+03 7.339629e-01 -6.637394e-03 4.995108e-03
6.072005e-01 2.407753e-01 9.962978e-01 9.483669e+03 7.516092e-01 1.057363e-02 4.787087e-03
6.309556e-01 2.502133e-01 1.007256e+00 1.003151e+04 7.870610e-01 1.804459e-02 4.681945e-03
6.556400e-01 2.599101e-01 1.004984e+00 1.042839e+04 8.206028e-01 9.235620e-03 4.519224e-03
6.812901e-01 2.700869e-01 1.013603e+00 1.107972e+04 8.787342e-01 -8.283138e-03 4.437566e-03
7.079438e-01 2.805443e-01 1.007177e+00 1.134484e+04 8.979521e-01 2.793121e-02 4.191160e-03
7.356402e-01 2.914886e-01 1.010020e+00 1.179113e+04 9.373828e-01 4.068053e-02 4.100084e-03
7.644201e-01 3.027363e-01 1.013181e+00 1.226102e+04 9.743465e-01 3.584027e-02 3.950238e-03
7.943260e-01 3.145275e-01 9.982542e-01 1.247605e+04 9.805536e-01 2.993035e-02 3.759742e-03
8.254018e-01 3.264607e-01 1.001337e+00 1.314579e+04 1.040555e+00 1.999497e-02 3.680348e-03
8.576935e-01 3.389697e-01 1.000293e+00 1.355357e+04 1.057465e+00 1.484394e-02 3.487349e-03
8.912484e-01 3.523704e-01 9.983554e-01 1.405039e+04 1.087705e+00 3.877246e-02 3.417730e-03
9.261161e-01 3.659611e-01 9.966978e-01 1.452622e+04 1.109588e+00 4.815900e-02 3.275394e-03
9.623479e-01 3.801668e-01 9.968451e-01 1.499154e+04 1.164576e+00 3.769600e-02 3.111362e-03
9.999971e-01 3.949711e-01 1.009047e+00 1.576699e+04 1.282510e+00 3.801334e-02 3.043413e-03
1.039119e+00 4.101271e-01 1.016050e+00 1.670179e+04 1.439397e+00 4.941249e-02 3.012538e-03
1.079772e+00 4.262849e-01 1.010374e+00 1.734620e+04 1.511972e+00 2.858818e-02 2.907991e-03
1.122015e+00 4.426001e-01 1.020931e+00 1.807429e+04 1.518696e+00 7.905364e-03 2.796173e-03
1.165911e+00 4.595734e-01 1.017307e+00 1.870229e+04 1.539585e+00 7.382989e-03 2.703547e-03
1.211524e+00 4.776853e-01 1.030632e+00 1.969409e+04 1.609056e+00 2.100706e-02 2.611160e-03
1.258922e+00 4.960927e-01 1.023402e+00 2.015260e+04 1.625927e+00 1.065099e-02 2.555013e-03
1.308174e+00 5.150698e-01 1.024014e+00 2.090129e+04 1.656166e+00 3.099227e-02 2.405286e-03
1.359353e+00 5.348369e-01 1.020994e+00 2.174377e+04 1.689907e+00 2.115166e-02 2.303481e-03
1.412534e+00 5.557083e-01 1.004467e+00 2.209777e+04 1.678209e+00 2.045798e-02 2.217770e-03
1.467795e+00 5.770732e-01 1.010992e+00 2.318325e+04 1.771474e+00 2.704573e-02 2.160072e-03
1.525219e+00 5.991670e-01 1.021114e+00 2.437410e+04 1.901583e+00 4.492521e-03 2.104878e-03
1.584889e+00 6.222028e-01 1.008033e+00 2.506463e+04 2.019597e+00 7.895589e-03 2.014399e-03
1.646893e+00 6.461535e-01 1.018715e+00 2.655578e+04 2.161324e+00 6.837726e-03 1.989722e-03
1.711323e+00 6.710520e-01 1.002297e+00 2.721238e+04 2.211935e+00 -9.627938e-04 1.900196e-03
1.778274e+00 6.966546e-01 1.006797e+00 2.811245e+04 2.288011e+00 -2.520710e-02 1.845360e-03
1.847844e+00 7.237031e-01 1.003241e+00 2.921621e+04 2.343875e+00 -2.376753e-02 1.756310e-03
1.920137e+00 7.512819e-01 1.002328e+00 3.038858e+04 2.350878e+00 -2.584279e-03 1.715422e-03
1.995257e+00 7.800715e-01 1.003134e+00 3.133824e+04 2.398306e+00 -9.321272e-03 1.665950e-03
2.073316e+00 8.101821e-01 1.007042e+00 3.272488e+04 2.509237e+00 -1.905257e-02 1.635313e-03
2.154429e+00 8.411162e-01 1.001213e+00 3.417266e+04 2.716297e+00 6.214380e-04 1.590967e-03
2.238715e+00 8.730397e-01 1.001674e+00 3.569509e+04 2.896938e+00 7.496476e-03 1.542449e-03
2.326299e+00 9.061600e-01 1.007616e+00 3.776038e+04 3.120869e+00 1.225841e-02 1.535177e-03
2.417309e+00 9.406518e-01 9.964958e-01 3.877295e+04 3.161454e+00 7.921338e-03 1.448989e-03
2.511880e+00 9.765217e-01 1.013946e+00 4.129693e+04 3.274454e+00 2.125299e-02 1.428008e-03
2.610151e+00 1.013782e+00 1.004155e+00 4.230604e+04 3.269042e+00 2.624893e-02 1.382828e-03
2.712266e+00 1.052400e+00 9.965252e-01 4.307973e+04 3.386817e+00 4.181194e-02 1.342773e-03
2.818376e+00 1.092448e+00 9.932126e-01 4.443582e+04 3.582578e+00 2.473927e-02 1.265526e-03
2.928637e+00 1.133363e+00 9.786037e-01 4.555099e+04 3.570800e+00 4.051363e-02 1.216054e-03
3.043212e+00 1.176899e+00 9.836835e-01 4.769930e+04 3.793935e+00 1.242149e-02 1.180768e-03
3.162270e+00 1.221244e+00 9.899535e-01 5.024568e+04 4.012614e+00 -1.393616e-03 1.161218e-03
3.285985e+00 1.267402e+00 9.843748e-01 5.161161e+04 4.024392e+00 3.185809e-02 1.112461e-03
3.414541e+00 1.315415e+00 9.919010e-01 5.379209e+04 4.354479e+00 5.318010e-02 1.088858e-03
3.548125e+00 1.364669e+00 9.973006e-01 5.601481e+04 4.452518e+00 2.586186e-02 1.071215e-03
3.686936e+00 1.416143e+00 9.923377e-01 5.780801e+04 4.448699e+00 2.101028e-02 1.023054e-03
3.831177e+00 1.469020e+00 9.899235e-01 5.987564e+04 4.615493e+00 1.976454e-02 1.013398e-03
3.981061e+00 1.524121e+00 9.924665e-01 6.274121e+04 4.709076e+00 -5.241036e-03 9.918213e-04
4.136810e+00 1.580964e+00 9.940243e-01 6.534360e+04 5.269302e+00 -2.699852e-03 9.636879e-04
4.298651e+00 1.639852e+00 9.880324e-01 6.796934e+04 5.777961e+00 -8.340120e-03 9.169579e-04
4.466824e+00 1.700658e+00 1.000603e+00 7.144473e+04 5.862631e+00 -9.901822e-03 9.204149e-04
4.641576e+00 1.764001e+00 1.009928e+00 7.525076e+04 6.222322e+00 -2.201366e-02 9.104013e-04
4.823165e+00 1.829096e+00 1.010173e+00 7.960364e+04 6.302536e+00 -1.100194e-02 8.885860e-04
5.011858e+00 1.896658e+00 1.017685e+00 8.326132e+04 6.521533e+00 8.943558e-03 8.590221e-04
5.207934e+00 1.966858e+00 1.002665e+00 8.416893e+04 6.678141e+00 -1.631445e-02 8.122921e-04
5.411680e+00 2.038844e+00 1.004130e+00 8.828141e+04 7.093217e+00 -4.628360e-03 8.134842e-04
5.623397e+00 2.113306e+00 1.009128e+00 9.228559e+04 7.235820e+00 -1.316231e-02 7.920265e-04
5.843397e+00 2.190722e+00 9.970827e-01 9.461041e+04 7.839335e+00 -7.771730e-03 7.565022e-04
6.072004e+00 2.270462e+00 1.020446e+00 1.010543e+05 8.250592e+00 2.236092e-02 7.474422e-04
6.309555e+00 2.352755e+00 1.019276e+00 1.047648e+05 8.031594e+00 1.865458e-02 7.425547e-04
6.556399e+00 2.438634e+00 1.026979e+00 1.104984e+05 8.551077e+00 9.603977e-03 7.141829e-04
6.812900e+00 2.526186e+00 1.017979e+00 1.138746e+05 8.847741e+00 7.577181e-03 6.959438e-04
7.079436e+00 2.617101e+00 1.014862e+00 1.166370e+05 8.248046e+00 -2.159476e-03 6.934404e-04
7.356400e+00 2.710982e+00 1.005258e+00 1.211207e+05 9.755561e+00 -1.217037e-02 6.568432e-04
7.644198e+00 2.807782e+00 1.017809e+00 1.277366e+05 1.026486e+01 -5.525887e-03 6.568432e-04
7.943257e+00 2.907560e+00 1.013789e+00 1.319890e+05 1.063664e+01 -1.614904e-02 6.279945e-04
8.254015e+00 3.010653e+00 1.015387e+00 1.379177e+05 1.093713e+01 -6.261468e-04 5.956888e-04
8.576931e+00 3.116159e+00 1.000893e+00 1.391142e+05 1.137257e+01 8.242130e-04 5.792379e-04
8.912479e+00 3.225093e+00 1.009500e+00 1.438743e+05 1.172654e+01 1.282823e-02 5.915165e-04
9.261156e+00 3.338216e+00 9.950674e-01 1.475479e+05 1.291829e+01 -3.753543e-03 5.685091e-04
9.623473e+00 3.454373e+00 9.918483e-01 1.534056e+05 1.165014e+01 -2.507329e-02 5.348921e-04
9.999966e+00 3.574572e+00 9.996936e-01 1.595982e+05 1.183094e+01 -1.033664e-02 5.177259e-04
1.039119e+01 3.695919e+00 9.986932e-01 1.664804e+05 1.176473e+01 1.474142e-03 5.065203e-04
1.079772e+01 3.822455e+00 9.908919e-01 1.724745e+05 1.218745e+01 3.768241e-02 5.003214e-04
1.122015e+01 3.952783e+00 9.875598e-01 1.809887e+05 1.377645e+01 2.399457e-02 4.806519e-04
1.165910e+01 4.084483e+00 9.821429e-01 1.830068e+05 1.394961e+01 1.705778e-02 4.671812e-04
1.211523e+01 4.221132e+00 9.937365e-01 1.932164e+05 1.675074e+01 3.723264e-03 4.724264e-04
1.258921e+01 4.361864e+00 1.003913e+00 2.034263e+05 1.572196e+01 1.896703e-02 4.647970e-04
1.308173e+01 4.506789e+00 1.000542e+00 2.110901e+05 1.618542e+01 5.259991e-03 4.565716e-04
1.359352e+01 4.653719e+00 9.871017e-01 2.146947e+05 1.615486e+01 6.001115e-03 4.123449e-04
1.412532e+01 4.804590e+00 9.945812e-01 2.250704e+05 1.757071e+01 -1.903594e-03 4.174709e-04
1.467794e+01 4.959682e+00 9.945871e-01 2.366885e+05 1.870643e+01 -2.884507e-03 4.205704e-04
1.525217e+01 5.117491e+00 9.981266e-01 2.493340e+05 2.008153e+01 1.377940e-03 3.956556e-04
1.584887e+01 5.279154e+00 9.934461e-01 2.548575e+05 2.073853e+01 -9.471834e-03 3.910065e-04
1.646892e+01 5.445183e+00 9.861656e-01 2.664259e+05 2.148210e+01 -1.608753e-02 3.926754e-04
1.711322e+01 5.613888e+00 9.997494e-01 2.851547e+05 2.456843e+01 -4.781663e-03 3.751516e-04
1.778273e+01 5.785367e+00 9.899598e-01 2.866188e+05 2.358039e+01 -1.288456e-02 3.476143e-04
1.847843e+01 5.958993e+00 9.717494e-01 2.945525e+05 2.192009e+01 -1.463360e-02 3.401041e-04
1.920134e+01 6.136943e+00 9.769256e-01 3.087372e+05 2.762420e+01 -4.078746e-03 3.526211e-04
1.995255e+01 6.317041e+00 9.968427e-01 3.322348e+05 2.617780e+01 -1.669025e-02 3.523827e-04
2.073313e+01 6.501479e+00 1.003746e+00 3.478672e+05 2.828629e+01 -2.312243e-03 3.257990e-04
2.154426e+01 6.687444e+00 9.985191e-01 3.583079e+05 2.868354e+01 1.726401e-02 3.261566e-04
2.238712e+01 6.875805e+00 1.003104e+00 3.780092e+05 3.182080e+01 6.266475e-03 3.321171e-04
2.326295e+01 7.066278e+00 9.846949e-01 3.832062e+05 3.283939e+01 -1.433307e-02 3.170967e-04
2.417306e+01 7.258872e+00 9.875078e-01 3.957960e+05 3.270698e+01 -2.289575e-02 2.921820e-04
2.511876e+01 7.452735e+00 9.965652e-01 4.155802e+05 3.237084e+01 -6.227374e-03 2.900362e-04
2.610146e+01 7.648998e+00 9.813595e-01 4.309945e+05 3.391910e+01 -3.022575e-02 2.911091e-04
2.712261e+01 7.845910e+00 9.901655e-01 4.475254e+05 3.970470e+01 -2.482253e-02 2.824068e-04
2.818371e+01 8.043798e+00 9.937257e-01 4.660331e+05 3.489695e+01 -2.816993e-02 2.858639e-04
2.928632e+01 8.241253e+00 9.995320e-01 4.948175e+05 3.862499e+01 -3.723145e-02 2.826452e-04
3.043207e+01 8.441603e+00 1.004426e+00 5.225731e+05 4.159928e+01 -2.452904e-02 2.899170e-04
3.162264e+01 8.638552e+00 9.911498e-01 5.369331e+05 4.223081e+01 4.724383e-03 2.859831e-04
3.285979e+01 8.836762e+00 9.889645e-01 5.627354e+05 4.775158e+01 -3.283954e-02 2.832413e-04
3.414534e+01 9.035261e+00 1.006380e+00 6.046268e+05 5.107218e+01 -3.875780e-02 2.825260e-04
3.548118e+01 9.229568e+00 9.963126e-01 6.130784e+05 5.380201e+01 -4.813868e-02 2.760887e-04
3.686928e+01 9.424297e+00 9.894922e-01 6.422000e+05 5.162222e+01 -2.867794e-02 2.698898e-04
3.831170e+01 9.617699e+00 1.006488e+00 6.930766e+05 5.653183e+01 -9.382963e-04 2.781153e-04
3.981053e+01 9.808287e+00 9.935855e-01 7.109979e+05 5.302788e+01 8.256316e-03 2.684593e-04
4.136801e+01 9.993512e+00 9.825518e-01 7.240918e+05 6.030062e+01 1.665878e-02 2.518892e-04
4.298642e+01 1.017677e+01 1.006226e+00 7.841359e+05 6.470094e+01 6.776094e-03 2.619028e-04
4.466815e+01 1.035521e+01 1.002616e+00 8.361489e+05 6.914200e+01 -1.046342e-02 2.561808e-04
4.641567e+01 1.052575e+01 1.008263e+00 8.806779e+05 7.289041e+01 6.368423e-02 2.640486e-04
4.823155e+01 1.069570e+01 9.998209e-01 9.005522e+05 7.016059e+01 5.189919e-02 2.635717e-04
5.011848e+01 1.086162e+01 9.909295e-01 9.249044e+05 7.826858e+01 7.712615e-02 2.517700e-04
5.207923e+01 1.101749e+01 9.822783e-01 9.383727e+05 7.179034e+01 2.868474e-02 2.524853e-04
5.411669e+01 1.117334e+01 9.980342e-01 1.015582e+06 7.916494e+01 4.483438e-02 2.579689e-04
5.623386e+01 1.131568e+01 9.941942e-01 1.035030e+06 8.067245e+01 3.670955e-02 2.334118e-04
5.843385e+01 1.145596e+01 9.924792e-01 1.085746e+06 8.971754e+01 8.686304e-03 2.255440e-04
6.071991e+01 1.159203e+01 9.869367e-01 1.125537e+06 8.825078e+01 9.860516e-03 2.197027e-04
6.309542e+01 1.171813e+01 9.898307e-01 1.176387e+06 9.024722e+01 -1.140553e-02 2.493858e-04
6.556385e+01 1.183445e+01 1.006757e+00 1.241342e+06 1.057298e+02 -2.329731e-02 2.471209e-04
6.812886e+01 1.194454e+01 9.936672e-01 1.285132e+06 1.024296e+02 -1.266307e-02 2.464056e-04
7.079421e+01 1.205069e+01 9.935752e-01 1.320102e+06 1.055261e+02 -1.207137e-02 2.331734e-04
7.356384e+01 1.214769e+01 9.989565e-01 1.384360e+06 1.206420e+02 3.457904e-03 2.396107e-04
7.644183e+01 1.222941e+01 9.980376e-01 1.424794e+06 1.093560e+02 1.703978e-02 2.260208e-04
7.943240e+01 1.231029e+01 9.956185e-01 1.492535e+06 1.151416e+02 8.146405e-03 2.418756e-04
8.253998e+01 1.238129e+01 9.788519e-01 1.487925e+06 1.161602e+02 -1.652986e-02 2.268553e-04
8.576913e+01 1.244692e+01 9.739392e-01 1.576443e+06 1.170973e+02 2.495074e-02 2.449751e-04
8.912461e+01 1.250504e+01 9.969534e-01 1.700261e+06 1.312761e+02 8.321750e-02 2.388954e-04
9.261137e+01 1.256064e+01 1.019852e+00 1.845625e+06 1.540518e+02 2.443802e-02 2.439022e-04
9.623454e+01 1.260626e+01 1.014055e+00 1.903851e+06 1.546629e+02 7.298815e-02 2.428293e-04
9.999945e+01 1.264059e+01 9.776935e-01 1.877841e+06 1.570668e+02 4.450178e-02 2.393723e-04
1.039117e+02 1.267562e+01 9.968947e-01 1.989172e+06 1.642785e+02 -3.156978e-02 2.290010e-04
1.079769e+02 1.270859e+01 9.894537e-01 2.096730e+06 1.646044e+02 8.320451e-03 2.444983e-04
1.122012e+02 1.273567e+01 9.779129e-01 2.138129e+06 1.667638e+02 -4.834354e-03 2.551079e-04
1.165908e+02 1.275436e+01 1.008630e+00 2.283344e+06 1.803722e+02 6.220818e-03 2.278090e-04
1.211521e+02 1.277118e+01 9.948456e-01 2.326364e+06 1.907211e+02 1.908553e-02 2.335310e-04
1.258918e+02 1.278647e+01 1.018392e+00 2.617316e+06 2.075482e+02 2.159929e-02 2.315044e-04
1.308170e+02 1.280010e+01 1.003241e+00 2.671388e+06 2.115818e+02 5.102205e-02 2.233982e-04
1.359349e+02 1.281239e+01 9.977186e-01 2.772000e+06 2.243346e+02 3.734767e-02 2.477169e-04
1.412529e+02 1.282065e+01 9.973001e-01 2.823773e+06 2.269830e+02 6.426811e-03 2.228022e-04
1.467791e+02 1.282881e+01 9.819852e-01 2.818860e+06 2.298757e+02 -2.199209e-02 2.452135e-04
1.525214e+02 1.283617e+01 9.884951e-01 2.990082e+06 2.361910e+02 1.704502e-02 2.354383e-04
1.584884e+02 1.285866e+01 1.003421e+00 3.248048e+06 2.596186e+02 5.852222e-03 2.415180e-04
1.646888e+02 1.287695e+01 9.831625e-01 3.223289e+06 2.599038e+02 2.221954e-02 2.205372e-04
1.711318e+02 1.289970e+01 9.965392e-01 3.331784e+06 2.622670e+02 7.186842e-02 2.454519e-04
1.778269e+02 1.293399e+01 9.861395e-01 3.499406e+06 2.811313e+02 1.254098e-01 2.260208e-04
1.847839e+02 1.297840e+01 9.894916e-01 3.657782e+06 2.945767e+02 5.894995e-02 2.075434e-04
1.920130e+02 1.302699e+01 9.767643e-01 3.725930e+06 2.948619e+02 -1.261353e-02 2.288818e-04
1.995250e+02 1.306712e+01 9.520724e-01 3.845954e+06 3.175969e+02 -5.386382e-02 2.355576e-04
2.073309e+02 1.313498e+01 9.595907e-01 4.049940e+06 3.080628e+02 -4.857749e-02 2.512932e-04
2.154421e+02 1.318804e+01 9.867042e-01 4.241264e+06 3.417986e+02 -1.962322e-02 2.348423e-04
2.238707e+02 1.325817e+01 9.788678e-01 4.288570e+06 3.373575e+02 -3.988004e-02 2.146959e-04
2.326290e+02 1.334505e+01 9.866635e-01 4.517535e+06 3.584628e+02 -4.059672e-03 2.204180e-04
2.417300e+02 1.344717e+01 9.954584e-01 4.933796e+06 3.913429e+02 -7.080150e-02 2.427101e-04
2.511870e+02 1.354706e+01 9.991040e-01 5.081378e+06 4.089442e+02 -4.140222e-02 2.124310e-04
2.610140e+02 1.368259e+01 1.007733e+00 5.430270e+06 4.362831e+02 -6.290525e-02 2.368689e-04
2.712255e+02 1.382027e+01 9.957916e-01 5.538880e+06 4.410909e+02 -4.937869e-02 2.257824e-04
2.818365e+02 1.397109e+01 9.808314e-01 5.526753e+06 4.425577e+02 -3.901678e-02 2.312660e-04
2.928625e+02 1.413285e+01 1.007148e+00 5.931240e+06 4.746230e+02 -2.730888e-02 2.360344e-04
3.043200e+02 1.434101e+01 1.009214e+00 6.298646e+06 5.066882e+02 -1.244320e-01 2.385378e-04
3.162257e+02 1.452203e+01 1.026404e+00 6.818920e+06 5.418907e+02 -2.197921e-02 2.037287e-04
3.285971e+02 1.475643e+01 1.004938e+00 6.712600e+06 5.393646e+02 5.348444e-03 2.351999e-04
3.414526e+02 1.499700e+01 1.025748e+00 7.065120e+06 5.695964e+02 4.785419e-03 1.962185e-04
3.548110e+02 1.525551e+01 9.890117e-01 6.682548e+06 5.307270e+02 2.868891e-03 2.366304e-04
3.686920e+02 1.553290e+01 1.003635e+00 7.404900e+06 5.888275e+02 -5.670810e-02 2.467632e-04
3.831161e+02 1.582648e+01 9.685619e-01 6.953112e+06 5.471874e+02 -3.735662e-02 2.284050e-04
3.981045e+02 1.615793e+01 9.577999e-01 7.262132e+06 5.869532e+02 -5.296749e-02 2.348423e-04
4.136792e+02 1.651298e+01 1.001980e+00 8.075434e+06 6.514912e+02 9.950876e-03 2.377033e-04
4.298633e+02 1.687515e+01 9.885838e-01 8.039838e+06 6.421201e+02 -1.820314e-02 2.244711e-04
4.466805e+02 1.728614e+01 1.045964e+00 9.220706e+06 7.432459e+02 1.132512e-02 2.264977e-04
4.641557e+02 1.772534e+01 9.845198e-01 8.582878e+06 6.928867e+02 -6.067646e-02 2.242327e-04
4.823145e+02 1.813297e+01 1.009655e+00 9.616824e+06 7.557950e+02 -9.077549e-03 2.344847e-04
5.011837e+02 1.865322e+01 9.922346e-01 1.028983e+07 8.102285e+02 -5.868846e-02 2.470016e-04
5.207911e+02 1.915149e+01 1.006428e+00 1.068486e+07 8.556984e+02 -6.412470e-02 2.316236e-04
5.411657e+02 1.967874e+01 1.051950e+00 1.223356e+07 9.685583e+02 -4.301101e-02 2.236366e-04
5.623373e+02 2.026764e+01 1.024375e+00 1.214276e+07 9.831446e+02 -5.481821e-02 2.276897e-04
5.843372e+02 2.085357e+01 9.466670e-01 1.095407e+07 8.677585e+02 3.429246e-02 1.987219e-04
6.071978e+02 2.152294e+01 1.010080e+00 1.149119e+07 8.955457e+02 1.245389e-01 2.225637e-04
6.309528e+02 2.215094e+01 1.042370e+00 1.354324e+07 1.058357e+03 4.923248e-02 2.206564e-04
6.556371e+02 2.288320e+01 1.003266e+00 1.340376e+07 1.054446e+03 1.997983e-02 2.331734e-04
6.812871e+02 2.363501e+01 1.024078e+00 1.409004e+07 1.106109e+03 -5.603611e-03 2.093315e-04
7.079406e+02 2.439376e+01 1.011756e+00 1.455796e+07 1.134792e+03 -3.647202e-02 2.137423e-04
7.356368e+02 2.528739e+01 1.014901e+00 1.510914e+07 1.205687e+03 -4.825133e-02 2.280474e-04
7.644166e+02 2.614117e+01 1.034430e+00 1.618141e+07 1.309827e+03 -1.474285e-02 2.169609e-04
7.943223e+02 2.707818e+01 9.808895e-01 1.554708e+07 1.233066e+03 7.489455e-02 2.061129e-04
8.253980e+02 2.801739e+01 9.719194e-01 1.577235e+07 1.279351e+03 -1.083606e-01 2.269745e-04
8.576895e+02 2.908521e+01 1.049414e+00 2.028491e+07 1.618338e+03 3.635645e-03 2.809763e-04
8.912442e+02 3.009598e+01 9.955915e-01 1.819656e+07 1.442326e+03 -8.645439e-02 2.514124e-04
9.261117e+02 3.123726e+01 1.089817e+00 2.241511e+07 1.768927e+03 4.847801e-02 2.443790e-04
9.623433e+02 3.234809e+01 1.027822e+00 2.056955e+07 1.656474e+03 -6.849599e-02 2.142191e-04
