#./overdamped_3d --dev=1 --amp=100.0 --omega=1.0 --force=0 --Dg=0.01 --block=256 --paths=65536 --periods=1000 --trans=100 --samples=100 --spp=1000 --algorithm=euler --pav=1 --mode=moments --domain=1d --domainx=l:-2:3:300:1 --domainy=a:0:10:100:0 --domainz=D:-6:-1:100:1 --q=2 --eps=0 --phi=1.57079632679 --lambda=500.0 --zeta=0.0333333333333 --comp=0 --mean=0.0 --second=3.14 --skew=0.99 --distribution=d>> comp_d_l:-2:3:300:1_0.0_0.0333333333333_100.0.dat
#l <<v>> qnu(q) mu_q Dx Gx EBx
1.000000e-02 -2.150245e-09 -4.711232e-05 7.385154e+00 5.877133e-04 -2.180145e-01 1.578331e-04
1.039122e-02 -1.264850e-10 -2.308891e-05 7.458625e+00 5.937075e-04 -2.357501e-01 1.610518e-04
1.079775e-02 1.028745e-08 3.779371e-05 7.381773e+00 5.874104e-04 -2.171988e-01 1.611710e-04
1.122018e-02 4.005358e-09 -2.934921e-06 7.471174e+00 5.945379e-04 -2.386432e-01 1.657009e-04
1.165914e-02 2.546564e-08 6.402000e-05 7.372155e+00 5.867258e-04 -2.149677e-01 1.696348e-04
1.211527e-02 -2.951316e-10 4.247337e-05 7.365332e+00 5.862669e-04 -2.132508e-01 1.596212e-04
1.258925e-02 5.944794e-09 -5.261390e-07 7.429747e+00 5.913557e-04 -2.287083e-01 1.676083e-04
1.308177e-02 4.975076e-09 6.802210e-05 7.427147e+00 5.911674e-04 -2.279462e-01 1.393557e-04
1.359356e-02 -2.698346e-09 -3.903978e-05 7.384474e+00 5.876491e-04 -2.179146e-01 1.640320e-04
1.412537e-02 1.201607e-08 -3.992945e-05 7.412524e+00 5.898804e-04 -2.245083e-01 1.642704e-04
1.467799e-02 -8.010716e-10 2.758915e-05 7.407280e+00 5.894799e-04 -2.232225e-01 1.770258e-04
1.525222e-02 -1.412416e-08 -5.881129e-05 7.438141e+00 5.919391e-04 -2.308272e-01 1.657009e-04
1.584893e-02 1.446145e-08 -6.202231e-06 7.419048e+00 5.904426e-04 -2.260160e-01 1.764297e-04
1.646897e-02 -1.737060e-08 -1.102575e-05 7.330098e+00 5.834620e-04 -2.047064e-01 1.829863e-04
1.711327e-02 -2.487538e-09 1.394453e-05 7.399336e+00 5.889484e-04 -2.213349e-01 1.564026e-04
1.778278e-02 -2.411647e-08 2.754718e-05 7.346256e+00 5.846088e-04 -2.085919e-01 1.816750e-04
1.847849e-02 -8.305848e-09 -6.993806e-06 7.404993e+00 5.893281e-04 -2.227075e-01 1.611710e-04
1.920141e-02 1.559981e-09 8.264346e-05 7.380713e+00 5.873259e-04 -2.168561e-01 1.642704e-04
1.995261e-02 1.387119e-08 -3.112709e-05 7.432275e+00 5.915529e-04 -2.293935e-01 1.673698e-04
2.073320e-02 -9.486374e-09 5.760085e-05 7.423283e+00 5.908512e-04 -2.269789e-01 1.678467e-04
2.154433e-02 8.558818e-09 -1.931319e-05 7.391703e+00 5.883503e-04 -2.194948e-01 1.690388e-04
2.238719e-02 -7.799907e-09 2.454340e-05 7.341325e+00 5.842670e-04 -2.074289e-01 1.544952e-04
2.326303e-02 -2.108083e-09 -6.193095e-05 7.332975e+00 5.836939e-04 -2.055005e-01 1.763105e-04
2.417313e-02 -1.867762e-08 1.435680e-05 7.345413e+00 5.845341e-04 -2.084481e-01 1.683235e-04
2.511884e-02 -5.818309e-09 6.236053e-05 7.449635e+00 5.928652e-04 -2.334965e-01 1.680851e-04
2.610155e-02 3.162125e-09 1.023742e-05 7.400034e+00 5.889998e-04 -2.214961e-01 1.646280e-04
2.712270e-02 -2.276730e-09 1.614229e-05 7.364811e+00 5.862211e-04 -2.131889e-01 1.598597e-04
2.818380e-02 -8.685302e-09 5.449562e-05 7.389518e+00 5.881373e-04 -2.188966e-01 1.844168e-04
2.928642e-02 6.619381e-09 -7.798261e-06 7.337626e+00 5.840069e-04 -2.065732e-01 1.530647e-04
3.043217e-02 4.764268e-09 -1.590551e-05 7.391285e+00 5.882974e-04 -2.194118e-01 1.659393e-04
3.162274e-02 -2.361053e-09 4.921071e-05 7.445746e+00 5.924977e-04 -2.325308e-01 1.649857e-04
3.285990e-02 -1.285931e-08 3.551943e-05 7.416276e+00 5.901663e-04 -2.253324e-01 1.583099e-04
3.414545e-02 -1.644305e-09 7.061686e-05 7.401068e+00 5.890590e-04 -2.216696e-01 1.789331e-04
3.548130e-02 6.492896e-09 -3.126785e-05 7.357235e+00 5.855592e-04 -2.114288e-01 1.668930e-04
3.686940e-02 -7.968554e-09 -1.711515e-05 7.407597e+00 5.894944e-04 -2.233554e-01 1.766682e-04
3.831182e-02 4.806429e-09 -3.873367e-05 7.427167e+00 5.911907e-04 -2.281285e-01 1.782179e-04
3.981066e-02 -7.546937e-09 -9.008276e-06 7.387494e+00 5.879207e-04 -2.185377e-01 1.691580e-04
4.136815e-02 1.222688e-09 1.676033e-05 7.341277e+00 5.842682e-04 -2.074311e-01 1.863241e-04
4.298656e-02 -9.106919e-09 -8.134222e-06 7.446994e+00 5.926362e-04 -2.329513e-01 1.541376e-04
4.466829e-02 -1.378686e-08 2.516099e-05 7.362324e+00 5.860486e-04 -2.125208e-01 1.595020e-04
4.641582e-02 -1.728628e-08 3.400741e-05 7.442564e+00 5.922347e-04 -2.317780e-01 1.744032e-04
4.823171e-02 -1.403983e-08 3.207854e-05 7.393528e+00 5.885173e-04 -2.198757e-01 1.729727e-04
5.011865e-02 -1.281715e-08 4.067811e-05 7.367976e+00 5.864500e-04 -2.139585e-01 1.835823e-04
5.207940e-02 -1.172094e-08 1.212890e-05 7.401706e+00 5.891062e-04 -2.219285e-01 1.714230e-04
5.411686e-02 -4.890753e-09 -7.265223e-06 7.422475e+00 5.907663e-04 -2.268847e-01 1.786947e-04
5.623404e-02 2.023760e-09 3.899341e-05 7.422484e+00 5.907705e-04 -2.268103e-01 1.666546e-04
5.843404e-02 9.865829e-09 -4.329070e-05 7.347119e+00 5.846301e-04 -2.090289e-01 1.883507e-04
6.072012e-02 5.691824e-09 2.321401e-05 7.402761e+00 5.891667e-04 -2.222033e-01 1.596212e-04
6.309562e-02 5.691824e-09 -8.149347e-05 7.439966e+00 5.920425e-04 -2.313027e-01 1.691580e-04
6.556407e-02 -4.047520e-09 8.491334e-06 7.368838e+00 5.865303e-04 -2.141731e-01 1.755953e-04
6.812909e-02 -3.963196e-09 1.028135e-06 7.412830e+00 5.898944e-04 -2.245284e-01 1.577139e-04
7.079445e-02 -1.863545e-08 -1.892260e-05 7.418323e+00 5.903731e-04 -2.258753e-01 1.709461e-04
7.356408e-02 1.138365e-08 -3.338117e-05 7.416804e+00 5.902219e-04 -2.255598e-01 1.841784e-04
7.644208e-02 -2.601375e-08 4.927633e-06 7.419506e+00 5.904952e-04 -2.261217e-01 1.684427e-04
7.943267e-02 -1.142581e-08 1.426634e-05 7.405886e+00 5.893642e-04 -2.229396e-01 1.606941e-04
8.254025e-02 6.155603e-09 1.778064e-05 7.457409e+00 5.935631e-04 -2.354105e-01 1.627207e-04
8.576941e-02 1.344957e-08 -1.717513e-05 7.434721e+00 5.916953e-04 -2.299254e-01 1.734495e-04
8.912491e-02 1.728628e-09 -2.280880e-05 7.361673e+00 5.859789e-04 -2.124594e-01 1.714230e-04
9.261168e-02 -2.571861e-09 2.370662e-06 7.401065e+00 5.890756e-04 -2.217405e-01 1.612902e-04
9.623486e-02 -1.066690e-08 -5.732165e-05 7.434015e+00 5.916604e-04 -2.298070e-01 1.746416e-04
9.999978e-02 2.150245e-09 9.188861e-05 7.424737e+00 5.910004e-04 -2.273207e-01 1.670122e-04
1.039120e-01 4.679944e-09 -3.077136e-05 7.423447e+00 5.908972e-04 -2.271633e-01 1.645088e-04
1.079773e-01 -6.577219e-09 3.330367e-05 7.383350e+00 5.875331e-04 -2.175608e-01 1.711845e-04
1.122016e-01 3.056720e-08 -3.912496e-05 7.362312e+00 5.859967e-04 -2.126755e-01 1.690388e-04
1.165912e-01 4.975076e-09 6.991923e-05 7.389205e+00 5.881134e-04 -2.187943e-01 1.813173e-04
1.211525e-01 2.293594e-08 7.521120e-07 7.419589e+00 5.905289e-04 -2.261301e-01 1.763105e-04
1.258922e-01 2.584510e-08 3.135474e-05 7.406041e+00 5.893751e-04 -2.228963e-01 1.628399e-04
1.308174e-01 -1.117284e-08 -4.590290e-05 7.434424e+00 5.916830e-04 -2.299133e-01 1.652241e-04
1.359353e-01 1.041393e-08 -3.885011e-05 7.396760e+00 5.887563e-04 -2.208183e-01 1.593828e-04
1.412534e-01 2.065921e-09 3.123533e-05 7.448336e+00 5.927542e-04 -2.332184e-01 1.994371e-04
1.467796e-01 -7.504775e-09 -3.395487e-05 7.418654e+00 5.903898e-04 -2.260266e-01 1.802444e-04
1.525219e-01 2.529700e-10 -2.457420e-05 7.442155e+00 5.922153e-04 -2.317539e-01 1.828671e-04
1.584889e-01 -4.131843e-09 4.038763e-05 7.361885e+00 5.859922e-04 -2.124060e-01 1.792908e-04
1.646893e-01 -1.855113e-09 1.055766e-05 7.410222e+00 5.896620e-04 -2.238957e-01 1.804829e-04
1.711324e-01 9.950153e-09 -2.653382e-05 7.469407e+00 5.944244e-04 -2.382654e-01 1.833439e-04
1.778274e-01 -7.504775e-09 1.569848e-05 7.390681e+00 5.882480e-04 -2.192339e-01 1.653433e-04
1.847845e-01 8.305848e-09 -1.370110e-05 7.450157e+00 5.929508e-04 -2.337277e-01 1.876354e-04
1.920137e-01 -9.528535e-09 -6.171223e-05 7.455323e+00 5.934116e-04 -2.349952e-01 1.749992e-04
1.995257e-01 1.505171e-08 -1.096047e-04 7.387079e+00 5.879014e-04 -2.185769e-01 1.840591e-04
2.073316e-01 -1.235337e-08 6.042993e-06 7.480923e+00 5.954227e-04 -2.408119e-01 1.881123e-04
2.154428e-01 -1.374470e-08 1.218516e-04 7.420590e+00 5.906051e-04 -2.261775e-01 1.749992e-04
2.238715e-01 -9.992314e-09 -4.932050e-05 7.382029e+00 5.874310e-04 -2.173477e-01 1.641512e-04
2.326298e-01 -2.314675e-08 6.185370e-05 7.416154e+00 5.901620e-04 -2.252556e-01 1.872778e-04
2.417308e-01 -2.070138e-08 -5.852883e-07 7.452209e+00 5.931412e-04 -2.342011e-01 2.042055e-04
2.511879e-01 -1.686467e-10 -7.777234e-07 7.422215e+00 5.907493e-04 -2.268126e-01 1.610518e-04
2.610149e-01 1.218472e-08 8.800445e-07 7.399379e+00 5.889427e-04 -2.213473e-01 1.828671e-04
2.712264e-01 1.952085e-08 2.146638e-05 7.345877e+00 5.845428e-04 -2.085943e-01 1.833439e-04
2.818374e-01 2.592942e-08 8.092239e-05 7.355579e+00 5.853630e-04 -2.108088e-01 1.763105e-04
2.928635e-01 1.855113e-09 -5.115111e-06 7.446740e+00 5.926029e-04 -2.329012e-01 1.904964e-04
3.043210e-01 1.349173e-08 -1.806764e-05 7.356637e+00 5.855209e-04 -2.112479e-01 1.914501e-04
3.162267e-01 -1.374470e-08 -9.337887e-06 7.397752e+00 5.888329e-04 -2.209821e-01 1.657009e-04
3.285983e-01 8.179362e-09 2.877466e-05 7.383613e+00 5.875500e-04 -2.176189e-01 1.766682e-04
3.414538e-01 -1.222688e-09 -7.715910e-06 7.426419e+00 5.910926e-04 -2.278935e-01 1.676083e-04
3.548123e-01 1.391335e-09 4.839084e-06 7.469005e+00 5.943962e-04 -2.380994e-01 1.995564e-04
3.686934e-01 -1.201607e-08 3.630147e-06 7.387081e+00 5.878902e-04 -2.184041e-01 1.860857e-04
3.831175e-01 1.640089e-08 6.341301e-05 7.392990e+00 5.884673e-04 -2.196819e-01 1.987219e-04
3.981059e-01 -5.902633e-10 4.579746e-05 7.434752e+00 5.917040e-04 -2.298394e-01 1.988411e-04
4.136808e-01 7.083159e-09 1.915782e-05 7.384319e+00 5.876214e-04 -2.177854e-01 2.017021e-04
4.298649e-01 -5.017238e-09 -2.050336e-05 7.403394e+00 5.892174e-04 -2.223812e-01 2.002716e-04
4.466822e-01 -1.349173e-08 -1.461258e-05 7.411346e+00 5.897723e-04 -2.241850e-01 1.929998e-04
4.641575e-01 4.005358e-09 -6.837835e-05 7.394907e+00 5.886107e-04 -2.203617e-01 1.821518e-04
4.823164e-01 -8.432333e-10 -5.790678e-06 7.435244e+00 5.917242e-04 -2.300305e-01 1.975298e-04
5.011858e-01 2.445376e-09 -9.192981e-06 7.448022e+00 5.927286e-04 -2.332250e-01 2.032518e-04
5.207933e-01 -5.481016e-09 -3.361751e-06 7.406419e+00 5.894208e-04 -2.230682e-01 1.932383e-04
5.411680e-01 6.492896e-09 -2.306626e-05 7.385797e+00 5.877663e-04 -2.181493e-01 2.061129e-04
5.623397e-01 2.234568e-09 -6.165892e-05 7.436621e+00 5.918143e-04 -2.304644e-01 2.025366e-04
5.843398e-01 -1.901491e-08 -1.943703e-05 7.362611e+00 5.860418e-04 -2.126548e-01 2.064705e-04
6.072005e-01 7.842069e-09 1.846185e-05 7.486350e+00 5.958496e-04 -2.420247e-01 1.746416e-04
6.309556e-01 -1.155230e-08 -8.988636e-06 7.389137e+00 5.881289e-04 -2.188562e-01 2.059937e-04
6.556400e-01 2.689914e-08 -2.197685e-06 7.380916e+00 5.873475e-04 -2.170312e-01 1.968145e-04
6.812901e-01 -1.800303e-08 -2.454195e-05 7.396966e+00 5.887786e-04 -2.208059e-01 1.946688e-04
7.079438e-01 1.045609e-08 1.035880e-04 7.355848e+00 5.853911e-04 -2.108529e-01 2.236366e-04
7.356402e-01 7.293968e-09 4.175153e-05 7.426384e+00 5.911016e-04 -2.278188e-01 1.910925e-04
7.644201e-01 9.992314e-09 -1.115257e-05 7.394141e+00 5.885455e-04 -2.200847e-01 2.055168e-04
7.943260e-01 -1.779222e-08 1.618735e-05 7.351707e+00 5.850227e-04 -2.099696e-01 2.038479e-04
8.254018e-01 -8.769626e-09 -3.897274e-05 7.429084e+00 5.912978e-04 -2.285916e-01 2.119541e-04
8.576935e-01 1.307012e-08 -4.613356e-06 7.449603e+00 5.928866e-04 -2.336016e-01 2.032518e-04
8.912484e-01 9.233404e-09 -1.623735e-05 7.396033e+00 5.887188e-04 -2.205646e-01 2.126694e-04
9.261161e-01 1.108852e-08 1.063237e-05 7.401040e+00 5.890466e-04 -2.217852e-01 2.118349e-04
9.623479e-01 -2.108083e-09 -2.196349e-05 7.417387e+00 5.902902e-04 -2.256725e-01 2.195835e-04
9.999971e-01 -2.057489e-08 7.415553e-05 7.384441e+00 5.876393e-04 -2.177573e-01 2.095699e-04
1.039119e+00 2.200839e-08 -6.574739e-05 7.382698e+00 5.874762e-04 -2.175395e-01 2.194643e-04
1.079772e+00 1.104636e-08 2.428049e-05 7.442348e+00 5.922364e-04 -2.317553e-01 2.118349e-04
1.122015e+00 -2.833264e-08 1.514504e-05 7.408942e+00 5.895701e-04 -2.235954e-01 2.232790e-04
1.165911e+00 -5.523178e-09 -3.986522e-05 7.425081e+00 5.909904e-04 -2.275959e-01 2.247095e-04
1.211524e+00 8.263686e-09 5.108007e-05 7.442208e+00 5.922441e-04 -2.316405e-01 2.337694e-04
1.258922e+00 4.174005e-09 -5.484915e-05 7.432358e+00 5.915266e-04 -2.294174e-01 2.235174e-04
1.308174e+00 2.445376e-09 2.169536e-05 7.387486e+00 5.879519e-04 -2.184491e-01 2.353191e-04
1.359353e+00 -3.710226e-09 -1.395453e-05 7.382957e+00 5.875154e-04 -2.175282e-01 2.410412e-04
1.412534e+00 -3.166341e-08 -3.174568e-05 7.435367e+00 5.917258e-04 -2.300870e-01 2.464056e-04
1.467795e+00 5.776148e-09 2.377129e-05 7.486330e+00 5.958591e-04 -2.419857e-01 2.437830e-04
1.525219e+00 -3.499418e-09 1.208097e-05 7.381480e+00 5.873815e-04 -2.171449e-01 2.461672e-04
1.584889e+00 7.420453e-09 6.699909e-06 7.405924e+00 5.893637e-04 -2.229094e-01 2.447367e-04
1.646893e+00 -4.511298e-09 2.465184e-05 7.438752e+00 5.919391e-04 -2.308697e-01 2.552271e-04
1.711323e+00 -6.577219e-09 1.628895e-05 7.405989e+00 5.893646e-04 -2.229135e-01 2.464056e-04
1.778274e+00 3.204286e-09 4.412688e-05 7.390871e+00 5.882707e-04 -2.192181e-01 2.440214e-04
1.847844e+00 -8.432333e-10 1.040817e-05 7.414480e+00 5.900540e-04 -2.248911e-01 2.427101e-04
1.920137e+00 7.251806e-09 -9.385784e-06 7.380747e+00 5.873201e-04 -2.169660e-01 2.639294e-04
1.995257e+00 1.589495e-08 -5.924163e-05 7.385949e+00 5.878183e-04 -2.182140e-01 2.758503e-04
2.073316e+00 -6.197765e-09 -3.465984e-05 7.486336e+00 5.958808e-04 -2.420660e-01 2.658367e-04
2.154429e+00 1.049825e-08 -3.933668e-05 7.357966e+00 5.856759e-04 -2.115911e-01 2.884865e-04
2.238715e+00 2.694130e-08 -5.805788e-05 7.367359e+00 5.863770e-04 -2.139463e-01 2.793074e-04
2.326299e+00 2.230352e-08 -3.602933e-05 7.381855e+00 5.874094e-04 -2.172830e-01 2.751350e-04
2.417309e+00 1.315444e-08 5.575256e-05 7.385593e+00 5.877519e-04 -2.179691e-01 2.818108e-04
2.511880e+00 9.823667e-09 -1.115871e-05 7.407519e+00 5.894406e-04 -2.233207e-01 2.844334e-04
2.610151e+00 -1.935220e-08 -2.718095e-05 7.422027e+00 5.907767e-04 -2.268329e-01 2.886057e-04
2.712266e+00 5.481016e-10 2.037601e-05 7.381910e+00 5.874108e-04 -2.172139e-01 2.914667e-04
2.818376e+00 -7.757746e-09 -5.136042e-05 7.442779e+00 5.922652e-04 -2.319670e-01 2.696514e-04
2.928637e+00 2.276730e-09 -1.402974e-05 7.397930e+00 5.888102e-04 -2.210376e-01 3.134012e-04
3.043212e+00 1.694899e-08 2.335330e-05 7.424884e+00 5.909995e-04 -2.275138e-01 3.070831e-04
3.162270e+00 -2.841696e-08 1.105906e-05 7.419625e+00 5.905314e-04 -2.261761e-01 3.124475e-04
3.285985e+00 -1.054042e-08 -2.127412e-05 7.416937e+00 5.903061e-04 -2.255427e-01 3.213882e-04
3.414541e+00 -1.551549e-08 -1.325955e-05 7.372972e+00 5.867468e-04 -2.151985e-01 3.054142e-04
3.548125e+00 -1.850897e-08 2.005229e-05 7.387270e+00 5.879479e-04 -2.183839e-01 3.166199e-04
3.686936e+00 6.197765e-09 -1.529356e-05 7.318174e+00 5.823534e-04 -2.015935e-01 3.120899e-04
3.831177e+00 -2.276730e-09 1.734436e-06 7.489860e+00 5.961256e-04 -2.428086e-01 3.390312e-04
3.981061e+00 2.382134e-08 5.969545e-06 7.379834e+00 5.872474e-04 -2.167240e-01 3.479719e-04
4.136810e+00 1.728628e-08 -8.168320e-06 7.388815e+00 5.881077e-04 -2.187894e-01 3.205538e-04
4.298651e+00 -1.800303e-08 -8.911598e-05 7.349150e+00 5.848380e-04 -2.095006e-01 3.498793e-04
4.466824e+00 -1.121500e-08 -6.450822e-05 7.384431e+00 5.877143e-04 -2.178562e-01 3.497601e-04
4.641576e+00 1.096203e-08 -5.207692e-05 7.434448e+00 5.916189e-04 -2.299399e-01 3.508329e-04
4.823165e+00 -1.623224e-08 1.446372e-05 7.507426e+00 5.974991e-04 -2.468942e-01 3.414154e-04
5.011858e+00 6.619381e-09 -7.887299e-06 7.427935e+00 5.911984e-04 -2.282873e-01 3.504753e-04
5.207934e+00 1.619008e-08 5.073800e-06 7.406848e+00 5.894111e-04 -2.230915e-01 3.619194e-04
5.411680e+00 -1.387119e-08 -1.938231e-05 7.355194e+00 5.854335e-04 -2.108683e-01 3.581047e-04
5.623397e+00 -3.115747e-08 4.973470e-05 7.409040e+00 5.895859e-04 -2.235590e-01 3.745556e-04
5.843397e+00 -1.559981e-08 2.778086e-05 7.440871e+00 5.921100e-04 -2.313927e-01 3.597736e-04
6.072004e+00 -3.507850e-08 3.713165e-05 7.447316e+00 5.927137e-04 -2.329403e-01 3.834963e-04
6.309555e+00 -9.865829e-09 -1.471484e-05 7.452024e+00 5.931195e-04 -2.342129e-01 3.807545e-04
6.556399e+00 8.432333e-11 -2.876135e-05 7.441160e+00 5.921634e-04 -2.315655e-01 3.979206e-04
6.812900e+00 3.550012e-08 5.957259e-06 7.471350e+00 5.945430e-04 -2.386706e-01 3.989935e-04
7.079436e+00 1.880410e-08 5.864273e-05 7.444894e+00 5.924979e-04 -2.323554e-01 3.854036e-04
7.356400e+00 4.722106e-09 2.367364e-05 7.421481e+00 5.906963e-04 -2.266840e-01 3.960133e-04
7.644198e+00 -5.691824e-09 -3.386483e-06 7.389678e+00 5.881799e-04 -2.190176e-01 4.019737e-04
7.943257e+00 8.685302e-09 -3.725135e-06 7.375766e+00 5.869173e-04 -2.157652e-01 4.267693e-04
8.254015e+00 2.179758e-08 -2.558180e-05 7.360273e+00 5.857862e-04 -2.121682e-01 4.103184e-04
8.576931e+00 2.339972e-08 2.403738e-06 7.378858e+00 5.872032e-04 -2.164644e-01 4.193783e-04
8.912479e+00 -1.011880e-09 -4.277128e-05 7.387095e+00 5.879538e-04 -2.184650e-01 4.229546e-04
9.261156e+00 1.054042e-09 -7.302652e-06 7.403358e+00 5.891264e-04 -2.222832e-01 4.290342e-04
9.623473e+00 -2.512835e-08 -3.184744e-05 7.384698e+00 5.877489e-04 -2.178350e-01 4.276037e-04
9.999966e+00 2.403215e-09 9.898951e-05 7.424804e+00 5.909034e-04 -2.273725e-01 4.433393e-04
1.039119e+01 -1.412416e-08 2.533485e-05 7.406707e+00 5.894079e-04 -2.230445e-01 4.386902e-04
1.079772e+01 -3.642768e-08 1.438963e-06 7.369792e+00 5.864537e-04 -2.143741e-01 4.428625e-04
1.122015e+01 -1.129933e-08 3.339402e-05 7.421394e+00 5.906419e-04 -2.266702e-01 4.385710e-04
1.165910e+01 5.481016e-10 2.815879e-05 7.435513e+00 5.916955e-04 -2.301266e-01 4.514456e-04
1.211523e+01 -2.567645e-08 -4.275460e-05 7.441846e+00 5.922738e-04 -2.317427e-01 4.431009e-04
1.258921e+01 1.387119e-08 5.531491e-05 7.418297e+00 5.903952e-04 -2.258471e-01 4.380941e-04
1.308173e+01 2.331540e-08 -4.301564e-05 7.436368e+00 5.917937e-04 -2.304485e-01 4.488230e-04
1.359352e+01 3.625903e-09 -5.344998e-05 7.391576e+00 5.882271e-04 -2.195777e-01 4.622936e-04
1.412532e+01 -5.776148e-09 -1.837583e-05 7.342230e+00 5.843046e-04 -2.076948e-01 4.527569e-04
1.467794e+01 1.007664e-08 1.308218e-05 7.434724e+00 5.916393e-04 -2.299876e-01 4.547834e-04
1.525217e+01 8.137201e-09 -6.672426e-05 7.367350e+00 5.862544e-04 -2.138501e-01 4.631281e-04
1.584887e+01 9.486374e-09 -3.022078e-05 7.449192e+00 5.928080e-04 -2.334751e-01 4.622936e-04
1.646892e+01 -9.191242e-09 -3.737031e-05 7.428427e+00 5.911366e-04 -2.284627e-01 4.676580e-04
1.711322e+01 8.010716e-10 -6.566371e-05 7.465114e+00 5.940785e-04 -2.372322e-01 4.782677e-04
1.778273e+01 1.796087e-08 -1.622678e-05 7.479280e+00 5.951881e-04 -2.403966e-01 4.799366e-04
1.847843e+01 1.939437e-08 -7.330952e-05 7.392765e+00 5.882827e-04 -2.198569e-01 4.757643e-04
1.920134e+01 -1.264850e-10 -9.203869e-05 7.405796e+00 5.893980e-04 -2.230222e-01 4.924536e-04
1.995255e+01 1.741277e-08 -1.882160e-06 7.394592e+00 5.883963e-04 -2.202135e-01 4.887581e-04
2.073313e+01 2.091218e-08 -1.157238e-04 7.397991e+00 5.887276e-04 -2.211442e-01 4.783869e-04
2.154426e+01 -6.155603e-09 -1.424144e-05 7.428224e+00 5.911164e-04 -2.284534e-01 4.734993e-04
2.238712e+01 -2.192406e-08 -3.294049e-05 7.428199e+00 5.911257e-04 -2.284628e-01 4.644394e-04
2.326295e+01 -2.049057e-08 -1.152973e-04 7.385330e+00 5.876763e-04 -2.181263e-01 4.959106e-04
2.417306e+01 -1.066690e-08 4.194501e-05 7.395473e+00 5.885171e-04 -2.203058e-01 4.625320e-04
2.511876e+01 -1.011880e-08 -5.998687e-05 7.403881e+00 5.892186e-04 -2.225350e-01 4.692078e-04
2.610146e+01 1.673818e-08 7.198672e-05 7.422579e+00 5.906389e-04 -2.269863e-01 4.929304e-04
2.712261e+01 1.155230e-08 -1.659215e-05 7.405442e+00 5.893270e-04 -2.228534e-01 4.873276e-04
2.818371e+01 2.318891e-08 -3.023219e-07 7.426725e+00 5.910191e-04 -2.280312e-01 4.826784e-04
2.928632e+01 1.715980e-08 9.533759e-05 7.419824e+00 5.904171e-04 -2.262316e-01 4.754066e-04
3.043207e+01 -8.600979e-09 5.152305e-05 7.382760e+00 5.874791e-04 -2.172405e-01 4.736185e-04
3.162264e+01 -4.013790e-08 -4.991109e-06 7.365587e+00 5.861830e-04 -2.131875e-01 4.788637e-04
3.285979e+01 2.027976e-08 -6.454965e-05 7.440586e+00 5.920804e-04 -2.314710e-01 4.987717e-04
3.414534e+01 -1.446145e-08 4.119006e-07 7.410224e+00 5.896754e-04 -2.240081e-01 4.857779e-04
3.548118e+01 -1.016096e-08 -3.696990e-05 7.428051e+00 5.911212e-04 -2.283680e-01 4.839897e-04
3.686928e+01 4.932915e-09 1.817251e-05 7.482570e+00 5.954419e-04 -2.410905e-01 4.832745e-04
3.831170e+01 -7.462615e-09 4.286577e-05 7.493271e+00 5.962838e-04 -2.435478e-01 4.721880e-04
3.981053e+01 -1.264850e-08 -1.294846e-05 7.413653e+00 5.899587e-04 -2.249120e-01 4.749298e-04
4.136801e+01 -2.770021e-08 -1.035371e-05 7.409930e+00 5.896540e-04 -2.240127e-01 4.669428e-04
4.298642e+01 3.280177e-08 1.209691e-04 7.466783e+00 5.941513e-04 -2.372178e-01 4.793406e-04
4.466815e+01 -2.154461e-08 1.098911e-06 7.522164e+00 5.985812e-04 -2.504765e-01 4.707575e-04
4.641567e+01 5.354531e-09 1.222344e-05 7.393850e+00 5.883726e-04 -2.200286e-01 4.696846e-04
4.823155e+01 -9.064757e-09 -3.196593e-05 7.493595e+00 5.963286e-04 -2.437953e-01 4.702806e-04
5.011848e+01 1.509387e-08 1.046669e-04 7.463945e+00 5.939450e-04 -2.365465e-01 4.793406e-04
5.207923e+01 3.410878e-08 6.630070e-05 7.513762e+00 5.979073e-04 -2.484099e-01 4.619360e-04
5.411669e+01 8.516656e-09 -6.098971e-05 7.475812e+00 5.948907e-04 -2.396167e-01 4.616976e-04
5.623386e+01 1.058258e-08 5.593031e-05 7.509978e+00 5.975935e-04 -2.475057e-01 4.482269e-04
5.843385e+01 2.639320e-08 -1.222311e-04 7.427319e+00 5.910214e-04 -2.282593e-01 4.596710e-04
6.071991e+01 -5.126858e-08 4.554000e-05 7.405748e+00 5.893179e-04 -2.228619e-01 4.520416e-04
6.309542e+01 -4.688377e-08 9.454357e-05 7.488208e+00 5.958664e-04 -2.423501e-01 4.560947e-04
6.556385e+01 2.630888e-08 -8.935922e-05 7.458822e+00 5.935380e-04 -2.356122e-01 4.392862e-04
6.812886e+01 2.230352e-08 5.372518e-06 7.475832e+00 5.948842e-04 -2.395637e-01 4.620552e-04
7.079421e+01 3.022991e-08 -1.350889e-05 7.448089e+00 5.926941e-04 -2.329242e-01 4.367828e-04
7.356384e+01 9.359889e-09 6.986219e-05 7.463321e+00 5.938923e-04 -2.364349e-01 4.484653e-04
7.644183e+01 8.052877e-09 6.046711e-05 7.521615e+00 5.985459e-04 -2.500715e-01 4.396439e-04
7.943240e+01 1.311228e-08 1.183428e-06 7.485475e+00 5.956548e-04 -2.417945e-01 4.298687e-04
8.253998e+01 5.894200e-08 -4.014745e-05 7.485839e+00 5.957011e-04 -2.419125e-01 4.377365e-04
8.576913e+01 3.461473e-08 1.097196e-04 7.473139e+00 5.946593e-04 -2.387170e-01 4.345179e-04
8.912461e+01 -1.968950e-08 3.938681e-05 7.415968e+00 5.901318e-04 -2.251758e-01 4.200935e-04
9.261137e+01 5.991172e-08 9.106825e-05 7.557795e+00 6.014248e-04 -2.584466e-01 4.231930e-04
9.623454e+01 4.996157e-08 -6.808208e-05 7.457802e+00 5.934587e-04 -2.353090e-01 4.312992e-04
9.999945e+01 -5.143723e-08 -5.343660e-06 7.534516e+00 5.995733e-04 -2.531399e-01 4.236698e-04
1.039117e+02 -6.404356e-08 -2.778679e-04 7.512710e+00 5.978293e-04 -2.484792e-01 4.303455e-04
1.079769e+02 1.737060e-08 -6.424067e-05 7.506218e+00 5.973193e-04 -2.466261e-01 4.343987e-04
1.122012e+02 -1.349173e-09 -6.246652e-05 7.539760e+00 5.999780e-04 -2.544732e-01 4.279613e-04
1.165908e+02 -1.522036e-08 -8.060230e-05 7.570860e+00 6.024557e-04 -2.616494e-01 4.142523e-04
1.211521e+02 -7.247590e-08 -6.301934e-05 7.518358e+00 5.982669e-04 -2.494521e-01 4.231930e-04
1.258918e+02 1.458794e-08 1.030766e-04 7.506304e+00 5.973229e-04 -2.463530e-01 4.127026e-04
1.308170e+02 -1.093252e-07 3.160420e-04 7.573931e+00 6.027180e-04 -2.616670e-01 4.068613e-04
1.359349e+02 -6.674191e-08 -4.343383e-05 7.558220e+00 6.014514e-04 -2.586069e-01 4.175901e-04
1.412529e+02 4.536595e-08 -1.246162e-05 7.505961e+00 5.972948e-04 -2.464203e-01 4.036427e-04
1.467791e+02 -2.361053e-08 -1.119202e-05 7.552122e+00 6.009727e-04 -2.571157e-01 3.926754e-04
1.525214e+02 -6.404356e-08 1.671300e-04 7.520475e+00 5.984665e-04 -2.495197e-01 3.991127e-04
1.584884e+02 1.269066e-08 -2.153367e-04 7.606779e+00 6.053448e-04 -2.699442e-01 3.892183e-04
1.646888e+02 3.921035e-08 3.469731e-05 7.601355e+00 6.048749e-04 -2.683185e-01 3.963709e-04
1.711318e+02 5.999605e-08 -5.984538e-05 7.579482e+00 6.031650e-04 -2.634593e-01 3.911257e-04
1.778269e+02 2.571861e-08 7.005540e-05 7.586070e+00 6.036835e-04 -2.647848e-01 4.001856e-04
1.847839e+02 -1.623224e-08 -8.682959e-05 7.598625e+00 6.046555e-04 -2.678339e-01 3.881454e-04
1.920130e+02 -5.523178e-09 5.151264e-05 7.592697e+00 6.042027e-04 -2.662252e-01 3.927946e-04
1.995250e+02 -3.533147e-08 3.707238e-06 7.647728e+00 6.085974e-04 -2.787337e-01 3.888607e-04
2.073309e+02 6.193548e-08 -1.779112e-04 7.650483e+00 6.088209e-04 -2.796257e-01 3.812313e-04
2.154421e+02 5.396693e-09 -2.020083e-05 7.624419e+00 6.067510e-04 -2.734826e-01 4.026890e-04
2.238707e+02 -3.060937e-08 5.744215e-05 7.557399e+00 6.013946e-04 -2.580913e-01 3.855228e-04
2.326290e+02 5.257559e-08 1.061063e-04 7.624778e+00 6.067568e-04 -2.733616e-01 3.830194e-04
2.417300e+02 1.931004e-08 -1.180587e-04 7.679591e+00 6.111073e-04 -2.860031e-01 3.875494e-04
2.511870e+02 -4.216166e-11 6.372007e-05 7.683815e+00 6.114466e-04 -2.866302e-01 3.799200e-04
2.610140e+02 8.432333e-11 -9.924814e-05 7.637475e+00 6.077873e-04 -2.764432e-01 3.651381e-04
2.712255e+02 1.490415e-07 3.925657e-04 7.688303e+00 6.118100e-04 -2.870691e-01 3.739595e-04
2.818365e+02 6.294736e-08 1.968676e-04 7.696878e+00 6.125035e-04 -2.892535e-01 3.818274e-04
2.928625e+02 -9.907991e-09 -3.237386e-05 7.644993e+00 6.083649e-04 -2.779754e-01 3.749132e-04
3.043200e+02 -1.222688e-09 1.187048e-05 7.715292e+00 6.139524e-04 -2.935670e-01 3.800392e-04
3.162257e+02 -3.018775e-08 5.077476e-06 7.752094e+00 6.168968e-04 -3.016379e-01 3.694296e-04
3.285971e+02 3.689145e-08 -2.666542e-05 7.697778e+00 6.125673e-04 -2.896745e-01 3.780127e-04
3.414526e+02 -2.361053e-09 -1.255704e-04 7.745555e+00 6.163751e-04 -3.003463e-01 3.722906e-04
3.548110e+02 2.432728e-08 -1.500931e-04 7.840351e+00 6.239078e-04 -3.209333e-01 3.614426e-04
3.686920e+02 4.975076e-08 1.164408e-04 7.789457e+00 6.198717e-04 -3.095216e-01 3.871918e-04
3.831161e+02 -6.505545e-08 2.092032e-04 7.765916e+00 6.180106e-04 -3.042138e-01 3.459454e-04
3.981045e+02 4.932915e-08 8.129441e-05 7.788307e+00 6.197775e-04 -3.092686e-01 3.474951e-04
4.136792e+02 2.976613e-08 2.708338e-04 7.823813e+00 6.225825e-04 -3.166167e-01 3.693104e-04
4.298633e+02 -7.926393e-09 4.788282e-06 7.822886e+00 6.225244e-04 -3.167590e-01 3.668070e-04
4.466805e+02 6.273655e-08 -3.188637e-04 7.843966e+00 6.242160e-04 -3.216845e-01 3.639460e-04
4.641557e+02 -5.109993e-08 -8.561919e-05 7.862933e+00 6.257268e-04 -3.252617e-01 3.521442e-04
4.823145e+02 2.002679e-08 -3.356146e-04 7.881453e+00 6.271853e-04 -3.295727e-01 3.700256e-04
5.011837e+02 -8.179362e-09 -7.609683e-06 7.897842e+00 6.284956e-04 -3.324888e-01 3.676414e-04
5.207911e+02 2.061705e-08 4.384123e-04 7.941329e+00 6.319481e-04 -3.410339e-01 3.598928e-04
5.411657e+02 -4.852807e-08 -3.492946e-04 7.925723e+00 6.306965e-04 -3.388355e-01 3.643036e-04
5.623373e+02 9.439996e-08 -4.001636e-04 7.943234e+00 6.320922e-04 -3.425141e-01 3.579855e-04
5.843372e+02 1.083133e-07 -9.920579e-05 7.968625e+00 6.341212e-04 -3.472875e-01 3.522635e-04
6.071978e+02 1.003026e-07 7.898662e-06 8.006020e+00 6.371019e-04 -3.548228e-01 3.622770e-04
6.309528e+02 1.635872e-08 1.481475e-04 8.014078e+00 6.377357e-04 -3.562000e-01 3.535748e-04
6.556371e+02 -3.583741e-08 1.069680e-05 8.072727e+00 6.424151e-04 -3.682265e-01 3.485680e-04
6.812871e+02 -3.777685e-08 5.575501e-04 8.055563e+00 6.410447e-04 -3.639004e-01 3.588200e-04
7.079406e+02 -1.187272e-07 5.336924e-04 8.122119e+00 6.463368e-04 -3.772222e-01 3.530979e-04
7.356368e+02 -5.295505e-08 1.823598e-04 8.121578e+00 6.462891e-04 -3.775992e-01 3.707409e-04
7.644166e+02 -1.260634e-08 -1.354437e-04 8.197659e+00 6.523667e-04 -3.930355e-01 3.409386e-04
7.943223e+02 5.552691e-08 3.057049e-04 8.126551e+00 6.467113e-04 -3.782412e-01 3.508329e-04
8.253980e+02 2.019544e-08 -5.717869e-04 8.210958e+00 6.534161e-04 -3.961914e-01 3.411770e-04
8.576895e+02 -7.538505e-08 -6.107884e-05 8.239047e+00 6.556376e-04 -4.008076e-01 3.490448e-04
8.912442e+02 1.121500e-08 -7.897849e-05 8.269992e+00 6.581222e-04 -4.066183e-01 3.397465e-04
9.261117e+02 -2.019544e-08 8.775945e-04 8.346617e+00 6.642171e-04 -4.198338e-01 3.498793e-04
9.623433e+02 -2.938668e-08 2.381384e-04 8.353163e+00 6.647199e-04 -4.218438e-01 3.367662e-04
