#./munderdamped_3d --dev=1 --amp=12.2 --omega=5.775 --force=0.1 --mass=0.8775 --Dg=0.0001 --block=1024 --paths=1048576 --periods=20000 --trans=18000 --samples=1000 --spp=1000 --algorithm=predcorr --pav=1 --mode=moments --domain=3d --domainx=f:0.0:0.01:100:0 --domainy=a:12.2:12.2:1:0 --domainz=w:5.775:5.775:1:0 --q=2 --eps=0 --phi=0 --lambda=0 --Dp=0 --comp=0 --mean=0 >> temp/faw-D0.0001-m0.8775-a12.2-w5.775-f_0.0_0.01-spp1000.dat
#./munderdamped_3d --dev=2 --amp=12.2 --omega=5.775 --force=0.1 --mass=0.8775 --Dg=0.0001 --block=1024 --paths=1048576 --periods=20000 --trans=18000 --samples=1000 --spp=1000 --algorithm=predcorr --pav=1 --mode=moments --domain=3d --domainx=f:0.01:0.02:100:0 --domainy=a:12.2:12.2:1:0 --domainz=w:5.775:5.775:1:0 --q=2 --eps=0 --phi=0 --lambda=0 --Dp=0 --comp=0 --mean=0 >> temp/faw-D0.0001-m0.8775-a12.2-w5.775-f_0.01_0.02-spp1000.dat
#f a w <<v>> <<v^2>> qnu(q) mu_q Dx Gx EBx
0.000000e+00 1.220000e+01 5.775000e+00 1.746599e-03 5.237327e+00 1.288359e+00 1.386366e+08 3.185638e+03 -3.448312e-01 4.634261e-03
1.000000e-04 1.220000e+01 5.775000e+00 -5.370274e-03 5.237353e+00 1.290541e+00 1.390027e+08 3.194063e+03 -3.466205e-01 4.737973e-03
2.000000e-04 1.220000e+01 5.775000e+00 -1.026413e-02 5.237346e+00 1.287046e+00 1.389028e+08 3.192394e+03 -3.455648e-01 4.655480e-03
3.000000e-04 1.220000e+01 5.775000e+00 -1.686005e-02 5.237344e+00 1.280955e+00 1.386119e+08 3.185632e+03 -3.452778e-01 4.698157e-03
4.000000e-04 1.220000e+01 5.775000e+00 -2.316704e-02 5.237328e+00 1.287413e+00 1.388462e+08 3.190424e+03 -3.455383e-01 4.683018e-03
5.000000e-04 1.220000e+01 5.775000e+00 -2.850740e-02 5.237317e+00 1.283447e+00 1.387034e+08 3.187641e+03 -3.449200e-01 4.732728e-03
6.000000e-04 1.220000e+01 5.775000e+00 -3.334115e-02 5.237303e+00 1.284204e+00 1.387192e+08 3.187907e+03 -3.452335e-01 4.817367e-03
7.000000e-04 1.220000e+01 5.775000e+00 -4.170864e-02 5.237258e+00 1.284955e+00 1.386314e+08 3.186534e+03 -3.437460e-01 4.805088e-03
8.000000e-04 1.220000e+01 5.775000e+00 -4.570739e-02 5.237245e+00 1.286785e+00 1.382800e+08 3.177662e+03 -3.427632e-01 4.727840e-03
9.000000e-04 1.220000e+01 5.775000e+00 -5.172718e-02 5.237211e+00 1.280024e+00 1.385578e+08 3.184001e+03 -3.437003e-01 4.770994e-03
9.999999e-04 1.220000e+01 5.775000e+00 -5.793266e-02 5.237155e+00 1.282524e+00 1.383634e+08 3.180137e+03 -3.420981e-01 4.807830e-03
1.100000e-03 1.220000e+01 5.775000e+00 -6.505250e-02 5.237140e+00 1.280111e+00 1.381444e+08 3.174977e+03 -3.413099e-01 4.836798e-03
1.200000e-03 1.220000e+01 5.775000e+00 -6.917498e-02 5.237097e+00 1.285091e+00 1.379133e+08 3.169410e+03 -3.398344e-01 4.808187e-03
1.300000e-03 1.220000e+01 5.775000e+00 -7.494955e-02 5.237027e+00 1.282589e+00 1.379465e+08 3.169471e+03 -3.396642e-01 4.844427e-03
1.400000e-03 1.220000e+01 5.775000e+00 -8.269415e-02 5.236961e+00 1.288615e+00 1.377827e+08 3.166316e+03 -3.383839e-01 4.850864e-03
1.500000e-03 1.220000e+01 5.775000e+00 -8.541336e-02 5.236920e+00 1.286481e+00 1.377712e+08 3.165397e+03 -3.373963e-01 4.903793e-03
1.600000e-03 1.220000e+01 5.775000e+00 -9.389775e-02 5.236853e+00 1.269739e+00 1.376253e+08 3.163378e+03 -3.371405e-01 4.928946e-03
1.700000e-03 1.220000e+01 5.775000e+00 -9.967310e-02 5.236803e+00 1.289060e+00 1.371462e+08 3.150836e+03 -3.346879e-01 4.916549e-03
1.800000e-03 1.220000e+01 5.775000e+00 -1.047116e-01 5.236693e+00 1.273769e+00 1.367699e+08 3.143916e+03 -3.324909e-01 4.897594e-03
1.899999e-03 1.220000e+01 5.775000e+00 -1.107307e-01 5.236639e+00 1.272999e+00 1.368589e+08 3.144425e+03 -3.326462e-01 4.863143e-03
1.999999e-03 1.220000e+01 5.775000e+00 -1.166287e-01 5.236558e+00 1.284705e+00 1.364293e+08 3.135747e+03 -3.297259e-01 4.951715e-03
2.099999e-03 1.220000e+01 5.775000e+00 -1.233466e-01 5.236503e+00 1.274265e+00 1.363713e+08 3.133501e+03 -3.295667e-01 4.916668e-03
2.200000e-03 1.220000e+01 5.775000e+00 -1.280636e-01 5.236404e+00 1.276755e+00 1.358690e+08 3.122283e+03 -3.264915e-01 4.897475e-03
2.300000e-03 1.220000e+01 5.775000e+00 -1.342966e-01 5.236318e+00 1.278694e+00 1.358195e+08 3.121937e+03 -3.255181e-01 4.852653e-03
2.400000e-03 1.220000e+01 5.775000e+00 -1.412167e-01 5.236241e+00 1.267907e+00 1.352425e+08 3.107008e+03 -3.225712e-01 4.905224e-03
2.500000e-03 1.220000e+01 5.775000e+00 -1.459263e-01 5.236145e+00 1.262616e+00 1.349038e+08 3.101553e+03 -3.204224e-01 4.908562e-03
2.600000e-03 1.220000e+01 5.775000e+00 -1.497157e-01 5.236056e+00 1.282504e+00 1.349798e+08 3.100597e+03 -3.197921e-01 4.873991e-03
2.700000e-03 1.220000e+01 5.775000e+00 -1.558765e-01 5.235985e+00 1.262044e+00 1.344237e+08 3.090169e+03 -3.162234e-01 4.920363e-03
2.800000e-03 1.220000e+01 5.775000e+00 -1.631241e-01 5.235892e+00 1.267341e+00 1.343266e+08 3.086256e+03 -3.158721e-01 4.887223e-03
2.900000e-03 1.220000e+01 5.775000e+00 -1.692653e-01 5.235803e+00 1.274788e+00 1.339692e+08 3.078374e+03 -3.128117e-01 4.880071e-03
3.000000e-03 1.220000e+01 5.775000e+00 -1.743744e-01 5.235714e+00 1.260437e+00 1.334505e+08 3.067801e+03 -3.100160e-01 4.886985e-03
3.100000e-03 1.220000e+01 5.775000e+00 -1.804907e-01 5.235642e+00 1.267109e+00 1.333800e+08 3.063788e+03 -3.091980e-01 4.860044e-03
3.200000e-03 1.220000e+01 5.775000e+00 -1.857155e-01 5.235559e+00 1.262171e+00 1.328390e+08 3.055011e+03 -3.046287e-01 4.933476e-03
3.300000e-03 1.220000e+01 5.775000e+00 -1.918683e-01 5.235483e+00 1.260945e+00 1.327476e+08 3.049832e+03 -3.041325e-01 4.876494e-03
3.400000e-03 1.220000e+01 5.775000e+00 -1.976728e-01 5.235437e+00 1.256794e+00 1.323425e+08 3.041373e+03 -3.009077e-01 4.881144e-03
3.500000e-03 1.220000e+01 5.775000e+00 -2.032562e-01 5.235343e+00 1.262386e+00 1.317157e+08 3.027443e+03 -2.967643e-01 4.937053e-03
3.600000e-03 1.220000e+01 5.775000e+00 -2.075146e-01 5.235298e+00 1.267707e+00 1.312042e+08 3.014041e+03 -2.949073e-01 4.872799e-03
3.700000e-03 1.220000e+01 5.775000e+00 -2.152787e-01 5.235224e+00 1.238827e+00 1.306839e+08 3.005513e+03 -2.901936e-01 4.901052e-03
3.800001e-03 1.220000e+01 5.775000e+00 -2.185454e-01 5.235154e+00 1.263752e+00 1.304504e+08 2.997429e+03 -2.886617e-01 4.864097e-03
3.900001e-03 1.220000e+01 5.775000e+00 -2.246469e-01 5.235114e+00 1.257018e+00 1.300868e+08 2.989203e+03 -2.861608e-01 4.827261e-03
4.000001e-03 1.220000e+01 5.775000e+00 -2.312067e-01 5.235060e+00 1.239785e+00 1.297755e+08 2.983506e+03 -2.829649e-01 4.852414e-03
4.100000e-03 1.220000e+01 5.775000e+00 -2.355019e-01 5.234984e+00 1.248769e+00 1.290188e+08 2.964317e+03 -2.793065e-01 4.840255e-03
4.200000e-03 1.220000e+01 5.775000e+00 -2.410092e-01 5.234954e+00 1.247892e+00 1.286856e+08 2.957952e+03 -2.752169e-01 4.768014e-03
4.300000e-03 1.220000e+01 5.775000e+00 -2.468183e-01 5.234921e+00 1.231431e+00 1.283280e+08 2.950456e+03 -2.723087e-01 4.871607e-03
4.400000e-03 1.220000e+01 5.775000e+00 -2.527431e-01 5.234884e+00 1.244404e+00 1.280380e+08 2.941126e+03 -2.710983e-01 4.826546e-03
4.500000e-03 1.220000e+01 5.775000e+00 -2.580239e-01 5.234837e+00 1.243683e+00 1.271804e+08 2.924990e+03 -2.645343e-01 4.836082e-03
4.600000e-03 1.220000e+01 5.775000e+00 -2.637830e-01 5.234806e+00 1.241620e+00 1.269415e+08 2.917582e+03 -2.618752e-01 4.813552e-03
4.699999e-03 1.220000e+01 5.775000e+00 -2.690201e-01 5.234777e+00 1.238077e+00 1.264655e+08 2.905169e+03 -2.602426e-01 4.786253e-03
4.799999e-03 1.220000e+01 5.775000e+00 -2.736365e-01 5.234742e+00 1.228233e+00 1.258792e+08 2.895656e+03 -2.544088e-01 4.780769e-03
4.899999e-03 1.220000e+01 5.775000e+00 -2.809041e-01 5.234692e+00 1.238969e+00 1.253725e+08 2.880618e+03 -2.514922e-01 4.763722e-03
4.999999e-03 1.220000e+01 5.775000e+00 -2.845299e-01 5.234678e+00 1.225552e+00 1.248600e+08 2.869116e+03 -2.487648e-01 4.723191e-03
5.099999e-03 1.220000e+01 5.775000e+00 -2.907529e-01 5.234646e+00 1.219531e+00 1.239485e+08 2.850457e+03 -2.412744e-01 4.690170e-03
5.199999e-03 1.220000e+01 5.775000e+00 -2.959325e-01 5.234630e+00 1.235442e+00 1.238694e+08 2.845873e+03 -2.405229e-01 4.766583e-03
5.299998e-03 1.220000e+01 5.775000e+00 -3.017008e-01 5.234591e+00 1.230526e+00 1.230543e+08 2.827875e+03 -2.343646e-01 4.719734e-03
5.399998e-03 1.220000e+01 5.775000e+00 -3.072998e-01 5.234560e+00 1.208948e+00 1.224637e+08 2.816308e+03 -2.296445e-01 4.631042e-03
5.499998e-03 1.220000e+01 5.775000e+00 -3.112369e-01 5.234531e+00 1.218786e+00 1.217908e+08 2.798130e+03 -2.262132e-01 4.579544e-03
5.599998e-03 1.220000e+01 5.775000e+00 -3.170786e-01 5.234519e+00 1.226299e+00 1.214992e+08 2.791988e+03 -2.224612e-01 4.611731e-03
5.699998e-03 1.220000e+01 5.775000e+00 -3.212765e-01 5.234513e+00 1.211222e+00 1.208217e+08 2.779333e+03 -2.170240e-01 4.532576e-03
5.799998e-03 1.220000e+01 5.775000e+00 -3.271427e-01 5.234465e+00 1.207079e+00 1.203688e+08 2.765579e+03 -2.139808e-01 4.569769e-03
5.899997e-03 1.220000e+01 5.775000e+00 -3.328131e-01 5.234456e+00 1.212364e+00 1.195788e+08 2.747831e+03 -2.068877e-01 4.601479e-03
5.999997e-03 1.220000e+01 5.775000e+00 -3.384280e-01 5.234420e+00 1.208600e+00 1.193409e+08 2.745749e+03 -2.033635e-01 4.519105e-03
6.099997e-03 1.220000e+01 5.775000e+00 -3.426057e-01 5.234407e+00 1.203302e+00 1.185633e+08 2.725679e+03 -1.999713e-01 4.489660e-03
6.199997e-03 1.220000e+01 5.775000e+00 -3.469488e-01 5.234381e+00 1.199052e+00 1.181457e+08 2.714202e+03 -1.967627e-01 4.474163e-03
6.299997e-03 1.220000e+01 5.775000e+00 -3.528566e-01 5.234358e+00 1.189046e+00 1.169738e+08 2.691670e+03 -1.857195e-01 4.485607e-03
6.399997e-03 1.220000e+01 5.775000e+00 -3.573635e-01 5.234332e+00 1.197753e+00 1.166168e+08 2.681919e+03 -1.831710e-01 4.417539e-03
6.499996e-03 1.220000e+01 5.775000e+00 -3.637545e-01 5.234306e+00 1.195698e+00 1.160038e+08 2.664962e+03 -1.785151e-01 4.408956e-03
6.599996e-03 1.220000e+01 5.775000e+00 -3.662510e-01 5.234286e+00 1.188889e+00 1.156867e+08 2.658942e+03 -1.762501e-01 4.364252e-03
6.699996e-03 1.220000e+01 5.775000e+00 -3.721497e-01 5.234274e+00 1.177339e+00 1.147681e+08 2.640223e+03 -1.676103e-01 4.265070e-03
6.799996e-03 1.220000e+01 5.775000e+00 -3.773383e-01 5.234228e+00 1.190027e+00 1.143710e+08 2.628794e+03 -1.628827e-01 4.223108e-03
6.899996e-03 1.220000e+01 5.775000e+00 -3.808186e-01 5.234212e+00 1.198540e+00 1.135649e+08 2.609417e+03 -1.595377e-01 4.199624e-03
6.999996e-03 1.220000e+01 5.775000e+00 -3.877411e-01 5.234178e+00 1.165293e+00 1.125918e+08 2.590848e+03 -1.505303e-01 4.226565e-03
7.099995e-03 1.220000e+01 5.775000e+00 -3.922342e-01 5.234172e+00 1.168248e+00 1.121560e+08 2.579536e+03 -1.466923e-01 4.168749e-03
7.199995e-03 1.220000e+01 5.775000e+00 -3.966846e-01 5.234137e+00 1.177305e+00 1.117724e+08 2.567927e+03 -1.443761e-01 4.107118e-03
7.299995e-03 1.220000e+01 5.775000e+00 -4.017088e-01 5.234108e+00 1.180249e+00 1.108516e+08 2.547637e+03 -1.365084e-01 4.079938e-03
7.399995e-03 1.220000e+01 5.775000e+00 -4.053808e-01 5.234111e+00 1.162925e+00 1.103217e+08 2.538863e+03 -1.301407e-01 4.015088e-03
7.499995e-03 1.220000e+01 5.775000e+00 -4.093331e-01 5.234079e+00 1.153219e+00 1.099392e+08 2.529126e+03 -1.281447e-01 3.973007e-03
7.599995e-03 1.220000e+01 5.775000e+00 -4.150976e-01 5.234052e+00 1.164800e+00 1.088979e+08 2.502011e+03 -1.208257e-01 4.039764e-03
7.699994e-03 1.220000e+01 5.775000e+00 -4.179725e-01 5.234027e+00 1.167094e+00 1.085085e+08 2.494873e+03 -1.147924e-01 3.961086e-03
7.799994e-03 1.220000e+01 5.775000e+00 -4.245451e-01 5.233996e+00 1.151498e+00 1.076686e+08 2.478027e+03 -1.071220e-01 3.874063e-03
7.899994e-03 1.220000e+01 5.775000e+00 -4.284691e-01 5.233984e+00 1.159063e+00 1.067957e+08 2.455580e+03 -1.024038e-01 3.976822e-03
7.999994e-03 1.220000e+01 5.775000e+00 -4.323702e-01 5.233972e+00 1.149664e+00 1.062989e+08 2.442314e+03 -9.838974e-02 3.876328e-03
8.099994e-03 1.220000e+01 5.775000e+00 -4.367262e-01 5.233944e+00 1.145043e+00 1.059718e+08 2.435903e+03 -9.134442e-02 3.827095e-03
8.199994e-03 1.220000e+01 5.775000e+00 -4.419231e-01 5.233916e+00 1.138740e+00 1.049696e+08 2.416124e+03 -8.251458e-02 3.753901e-03
8.299993e-03 1.220000e+01 5.775000e+00 -4.459215e-01 5.233883e+00 1.148597e+00 1.044990e+08 2.404233e+03 -7.739347e-02 3.692269e-03
8.399993e-03 1.220000e+01 5.775000e+00 -4.500462e-01 5.233864e+00 1.154507e+00 1.040296e+08 2.390379e+03 -7.092309e-02 3.703952e-03
8.499993e-03 1.220000e+01 5.775000e+00 -4.542398e-01 5.233852e+00 1.133231e+00 1.033708e+08 2.376311e+03 -6.553847e-02 3.656030e-03
8.599993e-03 1.220000e+01 5.775000e+00 -4.593107e-01 5.233819e+00 1.114965e+00 1.022060e+08 2.352968e+03 -5.775863e-02 3.620863e-03
8.699993e-03 1.220000e+01 5.775000e+00 -4.629911e-01 5.233801e+00 1.130514e+00 1.015457e+08 2.336853e+03 -5.075723e-02 3.528118e-03
8.799993e-03 1.220000e+01 5.775000e+00 -4.683836e-01 5.233768e+00 1.143102e+00 1.008788e+08 2.318288e+03 -4.375869e-02 3.485680e-03
8.899992e-03 1.220000e+01 5.775000e+00 -4.735276e-01 5.233743e+00 1.134446e+00 1.000366e+08 2.300044e+03 -3.821492e-02 3.454924e-03
8.999992e-03 1.220000e+01 5.775000e+00 -4.782201e-01 5.233709e+00 1.104591e+00 9.938849e+07 2.288929e+03 -2.993947e-02 3.482938e-03
9.099992e-03 1.220000e+01 5.775000e+00 -4.804200e-01 5.233690e+00 1.101475e+00 9.861771e+07 2.270323e+03 -2.389920e-02 3.431678e-03
9.199992e-03 1.220000e+01 5.775000e+00 -4.853114e-01 5.233663e+00 1.115813e+00 9.807762e+07 2.255293e+03 -1.663202e-02 3.389835e-03
9.299992e-03 1.220000e+01 5.775000e+00 -4.900526e-01 5.233652e+00 1.131045e+00 9.764002e+07 2.244382e+03 -8.985698e-03 3.419280e-03
9.399991e-03 1.220000e+01 5.775000e+00 -4.931739e-01 5.233631e+00 1.117425e+00 9.641193e+07 2.217535e+03 -3.773034e-03 3.341317e-03
9.499991e-03 1.220000e+01 5.775000e+00 -4.973852e-01 5.233608e+00 1.096145e+00 9.576658e+07 2.205784e+03 5.392075e-03 3.279090e-03
9.599991e-03 1.220000e+01 5.775000e+00 -5.026739e-01 5.233558e+00 1.088314e+00 9.504085e+07 2.187390e+03 1.206994e-02 3.298879e-03
9.699991e-03 1.220000e+01 5.775000e+00 -5.057924e-01 5.233547e+00 1.095192e+00 9.463955e+07 2.176433e+03 1.848412e-02 3.231168e-03
9.799991e-03 1.220000e+01 5.775000e+00 -5.085835e-01 5.233515e+00 1.105909e+00 9.397741e+07 2.160916e+03 2.596176e-02 3.161311e-03
9.899991e-03 1.220000e+01 5.775000e+00 -5.135208e-01 5.233488e+00 1.107657e+00 9.336980e+07 2.148365e+03 3.216588e-02 3.170490e-03
1.000000e-02 1.220000e+01 5.775000e+00 -5.174633e-01 5.233469e+00 1.090042e+00 9.243440e+07 2.129053e+03 4.332542e-02 3.123164e-03
1.010000e-02 1.220000e+01 5.775000e+00 -5.212460e-01 5.233426e+00 1.081976e+00 9.152235e+07 2.108830e+03 5.012131e-02 3.067136e-03
1.020000e-02 1.220000e+01 5.775000e+00 -5.245450e-01 5.233407e+00 1.085648e+00 9.127310e+07 2.100011e+03 5.178702e-02 3.013372e-03
1.030000e-02 1.220000e+01 5.775000e+00 -5.293670e-01 5.233368e+00 1.083927e+00 9.048522e+07 2.080730e+03 5.970228e-02 2.976298e-03
1.040000e-02 1.220000e+01 5.775000e+00 -5.338981e-01 5.233320e+00 1.078478e+00 8.944769e+07 2.058502e+03 7.257009e-02 2.925277e-03
1.050000e-02 1.220000e+01 5.775000e+00 -5.357139e-01 5.233300e+00 1.066004e+00 8.889809e+07 2.048550e+03 8.312035e-02 2.969623e-03
1.060000e-02 1.220000e+01 5.775000e+00 -5.416083e-01 5.233263e+00 1.057738e+00 8.809518e+07 2.029999e+03 9.004521e-02 2.923131e-03
1.070000e-02 1.220000e+01 5.775000e+00 -5.453811e-01 5.233220e+00 1.072554e+00 8.744788e+07 2.013331e+03 9.596086e-02 2.827883e-03
1.080000e-02 1.220000e+01 5.775000e+00 -5.478877e-01 5.233179e+00 1.074283e+00 8.671310e+07 1.994225e+03 9.889054e-02 2.843738e-03
1.090000e-02 1.220000e+01 5.775000e+00 -5.528158e-01 5.233133e+00 1.048453e+00 8.587129e+07 1.976753e+03 1.090806e-01 2.807975e-03
1.100000e-02 1.220000e+01 5.775000e+00 -5.557154e-01 5.233099e+00 1.046017e+00 8.529770e+07 1.963936e+03 1.167206e-01 2.753854e-03
1.110000e-02 1.220000e+01 5.775000e+00 -5.598204e-01 5.233058e+00 1.046154e+00 8.442163e+07 1.945623e+03 1.316919e-01 2.685428e-03
1.120000e-02 1.220000e+01 5.775000e+00 -5.623347e-01 5.232988e+00 1.037412e+00 8.395130e+07 1.935809e+03 1.371037e-01 2.629876e-03
1.130000e-02 1.220000e+01 5.775000e+00 -5.670572e-01 5.232962e+00 1.048070e+00 8.325378e+07 1.916703e+03 1.447086e-01 2.658367e-03
1.140000e-02 1.220000e+01 5.775000e+00 -5.699353e-01 5.232907e+00 1.066724e+00 8.266662e+07 1.901934e+03 1.495413e-01 2.587318e-03
1.150000e-02 1.220000e+01 5.775000e+00 -5.737091e-01 5.232853e+00 1.039624e+00 8.164326e+07 1.881014e+03 1.610082e-01 2.572060e-03
1.160000e-02 1.220000e+01 5.775000e+00 -5.770099e-01 5.232784e+00 1.025586e+00 8.111678e+07 1.868471e+03 1.687157e-01 2.504706e-03
1.170000e-02 1.220000e+01 5.775000e+00 -5.820546e-01 5.232749e+00 1.013335e+00 8.022596e+07 1.848779e+03 1.802595e-01 2.435446e-03
1.180000e-02 1.220000e+01 5.775000e+00 -5.844461e-01 5.232678e+00 1.024232e+00 7.971287e+07 1.837675e+03 1.836294e-01 2.348304e-03
1.190000e-02 1.220000e+01 5.775000e+00 -5.869759e-01 5.232622e+00 1.021134e+00 7.908606e+07 1.822296e+03 1.937850e-01 2.459288e-03
1.200000e-02 1.220000e+01 5.775000e+00 -5.917310e-01 5.232534e+00 1.019031e+00 7.848460e+07 1.806312e+03 1.972862e-01 2.402186e-03
1.210000e-02 1.220000e+01 5.775000e+00 -5.944198e-01 5.232483e+00 1.018948e+00 7.785427e+07 1.792568e+03 2.109610e-01 2.327561e-03
1.220000e-02 1.220000e+01 5.775000e+00 -5.963547e-01 5.232448e+00 1.025312e+00 7.699725e+07 1.774543e+03 2.168074e-01 2.342939e-03
1.230000e-02 1.220000e+01 5.775000e+00 -6.013051e-01 5.232381e+00 1.006481e+00 7.640196e+07 1.760749e+03 2.297406e-01 2.223492e-03
1.240000e-02 1.220000e+01 5.775000e+00 -6.049609e-01 5.232316e+00 9.953914e-01 7.559874e+07 1.742173e+03 2.359543e-01 2.248526e-03
1.250000e-02 1.220000e+01 5.775000e+00 -6.072685e-01 5.232277e+00 9.760637e-01 7.478281e+07 1.726439e+03 2.509428e-01 2.183080e-03
1.260000e-02 1.220000e+01 5.775000e+00 -6.099437e-01 5.232177e+00 1.015020e+00 7.413290e+07 1.708723e+03 2.576576e-01 2.239347e-03
1.270000e-02 1.220000e+01 5.775000e+00 -6.118783e-01 5.232136e+00 1.017236e+00 7.339490e+07 1.689985e+03 2.631202e-01 2.127290e-03
1.280000e-02 1.220000e+01 5.775000e+00 -6.172348e-01 5.232090e+00 9.859857e-01 7.266882e+07 1.674353e+03 2.734411e-01 2.120018e-03
1.289999e-02 1.220000e+01 5.775000e+00 -6.189664e-01 5.232017e+00 9.703427e-01 7.219094e+07 1.665383e+03 2.822847e-01 2.056718e-03
1.299999e-02 1.220000e+01 5.775000e+00 -6.217588e-01 5.231956e+00 9.868250e-01 7.144727e+07 1.646961e+03 2.850935e-01 2.046347e-03
1.309999e-02 1.220000e+01 5.775000e+00 -6.257253e-01 5.231887e+00 9.968751e-01 7.086446e+07 1.632877e+03 2.999775e-01 2.021551e-03
1.319999e-02 1.220000e+01 5.775000e+00 -6.294379e-01 5.231834e+00 9.706427e-01 6.985714e+07 1.611512e+03 3.084474e-01 2.017856e-03
1.329999e-02 1.220000e+01 5.775000e+00 -6.318946e-01 5.231763e+00 9.505476e-01 6.952473e+07 1.605257e+03 3.168604e-01 1.951694e-03
1.339999e-02 1.220000e+01 5.775000e+00 -6.352100e-01 5.231711e+00 9.695914e-01 6.867539e+07 1.582849e+03 3.317072e-01 1.921177e-03
1.349999e-02 1.220000e+01 5.775000e+00 -6.367791e-01 5.231682e+00 9.863631e-01 6.825024e+07 1.571843e+03 3.352553e-01 1.896620e-03
1.359999e-02 1.220000e+01 5.775000e+00 -6.402939e-01 5.231640e+00 9.799798e-01 6.743404e+07 1.554730e+03 3.471006e-01 1.920581e-03
1.369999e-02 1.220000e+01 5.775000e+00 -6.427703e-01 5.231577e+00 9.492357e-01 6.672989e+07 1.541128e+03 3.617628e-01 1.808643e-03
1.379999e-02 1.220000e+01 5.775000e+00 -6.452149e-01 5.231544e+00 9.378620e-01 6.623808e+07 1.528891e+03 3.652145e-01 1.804948e-03
1.389999e-02 1.220000e+01 5.775000e+00 -6.479765e-01 5.231500e+00 9.583755e-01 6.593987e+07 1.519556e+03 3.666923e-01 1.800179e-03
1.399999e-02 1.220000e+01 5.775000e+00 -6.506788e-01 5.231441e+00 9.691602e-01 6.499673e+07 1.498396e+03 3.841521e-01 1.726985e-03
1.409999e-02 1.220000e+01 5.775000e+00 -6.542419e-01 5.231402e+00 9.473982e-01 6.417767e+07 1.483688e+03 3.910061e-01 1.731515e-03
1.419999e-02 1.220000e+01 5.775000e+00 -6.556779e-01 5.231361e+00 9.505619e-01 6.388646e+07 1.475641e+03 4.027468e-01 1.744509e-03
1.429999e-02 1.220000e+01 5.775000e+00 -6.588589e-01 5.231314e+00 9.405135e-01 6.321605e+07 1.458118e+03 4.077561e-01 1.642466e-03
1.439999e-02 1.220000e+01 5.775000e+00 -6.616498e-01 5.231273e+00 9.416818e-01 6.255068e+07 1.441631e+03 4.195908e-01 1.600266e-03
1.449999e-02 1.220000e+01 5.775000e+00 -6.643554e-01 5.231244e+00 9.346870e-01 6.219664e+07 1.434524e+03 4.232895e-01 1.638770e-03
1.459999e-02 1.220000e+01 5.775000e+00 -6.669735e-01 5.231227e+00 9.134707e-01 6.126777e+07 1.416770e+03 4.454116e-01 1.577258e-03
1.469999e-02 1.220000e+01 5.775000e+00 -6.701083e-01 5.231194e+00 9.266757e-01 6.070595e+07 1.402716e+03 4.546570e-01 1.527429e-03
1.479999e-02 1.220000e+01 5.775000e+00 -6.723213e-01 5.231123e+00 9.352138e-01 6.011322e+07 1.386698e+03 4.617919e-01 1.517653e-03
1.489999e-02 1.220000e+01 5.775000e+00 -6.748901e-01 5.231104e+00 9.267174e-01 5.963621e+07 1.375158e+03 4.633030e-01 1.428962e-03
1.499999e-02 1.220000e+01 5.775000e+00 -6.771937e-01 5.231080e+00 9.097818e-01 5.898028e+07 1.360521e+03 4.702270e-01 1.420140e-03
1.509999e-02 1.220000e+01 5.775000e+00 -6.806699e-01 5.231033e+00 8.875186e-01 5.824098e+07 1.347116e+03 4.916285e-01 1.394153e-03
1.519999e-02 1.220000e+01 5.775000e+00 -6.815760e-01 5.230987e+00 9.158014e-01 5.770146e+07 1.333895e+03 5.015640e-01 1.424670e-03
1.529999e-02 1.220000e+01 5.775000e+00 -6.849086e-01 5.230957e+00 9.262718e-01 5.718918e+07 1.320350e+03 5.023700e-01 1.356244e-03
1.539999e-02 1.220000e+01 5.775000e+00 -6.870703e-01 5.230935e+00 9.340201e-01 5.706140e+07 1.316003e+03 5.111321e-01 1.343966e-03
1.549999e-02 1.220000e+01 5.775000e+00 -6.892490e-01 5.230903e+00 9.026152e-01 5.609203e+07 1.294804e+03 5.268029e-01 1.297712e-03
1.559999e-02 1.220000e+01 5.775000e+00 -6.920555e-01 5.230861e+00 8.661249e-01 5.534692e+07 1.280033e+03 5.376074e-01 1.361847e-03
1.569999e-02 1.220000e+01 5.775000e+00 -6.948048e-01 5.230806e+00 8.751518e-01 5.487600e+07 1.269351e+03 5.530690e-01 1.311064e-03
1.579999e-02 1.220000e+01 5.775000e+00 -6.970916e-01 5.230772e+00 8.893782e-01 5.418202e+07 1.252193e+03 5.566467e-01 1.298070e-03
1.589999e-02 1.220000e+01 5.775000e+00 -6.985425e-01 5.230734e+00 9.181570e-01 5.384606e+07 1.242782e+03 5.650169e-01 1.255274e-03
1.599999e-02 1.220000e+01 5.775000e+00 -7.017893e-01 5.230683e+00 9.033348e-01 5.313572e+07 1.226355e+03 5.771825e-01 1.185656e-03
1.609999e-02 1.220000e+01 5.775000e+00 -7.036349e-01 5.230661e+00 8.970173e-01 5.275676e+07 1.218192e+03 5.760077e-01 1.129389e-03
1.619999e-02 1.220000e+01 5.775000e+00 -7.067832e-01 5.230610e+00 8.463256e-01 5.185803e+07 1.200600e+03 6.115475e-01 1.170993e-03
1.629999e-02 1.220000e+01 5.775000e+00 -7.077547e-01 5.230578e+00 8.508456e-01 5.148362e+07 1.191496e+03 6.217543e-01 1.114249e-03
1.639999e-02 1.220000e+01 5.775000e+00 -7.106200e-01 5.230535e+00 8.618271e-01 5.087199e+07 1.176630e+03 6.254805e-01 1.094699e-03
1.649999e-02 1.220000e+01 5.775000e+00 -7.123746e-01 5.230495e+00 8.802419e-01 5.047696e+07 1.165793e+03 6.304907e-01 1.089215e-03
1.659999e-02 1.220000e+01 5.775000e+00 -7.144547e-01 5.230418e+00 8.995377e-01 5.002988e+07 1.154820e+03 6.409115e-01 1.034260e-03
1.669999e-02 1.220000e+01 5.775000e+00 -7.156900e-01 5.230419e+00 8.848025e-01 4.943542e+07 1.142378e+03 6.469977e-01 1.011968e-03
1.679999e-02 1.220000e+01 5.775000e+00 -7.183945e-01 5.230356e+00 8.779107e-01 4.881436e+07 1.128886e+03 6.515185e-01 9.053946e-04
1.689999e-02 1.220000e+01 5.775000e+00 -7.207190e-01 5.230291e+00 8.482498e-01 4.819000e+07 1.116066e+03 6.713955e-01 9.670258e-04
1.699999e-02 1.220000e+01 5.775000e+00 -7.234598e-01 5.230238e+00 8.209001e-01 4.753677e+07 1.101302e+03 6.758212e-01 9.044409e-04
1.709999e-02 1.220000e+01 5.775000e+00 -7.242792e-01 5.230230e+00 8.297704e-01 4.722736e+07 1.092732e+03 6.867131e-01 8.486509e-04
1.719999e-02 1.220000e+01 5.775000e+00 -7.255984e-01 5.230176e+00 8.612233e-01 4.686774e+07 1.083070e+03 6.947713e-01 8.901358e-04
1.729999e-02 1.220000e+01 5.775000e+00 -7.275814e-01 5.230132e+00 8.564294e-01 4.643414e+07 1.072504e+03 7.022016e-01 9.118319e-04
1.739999e-02 1.220000e+01 5.775000e+00 -7.299905e-01 5.230074e+00 8.510368e-01 4.591004e+07 1.061753e+03 7.162424e-01 8.432865e-04
1.749999e-02 1.220000e+01 5.775000e+00 -7.307675e-01 5.230047e+00 8.538017e-01 4.549488e+07 1.052352e+03 7.312871e-01 8.740425e-04
1.759999e-02 1.220000e+01 5.775000e+00 -7.349054e-01 5.229975e+00 8.225548e-01 4.481358e+07 1.038480e+03 7.330378e-01 8.093119e-04
1.769999e-02 1.220000e+01 5.775000e+00 -7.346380e-01 5.229939e+00 8.471516e-01 4.450022e+07 1.030820e+03 7.476504e-01 7.202625e-04
1.779999e-02 1.220000e+01 5.775000e+00 -7.376875e-01 5.229866e+00 8.192170e-01 4.383805e+07 1.016094e+03 7.567919e-01 7.367134e-04
1.789999e-02 1.220000e+01 5.775000e+00 -7.391545e-01 5.229834e+00 8.190228e-01 4.335995e+07 1.003476e+03 7.599068e-01 7.339716e-04
1.799999e-02 1.220000e+01 5.775000e+00 -7.389562e-01 5.229779e+00 8.313678e-01 4.324420e+07 9.996505e+02 7.758453e-01 7.345676e-04
1.809999e-02 1.220000e+01 5.775000e+00 -7.427789e-01 5.229724e+00 8.198997e-01 4.260935e+07 9.847200e+02 7.810354e-01 7.200241e-04
1.819999e-02 1.220000e+01 5.775000e+00 -7.445189e-01 5.229676e+00 8.164919e-01 4.191856e+07 9.704412e+02 8.031594e-01 6.891489e-04
1.829999e-02 1.220000e+01 5.775000e+00 -7.467624e-01 5.229611e+00 8.154635e-01 4.172407e+07 9.658066e+02 7.961434e-01 6.450415e-04
1.839999e-02 1.220000e+01 5.775000e+00 -7.487211e-01 5.229570e+00 8.061442e-01 4.102189e+07 9.512239e+02 8.174355e-01 6.148815e-04
1.849999e-02 1.220000e+01 5.775000e+00 -7.492436e-01 5.229497e+00 8.107280e-01 4.074421e+07 9.440239e+02 8.381000e-01 6.159544e-04
1.859999e-02 1.220000e+01 5.775000e+00 -7.512515e-01 5.229433e+00 8.070770e-01 4.016850e+07 9.314176e+02 8.375597e-01 5.443096e-04
1.869998e-02 1.220000e+01 5.775000e+00 -7.530770e-01 5.229385e+00 8.108531e-01 3.973091e+07 9.208978e+02 8.587730e-01 5.503893e-04
1.879998e-02 1.220000e+01 5.775000e+00 -7.535470e-01 5.229333e+00 8.201285e-01 3.943127e+07 9.133926e+02 8.496252e-01 4.718304e-04
1.889998e-02 1.220000e+01 5.775000e+00 -7.559902e-01 5.229236e+00 8.097097e-01 3.900514e+07 9.018536e+02 8.591241e-01 5.356073e-04
1.899998e-02 1.220000e+01 5.775000e+00 -7.576742e-01 5.229177e+00 7.945094e-01 3.863798e+07 8.940756e+02 8.520564e-01 4.273653e-04
1.909998e-02 1.220000e+01 5.775000e+00 -7.580312e-01 5.229109e+00 7.847638e-01 3.816620e+07 8.843105e+02 8.761668e-01 4.671812e-04
1.919998e-02 1.220000e+01 5.775000e+00 -7.609398e-01 5.229031e+00 7.887282e-01 3.782746e+07 8.770443e+02 8.893651e-01 4.333258e-04
1.929998e-02 1.220000e+01 5.775000e+00 -7.623855e-01 5.228936e+00 8.032225e-01 3.752976e+07 8.698355e+02 8.988609e-01 4.224777e-04
1.939998e-02 1.220000e+01 5.775000e+00 -7.632913e-01 5.228852e+00 7.962469e-01 3.690113e+07 8.547733e+02 9.197228e-01 4.265308e-04
1.949998e-02 1.220000e+01 5.775000e+00 -7.648077e-01 5.228740e+00 7.779236e-01 3.639046e+07 8.435137e+02 9.032184e-01 3.329515e-04
1.959998e-02 1.220000e+01 5.775000e+00 -7.661055e-01 5.228589e+00 7.680717e-01 3.599134e+07 8.351740e+02 9.271039e-01 3.387928e-04
1.969998e-02 1.220000e+01 5.775000e+00 -7.676637e-01 5.228467e+00 7.564039e-01 3.557445e+07 8.258122e+02 9.412646e-01 3.182888e-04
1.979998e-02 1.220000e+01 5.775000e+00 -7.694600e-01 5.228348e+00 7.713646e-01 3.528118e+07 8.182552e+02 9.455179e-01 2.871752e-04
1.989998e-02 1.220000e+01 5.775000e+00 -7.703019e-01 5.228159e+00 8.141837e-01 3.501042e+07 8.111967e+02 9.580770e-01 2.928972e-04

