#./munderdamped_3d --dev=1 --amp=12.2 --omega=5.775 --force=0.1 --mass=0.8775 --Dg=0 --block=1024 --paths=4194304 --periods=20000 --trans=18000 --samples=4000 --spp=4000 --algorithm=predcorr --pav=1 --mode=moments --domain=3d --domainx=f:0.0:0.005:50:0 --domainy=a:12.2:12.2:1:0 --domainz=w:5.775:5.775:1:0 --q=2 --eps=0 --phi=0 --lambda=0 --Dp=0 --comp=0 --mean=0 >> temp/faw-D0-m0.8775-a12.2-w5.775-f_0.0_0.005-spp4000.dat
#./munderdamped_3d --dev=3 --amp=12.2 --omega=5.775 --force=0.1 --mass=0.8775 --Dg=0 --block=1024 --paths=4194304 --periods=20000 --trans=18000 --samples=4000 --spp=4000 --algorithm=predcorr --pav=1 --mode=moments --domain=3d --domainx=f:0.005:0.01:50:0 --domainy=a:12.2:12.2:1:0 --domainz=w:5.775:5.775:1:0 --q=2 --eps=0 --phi=0 --lambda=0 --Dp=0 --comp=0 --mean=0 >> temp/faw-D0-m0.8775-a12.2-w5.775-f_0.005_0.01-spp4000.dat
#./munderdamped_3d --dev=0 --amp=12.2 --omega=5.775 --force=0.1 --mass=0.8775 --Dg=0 --block=1024 --paths=4194304 --periods=20000 --trans=18000 --samples=4000 --spp=4000 --algorithm=predcorr --pav=1 --mode=moments --domain=3d --domainx=f:0.01:0.015:50:0 --domainy=a:12.2:12.2:1:0 --domainz=w:5.775:5.775:1:0 --q=2 --eps=0 --phi=0 --lambda=0 --Dp=0 --comp=0 --mean=0 >> temp/faw-D0-m0.8775-a12.2-w5.775-f_0.01_0.015-spp4000.dat
#./munderdamped_3d --dev=0 --amp=12.2 --omega=5.775 --force=0.1 --mass=0.8775 --Dg=0 --block=1024 --paths=4194304 --periods=20000 --trans=18000 --samples=4000 --spp=4000 --algorithm=predcorr --pav=1 --mode=moments --domain=3d --domainx=f:0.015:0.02:50:0 --domainy=a:12.2:12.2:1:0 --domainz=w:5.775:5.775:1:0 --q=2 --eps=0 --phi=0 --lambda=0 --Dp=0 --comp=0 --mean=0 >> temp/faw-D0-m0.8775-a12.2-w5.775-f_0.015_0.02-spp4000.dat
#f a w <<v>> <<v^2>> qnu(q) mu_q Dx Gx EBx
0.000000e+00 1.220000e+01 5.775000e+00 1.040965e-04 5.033138e+00 2.170088e+00 4.024137e+08 9.246660e+03 -6.876119e-01 2.678013e-02
1.000000e-04 1.220000e+01 5.775000e+00 3.496872e-04 5.033139e+00 2.170052e+00 4.024113e+08 9.246669e+03 -6.876252e-01 2.673066e-02
2.000000e-04 1.220000e+01 5.775000e+00 1.898999e-03 5.033139e+00 2.170359e+00 4.023138e+08 9.246633e+03 -6.875207e-01 2.671766e-02
3.000000e-04 1.220000e+01 5.775000e+00 5.700020e-03 5.033140e+00 2.164914e+00 4.020652e+08 9.246269e+03 -6.731157e-01 2.672315e-02
4.000000e-04 1.220000e+01 5.775000e+00 6.913556e-03 5.033142e+00 2.173360e+00 4.016116e+08 9.246104e+03 -6.716961e-01 2.675545e-02
5.000000e-04 1.220000e+01 5.775000e+00 8.234291e-03 5.033143e+00 2.213711e+00 4.016612e+08 9.245883e+03 -6.717620e-01 2.663386e-02
6.000000e-04 1.220000e+01 5.775000e+00 8.414537e-03 5.033143e+00 2.213858e+00 4.016757e+08 9.245825e+03 -6.718860e-01 2.663004e-02
7.000000e-04 1.220000e+01 5.775000e+00 7.325918e-03 5.033143e+00 2.189303e+00 4.016091e+08 9.246022e+03 -6.716033e-01 2.668869e-02
8.000000e-04 1.220000e+01 5.775000e+00 7.545829e-03 5.033143e+00 2.208835e+00 4.016054e+08 9.245979e+03 -6.715968e-01 2.671707e-02
9.000000e-04 1.220000e+01 5.775000e+00 1.016816e-02 5.033143e+00 2.213883e+00 4.016646e+08 9.245449e+03 -6.742764e-01 2.667415e-02
9.999999e-04 1.220000e+01 5.775000e+00 9.610701e-03 5.033143e+00 2.213775e+00 4.016779e+08 9.245594e+03 -6.727426e-01 2.674878e-02
1.100000e-03 1.220000e+01 5.775000e+00 1.013491e-02 5.033143e+00 2.213819e+00 4.016678e+08 9.245471e+03 -6.742470e-01 2.668035e-02
1.200000e-03 1.220000e+01 5.775000e+00 1.523740e-02 5.033143e+00 2.207173e+00 4.013452e+08 9.244075e+03 -6.736750e-01 2.676010e-02
1.300000e-03 1.220000e+01 5.775000e+00 1.696888e-02 5.033143e+00 1.978243e+00 3.993010e+08 9.243471e+03 -6.682363e-01 2.661622e-02
1.400000e-03 1.220000e+01 5.775000e+00 1.790147e-02 5.033144e+00 1.909033e+00 3.993703e+08 9.243095e+03 -6.678916e-01 2.676642e-02
1.500000e-03 1.220000e+01 5.775000e+00 2.026817e-02 5.033144e+00 1.868377e+00 3.993818e+08 9.242150e+03 -6.675410e-01 2.669764e-02
1.600000e-03 1.220000e+01 5.775000e+00 1.181761e-02 5.033141e+00 2.208036e+00 4.015246e+08 9.245105e+03 -6.738334e-01 2.663279e-02
1.700000e-03 1.220000e+01 5.775000e+00 5.454895e-03 5.033132e+00 2.164518e+00 4.021075e+08 9.246339e+03 -6.735458e-01 2.676594e-02
1.800000e-03 1.220000e+01 5.775000e+00 1.743514e-03 5.033126e+00 2.171608e+00 4.023614e+08 9.246630e+03 -6.875598e-01 2.676439e-02
1.899999e-03 1.220000e+01 5.775000e+00 -6.955861e-04 5.046914e+00 2.170285e+00 4.024088e+08 9.246689e+03 -6.875954e-01 2.679074e-02
1.999999e-03 1.220000e+01 5.775000e+00 -7.607955e-03 5.053425e+00 2.212344e+00 4.016059e+08 9.246047e+03 -6.715149e-01 2.677345e-02
2.099999e-03 1.220000e+01 5.775000e+00 -1.218200e-02 5.074029e+00 2.207777e+00 4.015122e+08 9.245086e+03 -6.737859e-01 2.661967e-02
2.200000e-03 1.220000e+01 5.775000e+00 -1.548434e-02 5.116791e+00 2.202462e+00 4.011489e+08 9.244093e+03 -6.733782e-01 2.670419e-02
2.300000e-03 1.220000e+01 5.775000e+00 -1.654354e-02 5.133700e+00 2.036490e+00 3.993088e+08 9.243749e+03 -6.682270e-01 2.666104e-02
2.400000e-03 1.220000e+01 5.775000e+00 -1.901542e-02 5.159630e+00 1.872473e+00 3.993865e+08 9.242820e+03 -6.675884e-01 2.658689e-02
2.500000e-03 1.220000e+01 5.775000e+00 -2.397469e-02 5.207035e+00 1.908254e+00 4.015181e+08 9.240549e+03 -6.702673e-01 2.671218e-02
2.600000e-03 1.220000e+01 5.775000e+00 -2.731390e-02 5.214006e+00 1.920701e+00 4.013752e+08 9.238714e+03 -6.700310e-01 2.682555e-02
2.700000e-03 1.220000e+01 5.775000e+00 -2.849419e-02 5.222906e+00 1.925103e+00 4.014153e+08 9.238021e+03 -6.658194e-01 2.667081e-02
2.800000e-03 1.220000e+01 5.775000e+00 -3.111613e-02 5.232395e+00 2.050450e+00 4.012096e+08 9.236360e+03 -6.637261e-01 2.660918e-02
2.900000e-03 1.220000e+01 5.775000e+00 -3.214512e-02 5.235576e+00 2.318504e+00 4.013182e+08 9.235687e+03 -6.636866e-01 2.662528e-02
3.000000e-03 1.220000e+01 5.775000e+00 -3.492651e-02 5.234887e+00 2.264884e+00 3.989767e+08 9.233677e+03 -6.592816e-01 2.662671e-02
3.100000e-03 1.220000e+01 5.775000e+00 -3.783538e-02 5.234017e+00 2.025983e+00 3.892817e+08 9.231401e+03 -6.446068e-01 2.668798e-02
3.200000e-03 1.220000e+01 5.775000e+00 -3.956154e-02 5.233897e+00 2.021683e+00 3.892315e+08 9.229995e+03 -6.454164e-01 2.657700e-02
3.300000e-03 1.220000e+01 5.775000e+00 -4.589063e-02 5.232543e+00 2.248222e+00 4.002309e+08 9.224146e+03 -6.621217e-01 2.669775e-02
3.400000e-03 1.220000e+01 5.775000e+00 -4.971786e-02 5.231587e+00 2.245819e+00 3.998847e+08 9.220230e+03 -6.621873e-01 2.664304e-02
3.500000e-03 1.220000e+01 5.775000e+00 -5.297994e-02 5.230984e+00 2.244440e+00 4.001387e+08 9.216616e+03 -6.591843e-01 2.674603e-02
3.600000e-03 1.220000e+01 5.775000e+00 -5.761150e-02 5.229249e+00 2.274658e+00 3.971569e+08 9.211068e+03 -6.587423e-01 2.669907e-02
3.700000e-03 1.220000e+01 5.775000e+00 -6.235254e-02 5.228549e+00 2.204532e+00 3.993691e+08 9.204922e+03 -6.609332e-01 2.680576e-02
3.800001e-03 1.220000e+01 5.775000e+00 -6.782877e-02 5.227273e+00 1.951885e+00 3.986449e+08 9.197207e+03 -6.593881e-01 2.663541e-02
3.900001e-03 1.220000e+01 5.775000e+00 -6.805395e-02 5.226957e+00 1.951912e+00 3.986304e+08 9.196865e+03 -6.596073e-01 2.665830e-02
4.000001e-03 1.220000e+01 5.775000e+00 -6.583562e-02 5.227353e+00 1.971072e+00 3.992524e+08 9.200045e+03 -6.600132e-01 2.654481e-02
4.100000e-03 1.220000e+01 5.775000e+00 -6.185813e-02 5.228826e+00 2.337356e+00 3.993230e+08 9.205542e+03 -6.616971e-01 2.665997e-02
4.200000e-03 1.220000e+01 5.775000e+00 -6.224206e-02 5.229094e+00 2.223488e+00 3.993344e+08 9.205001e+03 -6.610455e-01 2.662969e-02
4.300000e-03 1.220000e+01 5.775000e+00 -6.075574e-02 5.228598e+00 2.331495e+00 3.992006e+08 9.206969e+03 -6.627902e-01 2.658975e-02
4.400000e-03 1.220000e+01 5.775000e+00 -6.180073e-02 5.228530e+00 2.337813e+00 3.993488e+08 9.205589e+03 -6.619211e-01 2.660191e-02
4.500000e-03 1.220000e+01 5.775000e+00 -6.106684e-02 5.228911e+00 2.333488e+00 3.992612e+08 9.206551e+03 -6.632249e-01 2.660084e-02
4.600000e-03 1.220000e+01 5.775000e+00 -5.691792e-02 5.229982e+00 2.244386e+00 3.971260e+08 9.211805e+03 -6.587778e-01 2.661133e-02
4.699999e-03 1.220000e+01 5.775000e+00 -5.702441e-02 5.229760e+00 2.252709e+00 3.971377e+08 9.211681e+03 -6.587986e-01 2.663302e-02
4.799999e-03 1.220000e+01 5.775000e+00 -5.794124e-02 5.229499e+00 2.274113e+00 3.971228e+08 9.210532e+03 -6.586864e-01 2.653885e-02
4.899999e-03 1.220000e+01 5.775000e+00 -5.610368e-02 5.230256e+00 2.248383e+00 3.987179e+08 9.212829e+03 -6.619982e-01 2.665389e-02
5.000000e-03 1.220000e+01 5.775000e+00 -5.362126e-02 5.230744e+00 2.245288e+00 4.000378e+08 9.215752e+03 -6.651249e-01 2.669120e-02
5.100000e-03 1.220000e+01 5.775000e+00 -5.288861e-02 5.231204e+00 2.244080e+00 4.001011e+08 9.216573e+03 -6.585560e-01 2.652502e-02
5.200000e-03 1.220000e+01 5.775000e+00 -5.078471e-02 5.231077e+00 2.259945e+00 4.002091e+08 9.218944e+03 -6.591901e-01 2.657712e-02
5.299999e-03 1.220000e+01 5.775000e+00 -4.995500e-02 5.231020e+00 2.247007e+00 3.998731e+08 9.219829e+03 -6.624357e-01 2.661300e-02
5.399999e-03 1.220000e+01 5.775000e+00 -5.040952e-02 5.231346e+00 2.255518e+00 4.001332e+08 9.219316e+03 -6.633886e-01 2.657866e-02
5.499999e-03 1.220000e+01 5.775000e+00 -5.096373e-02 5.231516e+00 2.253422e+00 4.002019e+08 9.218653e+03 -6.568412e-01 2.651083e-02
5.599999e-03 1.220000e+01 5.775000e+00 -5.407341e-02 5.230159e+00 2.245425e+00 3.999128e+08 9.215113e+03 -6.644552e-01 2.653122e-02
5.699999e-03 1.220000e+01 5.775000e+00 -5.217836e-02 5.230780e+00 2.244547e+00 4.001504e+08 9.217268e+03 -6.553015e-01 2.653050e-02
5.799999e-03 1.220000e+01 5.775000e+00 -5.173025e-02 5.230989e+00 2.246422e+00 4.001884e+08 9.217751e+03 -6.545877e-01 2.652657e-02
5.899998e-03 1.220000e+01 5.775000e+00 -5.074034e-02 5.230975e+00 2.256206e+00 4.001847e+08 9.218804e+03 -6.579725e-01 2.649069e-02
5.999998e-03 1.220000e+01 5.775000e+00 -4.997598e-02 5.231168e+00 2.251843e+00 4.000452e+08 9.219675e+03 -6.628394e-01 2.652812e-02
6.099998e-03 1.220000e+01 5.775000e+00 -5.745309e-02 5.229211e+00 2.274562e+00 3.971563e+08 9.210944e+03 -6.587675e-01 2.637827e-02
6.199998e-03 1.220000e+01 5.775000e+00 -6.238844e-02 5.228130e+00 2.146393e+00 3.993977e+08 9.204520e+03 -6.607996e-01 2.653074e-02
6.299998e-03 1.220000e+01 5.775000e+00 -6.427563e-02 5.228100e+00 2.000404e+00 3.993716e+08 9.201940e+03 -6.600947e-01 2.648354e-02
6.399998e-03 1.220000e+01 5.775000e+00 -6.198851e-02 5.228316e+00 2.239437e+00 3.993730e+08 9.205051e+03 -6.611567e-01 2.661633e-02
6.499997e-03 1.220000e+01 5.775000e+00 -6.494205e-02 5.227941e+00 1.983177e+00 3.993142e+08 9.200967e+03 -6.600840e-01 2.653396e-02
6.599997e-03 1.220000e+01 5.775000e+00 -6.430943e-02 5.227863e+00 2.000128e+00 3.994005e+08 9.201835e+03 -6.601367e-01 2.651954e-02
6.699997e-03 1.220000e+01 5.775000e+00 -6.363447e-02 5.228061e+00 2.025929e+00 3.994067e+08 9.202771e+03 -6.602515e-01 2.643907e-02
6.799997e-03 1.220000e+01 5.775000e+00 -6.247707e-02 5.228423e+00 2.121062e+00 3.993684e+08 9.204351e+03 -6.606382e-01 2.653551e-02
6.899997e-03 1.220000e+01 5.775000e+00 -6.653712e-02 5.227581e+00 1.959685e+00 3.988861e+08 9.198684e+03 -6.596543e-01 2.648962e-02
6.999996e-03 1.220000e+01 5.775000e+00 -6.864471e-02 5.227073e+00 1.965031e+00 3.989720e+08 9.195572e+03 -6.618050e-01 2.650726e-02
7.099996e-03 1.220000e+01 5.775000e+00 -6.850430e-02 5.227094e+00 1.963009e+00 3.989398e+08 9.195796e+03 -6.613206e-01 2.656448e-02
7.199996e-03 1.220000e+01 5.775000e+00 -6.795366e-02 5.227092e+00 1.954010e+00 3.986840e+08 9.196591e+03 -6.598772e-01 2.650905e-02
7.299996e-03 1.220000e+01 5.775000e+00 -7.074274e-02 5.225855e+00 1.985577e+00 3.990099e+08 9.192441e+03 -6.635063e-01 2.653790e-02
7.399996e-03 1.220000e+01 5.775000e+00 -7.270872e-02 5.226204e+00 1.979839e+00 3.985561e+08 9.189408e+03 -6.631027e-01 2.659130e-02
7.499996e-03 1.220000e+01 5.775000e+00 -7.393024e-02 5.225916e+00 1.952365e+00 3.978870e+08 9.187462e+03 -6.622310e-01 2.649629e-02
7.599995e-03 1.220000e+01 5.775000e+00 -7.455347e-02 5.225564e+00 1.932106e+00 3.971120e+08 9.186473e+03 -6.609416e-01 2.651012e-02
7.699995e-03 1.220000e+01 5.775000e+00 -7.833038e-02 5.225074e+00 1.785855e+00 3.910178e+08 9.180234e+03 -6.509236e-01 2.640653e-02
7.799995e-03 1.220000e+01 5.775000e+00 -7.995509e-02 5.224226e+00 1.857831e+00 3.938715e+08 9.177452e+03 -6.559311e-01 2.651966e-02
7.899995e-03 1.220000e+01 5.775000e+00 -8.026381e-02 5.224463e+00 1.864577e+00 3.941263e+08 9.176911e+03 -6.563988e-01 2.647841e-02
7.999995e-03 1.220000e+01 5.775000e+00 -7.732080e-02 5.225107e+00 1.638919e+00 3.853796e+08 9.181935e+03 -6.408213e-01 2.648008e-02
8.099995e-03 1.220000e+01 5.775000e+00 -7.764440e-02 5.224576e+00 1.702178e+00 3.878060e+08 9.181389e+03 -6.452019e-01 2.651834e-02
8.199994e-03 1.220000e+01 5.775000e+00 -6.979056e-02 5.226427e+00 1.985072e+00 3.990617e+08 9.193950e+03 -6.635456e-01 2.644300e-02
8.299994e-03 1.220000e+01 5.775000e+00 -6.779718e-02 5.227197e+00 1.951311e+00 3.986295e+08 9.196934e+03 -6.595647e-01 2.643430e-02
8.399994e-03 1.220000e+01 5.775000e+00 -7.112266e-02 5.226453e+00 1.984933e+00 3.989589e+08 9.191940e+03 -6.634650e-01 2.647400e-02
8.499994e-03 1.220000e+01 5.775000e+00 -6.788915e-02 5.227127e+00 1.952038e+00 3.986562e+08 9.196805e+03 -6.597070e-01 2.655303e-02
8.599994e-03 1.220000e+01 5.775000e+00 -7.505009e-02 5.225786e+00 1.909600e+00 3.962085e+08 9.185726e+03 -6.594366e-01 2.639318e-02
8.699994e-03 1.220000e+01 5.775000e+00 -7.920550e-02 5.224475e+00 1.836739e+00 3.930661e+08 9.178790e+03 -6.545678e-01 2.633846e-02
8.799993e-03 1.220000e+01 5.775000e+00 -7.535334e-02 5.225423e+00 1.887425e+00 3.952960e+08 9.185218e+03 -6.579408e-01 2.650666e-02
8.899993e-03 1.220000e+01 5.775000e+00 -7.399968e-02 5.225536e+00 1.952873e+00 3.979211e+08 9.187414e+03 -6.622842e-01 2.638900e-02
8.999993e-03 1.220000e+01 5.775000e+00 -7.292876e-02 5.225630e+00 1.981673e+00 3.985950e+08 9.189101e+03 -6.632234e-01 2.634406e-02
9.099993e-03 1.220000e+01 5.775000e+00 -6.815680e-02 5.226943e+00 1.958545e+00 3.988623e+08 9.196414e+03 -6.604942e-01 2.633822e-02
9.199993e-03 1.220000e+01 5.775000e+00 -6.073697e-02 5.228627e+00 2.333658e+00 3.992758e+08 9.206813e+03 -6.631276e-01 2.632511e-02
9.299993e-03 1.220000e+01 5.775000e+00 -5.188173e-02 5.230527e+00 2.245353e+00 4.002188e+08 9.217638e+03 -6.545929e-01 2.633858e-02
9.399992e-03 1.220000e+01 5.775000e+00 -4.197184e-02 5.233551e+00 2.188528e+00 3.986462e+08 9.227720e+03 -6.590868e-01 2.640545e-02
9.499992e-03 1.220000e+01 5.775000e+00 -3.545895e-02 5.234512e+00 2.150536e+00 3.943906e+08 9.233218e+03 -6.513324e-01 2.626407e-02
9.599992e-03 1.220000e+01 5.775000e+00 -3.061777e-02 5.235268e+00 2.058802e+00 4.012885e+08 9.236732e+03 -6.636716e-01 2.628708e-02
9.699992e-03 1.220000e+01 5.775000e+00 -3.472524e-02 5.234260e+00 2.247241e+00 3.982570e+08 9.233767e+03 -6.578901e-01 2.636003e-02
9.799992e-03 1.220000e+01 5.775000e+00 -3.958791e-02 5.233084e+00 1.979342e+00 3.892262e+08 9.229823e+03 -6.438932e-01 2.639067e-02
9.899992e-03 1.220000e+01 5.775000e+00 -4.360713e-02 5.232471e+00 2.238527e+00 4.002131e+08 9.226178e+03 -6.617345e-01 2.626097e-02
1.000000e-02 1.220000e+01 5.775000e+00 -4.316915e-02 5.232969e+00 2.227470e+00 3.999898e+08 9.226603e+03 -6.612895e-01 2.631867e-02
1.010000e-02 1.220000e+01 5.775000e+00 -4.462790e-02 5.232753e+00 2.251257e+00 4.002997e+08 9.225199e+03 -6.621828e-01 2.632713e-02
1.020000e-02 1.220000e+01 5.775000e+00 -4.413750e-02 5.232570e+00 2.250947e+00 4.003038e+08 9.225651e+03 -6.620387e-01 2.628136e-02
1.030000e-02 1.220000e+01 5.775000e+00 -4.580932e-02 5.232061e+00 2.245701e+00 4.001458e+08 9.224002e+03 -6.618479e-01 2.621758e-02
1.040000e-02 1.220000e+01 5.775000e+00 -4.979678e-02 5.231193e+00 2.251643e+00 4.000549e+08 9.219837e+03 -6.625887e-01 2.631402e-02
1.050000e-02 1.220000e+01 5.775000e+00 -5.417896e-02 5.229955e+00 2.244589e+00 3.998477e+08 9.214877e+03 -6.640368e-01 2.619731e-02
1.060000e-02 1.220000e+01 5.775000e+00 -6.321094e-02 5.227768e+00 2.037749e+00 3.994194e+08 9.203392e+03 -6.602633e-01 2.630925e-02
1.070000e-02 1.220000e+01 5.775000e+00 -6.919796e-02 5.226513e+00 1.973736e+00 3.990511e+08 9.194812e+03 -6.635520e-01 2.622902e-02
1.080000e-02 1.220000e+01 5.775000e+00 -7.184116e-02 5.225904e+00 1.983822e+00 3.988279e+08 9.190777e+03 -6.633431e-01 2.626443e-02
1.090000e-02 1.220000e+01 5.775000e+00 -7.691916e-02 5.224921e+00 1.702343e+00 3.878540e+08 9.182594e+03 -6.452005e-01 2.627861e-02
1.100000e-02 1.220000e+01 5.775000e+00 -7.987502e-02 5.224733e+00 1.860852e+00 3.939955e+08 9.177566e+03 -6.561427e-01 2.613425e-02
1.110000e-02 1.220000e+01 5.775000e+00 -8.294767e-02 5.223447e+00 1.876500e+00 3.944872e+08 9.172137e+03 -6.547176e-01 2.621663e-02
1.120000e-02 1.220000e+01 5.775000e+00 -8.481105e-02 5.223007e+00 1.816770e+00 3.943164e+08 9.168751e+03 -6.562984e-01 2.626312e-02
1.130000e-02 1.220000e+01 5.775000e+00 -9.210614e-02 5.221497e+00 1.784416e+00 3.935981e+08 9.154715e+03 -6.539659e-01 2.619648e-02
1.140000e-02 1.220000e+01 5.775000e+00 -9.530150e-02 5.220759e+00 1.820961e+00 3.947189e+08 9.148187e+03 -6.509316e-01 2.614737e-02
1.150000e-02 1.220000e+01 5.775000e+00 -9.622242e-02 5.220194e+00 1.832398e+00 3.948678e+08 9.146257e+03 -6.511005e-01 2.626717e-02
1.160000e-02 1.220000e+01 5.775000e+00 -9.757895e-02 5.220324e+00 1.813904e+00 3.941707e+08 9.143447e+03 -6.493744e-01 2.621961e-02
1.170000e-02 1.220000e+01 5.775000e+00 -9.717904e-02 5.220311e+00 1.822724e+00 3.945224e+08 9.144259e+03 -6.500592e-01 2.618790e-02
1.180000e-02 1.220000e+01 5.775000e+00 -9.626834e-02 5.220284e+00 1.831914e+00 3.948592e+08 9.146121e+03 -6.510846e-01 2.623260e-02
1.190000e-02 1.220000e+01 5.775000e+00 -9.370065e-02 5.221211e+00 1.782829e+00 3.933300e+08 9.151406e+03 -6.488367e-01 2.605402e-02
1.200000e-02 1.220000e+01 5.775000e+00 -9.579387e-02 5.220695e+00 1.832345e+00 3.948666e+08 9.147019e+03 -6.511110e-01 2.614117e-02
1.210000e-02 1.220000e+01 5.775000e+00 -9.857811e-02 5.219674e+00 1.764861e+00 3.922028e+08 9.141075e+03 -6.459295e-01 2.610159e-02
1.220000e-02 1.220000e+01 5.775000e+00 -9.451472e-02 5.220677e+00 1.804040e+00 3.939267e+08 9.149617e+03 -6.497792e-01 2.613795e-02
1.230000e-02 1.220000e+01 5.775000e+00 -9.020279e-02 5.222431e+00 1.786064e+00 3.937825e+08 9.158227e+03 -6.602869e-01 2.619278e-02
1.240000e-02 1.220000e+01 5.775000e+00 -8.567585e-02 5.222606e+00 1.803457e+00 3.943634e+08 9.166825e+03 -6.615309e-01 2.622378e-02
1.250000e-02 1.220000e+01 5.775000e+00 -8.705395e-02 5.222105e+00 1.794147e+00 3.942385e+08 9.164219e+03 -6.610720e-01 2.621830e-02
1.260000e-02 1.220000e+01 5.775000e+00 -8.792643e-02 5.221734e+00 1.785560e+00 3.938780e+08 9.162496e+03 -6.603378e-01 2.609932e-02
1.270000e-02 1.220000e+01 5.775000e+00 -8.769153e-02 5.221966e+00 1.785244e+00 3.938748e+08 9.162918e+03 -6.603362e-01 2.614164e-02
1.280000e-02 1.220000e+01 5.775000e+00 -8.864357e-02 5.221628e+00 1.787281e+00 3.938595e+08 9.161074e+03 -6.602994e-01 2.615273e-02
1.289999e-02 1.220000e+01 5.775000e+00 -8.788896e-02 5.221749e+00 1.786176e+00 3.939008e+08 9.162494e+03 -6.603920e-01 2.619898e-02
1.299999e-02 1.220000e+01 5.775000e+00 -9.059382e-02 5.220884e+00 1.785115e+00 3.937204e+08 9.157229e+03 -6.602173e-01 2.614284e-02
1.309999e-02 1.220000e+01 5.775000e+00 -9.109502e-02 5.220991e+00 1.785231e+00 3.936919e+08 9.156177e+03 -6.602063e-01 2.604389e-02
1.319999e-02 1.220000e+01 5.775000e+00 -9.466206e-02 5.220044e+00 1.814298e+00 3.943348e+08 9.148957e+03 -6.504543e-01 2.616560e-02
1.329999e-02 1.220000e+01 5.775000e+00 -9.710465e-02 5.219322e+00 1.819663e+00 3.943840e+08 9.143822e+03 -6.498262e-01 2.607870e-02
1.339999e-02 1.220000e+01 5.775000e+00 -9.501054e-02 5.220066e+00 1.819438e+00 3.946492e+08 9.148170e+03 -6.508981e-01 2.615047e-02
1.349999e-02 1.220000e+01 5.775000e+00 -9.749431e-02 5.219579e+00 1.809132e+00 3.939692e+08 9.142931e+03 -6.490477e-01 2.620113e-02
1.359999e-02 1.220000e+01 5.775000e+00 -9.795643e-02 5.218799e+00 1.788812e+00 3.931633e+08 9.141893e+03 -6.476216e-01 2.610123e-02
1.369999e-02 1.220000e+01 5.775000e+00 -9.049507e-02 5.220798e+00 1.785370e+00 3.937262e+08 9.157138e+03 -6.602294e-01 2.605832e-02
1.379999e-02 1.220000e+01 5.775000e+00 -8.950362e-02 5.221225e+00 1.785329e+00 3.937411e+08 9.159062e+03 -6.601450e-01 2.617216e-02
1.389999e-02 1.220000e+01 5.775000e+00 -9.506278e-02 5.219498e+00 1.821039e+00 3.946892e+08 9.147886e+03 -6.509373e-01 2.608120e-02
1.399999e-02 1.220000e+01 5.775000e+00 -9.886356e-02 5.218931e+00 1.767055e+00 3.922362e+08 9.139861e+03 -6.460665e-01 2.614188e-02
1.409999e-02 1.220000e+01 5.775000e+00 -1.045916e-01 5.217612e+00 1.775190e+00 3.920538e+08 9.127135e+03 -6.469791e-01 2.617562e-02
1.419999e-02 1.220000e+01 5.775000e+00 -1.111957e-01 5.215824e+00 1.866190e+00 3.908255e+08 9.111571e+03 -6.384476e-01 2.607679e-02
1.429999e-02 1.220000e+01 5.775000e+00 -1.137130e-01 5.215782e+00 2.073064e+00 3.987854e+08 9.105406e+03 -6.513783e-01 2.603877e-02
1.439999e-02 1.220000e+01 5.775000e+00 -1.123585e-01 5.215489e+00 2.029063e+00 3.971419e+08 9.108702e+03 -6.486940e-01 2.603924e-02
1.449999e-02 1.220000e+01 5.775000e+00 -1.080439e-01 5.216906e+00 1.817307e+00 3.916211e+08 9.119109e+03 -6.459971e-01 2.610111e-02
1.459999e-02 1.220000e+01 5.775000e+00 -1.069841e-01 5.216921e+00 1.790798e+00 3.917988e+08 9.121573e+03 -6.461754e-01 2.600896e-02
1.469999e-02 1.220000e+01 5.775000e+00 -1.058602e-01 5.217658e+00 1.781513e+00 3.919866e+08 9.124199e+03 -6.466894e-01 2.608109e-02
1.479999e-02 1.220000e+01 5.775000e+00 -1.070210e-01 5.216990e+00 1.790945e+00 3.917677e+08 9.121457e+03 -6.461228e-01 2.609289e-02
1.489999e-02 1.220000e+01 5.775000e+00 -1.058308e-01 5.217371e+00 1.781116e+00 3.919771e+08 9.124257e+03 -6.466860e-01 2.606833e-02
1.500000e-02 1.220000e+01 5.775000e+00 -1.047953e-01 5.217648e+00 1.776138e+00 3.920476e+08 9.126656e+03 -6.469641e-01 2.603424e-02
1.510000e-02 1.220000e+01 5.775000e+00 -1.008348e-01 5.218486e+00 1.764069e+00 3.920713e+08 9.135491e+03 -6.461488e-01 2.608311e-02
1.520000e-02 1.220000e+01 5.775000e+00 -1.003931e-01 5.218454e+00 1.765196e+00 3.921311e+08 9.136444e+03 -6.461145e-01 2.611160e-02
1.530000e-02 1.220000e+01 5.775000e+00 -1.010119e-01 5.218466e+00 1.764841e+00 3.920807e+08 9.135037e+03 -6.455734e-01 2.613175e-02
1.540000e-02 1.220000e+01 5.775000e+00 -1.007068e-01 5.219307e+00 1.765075e+00 3.921123e+08 9.135729e+03 -6.461784e-01 2.611303e-02
1.550000e-02 1.220000e+01 5.775000e+00 -9.375595e-02 5.220132e+00 1.784036e+00 3.932635e+08 9.150429e+03 -6.486486e-01 2.609968e-02
1.560000e-02 1.220000e+01 5.775000e+00 -9.187929e-02 5.220241e+00 1.783719e+00 3.935387e+08 9.154184e+03 -6.528187e-01 2.613640e-02
1.570000e-02 1.220000e+01 5.775000e+00 -9.314160e-02 5.220068e+00 1.781942e+00 3.933043e+08 9.151614e+03 -6.491258e-01 2.613318e-02
1.580000e-02 1.220000e+01 5.775000e+00 -9.134429e-02 5.220609e+00 1.784870e+00 3.936248e+08 9.155187e+03 -6.584833e-01 2.608073e-02
1.590000e-02 1.220000e+01 5.775000e+00 -9.360403e-02 5.220096e+00 1.783039e+00 3.932492e+08 9.150656e+03 -6.486870e-01 2.602100e-02
1.600000e-02 1.220000e+01 5.775000e+00 -9.349112e-02 5.220303e+00 1.783369e+00 3.932863e+08 9.150876e+03 -6.488034e-01 2.606165e-02
1.610000e-02 1.220000e+01 5.775000e+00 -9.357225e-02 5.220241e+00 1.782892e+00 3.932484e+08 9.150695e+03 -6.487017e-01 2.603006e-02
1.620000e-02 1.220000e+01 5.775000e+00 -9.379295e-02 5.220237e+00 1.784353e+00 3.932471e+08 9.150207e+03 -6.486055e-01 2.608585e-02
1.630000e-02 1.220000e+01 5.775000e+00 -9.041663e-02 5.220821e+00 1.785000e+00 3.936962e+08 9.156959e+03 -6.601849e-01 2.606583e-02
1.640000e-02 1.220000e+01 5.775000e+00 -8.840320e-02 5.220898e+00 1.785813e+00 3.937785e+08 9.160814e+03 -6.601936e-01 2.602232e-02
1.650000e-02 1.220000e+01 5.775000e+00 -9.087916e-02 5.220569e+00 1.784487e+00 3.936415e+08 9.155978e+03 -6.601571e-01 2.599776e-02
1.660000e-02 1.220000e+01 5.775000e+00 -9.280414e-02 5.220470e+00 1.782326e+00 3.933554e+08 9.152140e+03 -6.496498e-01 2.608669e-02
1.670000e-02 1.220000e+01 5.775000e+00 -9.330209e-02 5.220250e+00 1.783019e+00 3.932972e+08 9.151103e+03 -6.489949e-01 2.603579e-02
1.680000e-02 1.220000e+01 5.775000e+00 -9.333447e-02 5.220185e+00 1.782463e+00 3.932630e+08 9.150999e+03 -6.488854e-01 2.596474e-02
1.690000e-02 1.220000e+01 5.775000e+00 -8.971512e-02 5.220959e+00 1.785071e+00 3.937159e+08 9.158162e+03 -6.602030e-01 2.603185e-02
1.700000e-02 1.220000e+01 5.775000e+00 -8.690022e-02 5.221526e+00 1.792739e+00 3.941426e+08 9.163573e+03 -6.608767e-01 2.606726e-02
1.710000e-02 1.220000e+01 5.775000e+00 -8.730872e-02 5.221806e+00 1.786190e+00 3.938842e+08 9.162767e+03 -6.603768e-01 2.609587e-02
1.720000e-02 1.220000e+01 5.775000e+00 -8.486534e-02 5.222082e+00 1.805116e+00 3.942116e+08 9.167325e+03 -6.585089e-01 2.603996e-02
1.730000e-02 1.220000e+01 5.775000e+00 -8.259071e-02 5.222436e+00 1.874808e+00 3.943976e+08 9.171460e+03 -6.547931e-01 2.609634e-02
1.740000e-02 1.220000e+01 5.775000e+00 -8.301793e-02 5.222971e+00 1.876786e+00 3.944521e+08 9.170698e+03 -6.550220e-01 2.609718e-02
1.750000e-02 1.220000e+01 5.775000e+00 -8.257198e-02 5.222813e+00 1.875258e+00 3.944119e+08 9.171438e+03 -6.548046e-01 2.607155e-02
1.760000e-02 1.220000e+01 5.775000e+00 -8.298630e-02 5.222749e+00 1.875152e+00 3.943778e+08 9.170619e+03 -6.549022e-01 2.606690e-02
1.770000e-02 1.220000e+01 5.775000e+00 -8.818417e-02 5.221557e+00 1.787680e+00 3.938522e+08 9.160909e+03 -6.603203e-01 2.599347e-02
1.780000e-02 1.220000e+01 5.775000e+00 -9.026039e-02 5.220609e+00 1.785326e+00 3.936964e+08 9.156892e+03 -6.602125e-01 2.599800e-02
1.790000e-02 1.220000e+01 5.775000e+00 -9.091958e-02 5.221032e+00 1.785372e+00 3.936557e+08 9.155588e+03 -6.602001e-01 2.599859e-02
1.800000e-02 1.220000e+01 5.775000e+00 -9.242536e-02 5.220172e+00 1.783460e+00 3.934228e+08 9.152596e+03 -6.502833e-01 2.609396e-02
1.810000e-02 1.220000e+01 5.775000e+00 -9.244906e-02 5.220507e+00 1.783002e+00 3.934006e+08 9.152511e+03 -6.501181e-01 2.603388e-02
1.820000e-02 1.220000e+01 5.775000e+00 -9.474222e-02 5.220001e+00 1.818651e+00 3.945988e+08 9.147852e+03 -6.509033e-01 2.606237e-02
1.829999e-02 1.220000e+01 5.775000e+00 -9.797955e-02 5.219259e+00 1.770258e+00 3.923943e+08 9.141049e+03 -6.463419e-01 2.617538e-02
1.839999e-02 1.220000e+01 5.775000e+00 -9.802499e-02 5.219012e+00 1.765963e+00 3.922131e+08 9.140886e+03 -6.460631e-01 2.608263e-02
1.849999e-02 1.220000e+01 5.775000e+00 -9.725033e-02 5.219302e+00 1.807362e+00 3.938402e+08 9.142180e+03 -6.490490e-01 2.605450e-02
1.859999e-02 1.220000e+01 5.775000e+00 -9.825731e-02 5.219092e+00 1.828914e+00 3.905388e+08 9.055108e+03 -6.470313e-01 2.607512e-02
1.869999e-02 1.220000e+01 5.775000e+00 -9.814830e-02 5.219421e+00 1.841712e+00 3.871385e+08 8.964701e+03 -6.444835e-01 2.608836e-02
1.879999e-02 1.220000e+01 5.775000e+00 -9.280861e-02 5.209606e+00 1.785526e+00 3.810675e+08 8.866127e+03 -6.366748e-01 7.243800e-02
1.889999e-02 1.220000e+01 5.775000e+00 -9.264161e-02 5.209333e+00 1.784637e+00 3.812275e+08 8.870184e+03 -6.367295e-01 7.334685e-02
1.899999e-02 1.220000e+01 5.775000e+00 -9.405120e-02 5.209652e+00 1.809093e+00 3.821601e+08 8.874517e+03 -6.374582e-01 7.244444e-02
1.909999e-02 1.220000e+01 5.775000e+00 -9.805989e-02 5.208594e+00 1.768307e+00 3.809345e+08 8.878492e+03 -6.339501e-01 7.045734e-02
1.919999e-02 1.220000e+01 5.775000e+00 -9.647718e-02 5.209942e+00 1.831034e+00 3.838331e+08 8.892380e+03 -6.391471e-01 6.873739e-02
1.929999e-02 1.220000e+01 5.775000e+00 -9.680271e-02 5.209784e+00 1.823950e+00 3.839797e+08 8.901472e+03 -6.390147e-01 6.738544e-02
1.939999e-02 1.220000e+01 5.775000e+00 -9.703022e-02 5.210746e+00 1.819695e+00 3.844069e+08 8.914533e+03 -6.393076e-01 6.523728e-02
1.949999e-02 1.220000e+01 5.775000e+00 -9.520425e-02 5.211075e+00 1.830746e+00 3.855467e+08 8.931330e+03 -6.415086e-01 6.320965e-02
1.959999e-02 1.220000e+01 5.775000e+00 -9.237713e-02 5.212544e+00 1.785226e+00 3.848454e+08 8.952854e+03 -6.413273e-01 6.065333e-02
1.969999e-02 1.220000e+01 5.775000e+00 -9.235384e-02 5.213140e+00 1.785160e+00 3.856060e+08 8.970422e+03 -6.422377e-01 5.786049e-02
1.979999e-02 1.220000e+01 5.775000e+00 -9.080256e-02 5.214308e+00 1.786212e+00 3.866538e+08 8.993199e+03 -6.533111e-01 5.459678e-02
1.989999e-02 1.220000e+01 5.775000e+00 -8.955004e-02 5.215154e+00 1.786063e+00 3.876028e+08 9.016311e+03 -6.542178e-01 5.128264e-02

