#./munderdamped_3d_ratchet --dev=2 --amp=17.0 --omega=11.0 --force=0.0 --mass=0.481701030928 --Dg=0.001 --block=1024 --paths=65536 --periods=5000 --trans=4000 --samples=200 --spp=200 --algorithm=predcorr --pav=1 --mode=moments --domain=1d --domainx=a:15.0:20.0:100:0 --q=2 --eps=0 --phi=0 --lambda=0 --Dp=0 --comp=0 --mean=0 >> temp/f0.0-D0.001-m0.481701030928-a_15.0_20.0-w11.0-ratchet.dat
#a <<v>> <<v^2>> qnu(q) mu_q Dx Gx EBx
1.500000e+01 5.272735e-01 6.545329e+00 2.000480e+00 1.485425e+07 2.600793e+03 -3.676803e-01 4.550614e-01
1.505000e+01 4.987957e-01 6.567643e+00 1.998923e+00 1.520586e+07 2.662453e+03 -3.869869e-01 4.456906e-01
1.510000e+01 4.807234e-01 6.574810e+00 2.001474e+00 1.564848e+07 2.739145e+03 -4.048195e-01 4.216568e-01
1.515000e+01 4.611324e-01 6.600398e+00 1.999984e+00 1.593851e+07 2.790405e+03 -4.187362e-01 4.106359e-01
1.520000e+01 4.462151e-01 6.619304e+00 2.001093e+00 1.629489e+07 2.852198e+03 -4.327089e-01 3.917789e-01
1.525000e+01 4.301202e-01 6.650895e+00 1.999511e+00 1.653875e+07 2.895980e+03 -4.435514e-01 3.813847e-01
1.530000e+01 4.180178e-01 6.680552e+00 1.999705e+00 1.680484e+07 2.942377e+03 -4.538745e-01 3.678138e-01
1.535000e+01 4.067584e-01 6.715063e+00 2.001230e+00 1.703199e+07 2.981587e+03 -4.626352e-01 3.566054e-01
1.540000e+01 4.036252e-01 6.738452e+00 1.999738e+00 1.735060e+07 3.038271e+03 -4.711922e-01 3.348204e-01
1.545000e+01 3.839402e-01 6.787831e+00 1.999427e+00 1.751673e+07 3.067269e+03 -4.804299e-01 3.317401e-01
1.550000e+01 3.781000e-01 6.820160e+00 2.002136e+00 1.778975e+07 3.114235e+03 -4.887898e-01 3.153260e-01
1.555000e+01 3.627325e-01 6.859710e+00 2.001111e+00 1.806030e+07 3.162173e+03 -4.989897e-01 3.019626e-01
1.560000e+01 3.514348e-01 6.902348e+00 2.001561e+00 1.829816e+07 3.203540e+03 -5.073897e-01 2.903854e-01
1.565000e+01 3.500778e-01 6.951550e+00 2.001391e+00 1.841115e+07 3.223753e+03 -5.102807e-01 2.820191e-01
1.570000e+01 3.395723e-01 6.992394e+00 2.001679e+00 1.866033e+07 3.268729e+03 -5.183125e-01 2.668815e-01
1.575000e+01 3.386627e-01 7.026244e+00 2.003791e+00 1.895112e+07 3.319030e+03 -5.254142e-01 2.457809e-01
1.580000e+01 3.383510e-01 7.066762e+00 2.005585e+00 1.913806e+07 3.350749e+03 -5.300671e-01 2.307656e-01
1.585000e+01 3.332463e-01 7.099767e+00 2.006675e+00 1.943256e+07 3.403244e+03 -5.384016e-01 2.073410e-01
1.590000e+01 3.527004e-01 7.125793e+00 2.012491e+00 1.960404e+07 3.432476e+03 -5.385180e-01 1.820520e-01
1.595000e+01 3.630139e-01 7.143027e+00 2.015580e+00 1.993051e+07 3.490607e+03 -5.444245e-01 1.485641e-01
1.600000e+01 3.901773e-01 7.151463e+00 2.022493e+00 2.020676e+07 3.539071e+03 -5.446411e-01 1.126902e-01
1.605000e+01 3.890993e-01 7.164155e+00 2.031022e+00 2.066586e+07 3.619033e+03 -5.562133e-01 7.790923e-02
1.610000e+01 4.183784e-01 7.173757e+00 2.035688e+00 2.104251e+07 3.684953e+03 -5.568902e-01 4.508090e-02
1.615000e+01 4.286742e-01 7.199222e+00 2.040007e+00 2.151409e+07 3.767325e+03 -5.628031e-01 2.112472e-02
1.620000e+01 4.483963e-01 7.240154e+00 2.039486e+00 2.183613e+07 3.823803e+03 -5.612867e-01 7.557869e-03
1.625000e+01 4.452136e-01 7.300401e+00 2.034934e+00 2.222027e+07 3.891294e+03 -5.665323e-01 1.970530e-03
1.630000e+01 4.412262e-01 7.367260e+00 2.030003e+00 2.249185e+07 3.938302e+03 -5.697761e-01 4.283190e-04
1.635000e+01 4.247921e-01 7.442766e+00 2.024356e+00 2.269642e+07 3.973789e+03 -5.754490e-01 2.111197e-04
1.640000e+01 4.215095e-01 7.512463e+00 2.015834e+00 2.269892e+07 3.976053e+03 -5.718356e-01 2.424717e-04
1.645000e+01 3.741284e-01 7.597327e+00 2.010481e+00 2.278109e+07 3.989313e+03 -5.819367e-01 1.853704e-04
1.650000e+01 3.068550e-01 7.691139e+00 2.002287e+00 2.272652e+07 3.979128e+03 -5.921302e-01 2.361536e-04
1.655000e+01 1.775575e-01 7.803047e+00 1.986256e+00 2.253997e+07 3.946667e+03 -6.090962e-01 3.257990e-04
1.659999e+01 -1.431112e-02 7.936496e+00 1.954110e+00 2.196435e+07 3.845559e+03 -6.210970e-01 3.675222e-04
1.664999e+01 -2.897781e-01 8.102121e+00 1.888566e+00 2.089656e+07 3.658792e+03 -6.198399e-01 3.877878e-04
1.669999e+01 -6.293330e-01 8.294800e+00 1.767463e+00 1.890439e+07 3.309573e+03 -5.745690e-01 1.791716e-04
1.674999e+01 -1.016054e+00 8.507713e+00 1.549218e+00 1.567707e+07 2.744270e+03 -4.331909e-01 2.276897e-05
1.679999e+01 -1.354533e+00 8.706244e+00 1.232862e+00 1.155057e+07 2.021662e+03 -1.277161e-01 -1.999140e-04
1.684999e+01 -1.583506e+00 8.868643e+00 8.515522e-01 7.435740e+06 1.301730e+03 4.220670e-01 -3.673434e-04
1.689999e+01 -1.700664e+00 8.992513e+00 4.592467e-01 4.189533e+06 7.334930e+02 1.206543e+00 -4.631877e-04
1.694999e+01 -1.741152e+00 9.089265e+00 1.596352e-01 2.194856e+06 3.846502e+02 1.901198e+00 -5.118251e-04
1.699999e+01 -1.748948e+00 9.174023e+00 3.912956e-02 1.143358e+06 2.008824e+02 2.412182e+00 -5.261302e-04
1.704999e+01 -1.750053e+00 9.255980e+00 4.668956e-03 6.191122e+05 1.092352e+02 2.521692e+00 -5.265474e-04
1.709999e+01 -1.750132e+00 9.337036e+00 -5.376299e-04 3.548047e+05 6.313774e+01 2.605344e+00 -5.283356e-04
1.714999e+01 -1.750132e+00 9.417150e+00 2.257842e-04 2.217005e+05 3.982502e+01 2.556458e+00 -5.289316e-04
1.719999e+01 -1.750132e+00 9.495789e+00 -1.673653e-04 1.380250e+05 2.531343e+01 2.448307e+00 -5.360246e-04
1.724998e+01 -1.750132e+00 9.572127e+00 3.129486e-04 9.295441e+04 1.741460e+01 2.559722e+00 -5.387664e-04
1.729998e+01 -1.750132e+00 9.642670e+00 8.044205e-05 6.176238e+04 1.199232e+01 2.479198e+00 -5.389452e-04
1.734998e+01 -1.750132e+00 9.715027e+00 9.462590e-05 4.480343e+04 8.981812e+00 2.333825e+00 -5.421042e-04
1.739998e+01 -1.750132e+00 9.791186e+00 3.533394e-04 3.331216e+04 7.064792e+00 2.456639e+00 -5.406141e-04
1.744998e+01 -1.750132e+00 9.870172e+00 1.483838e-04 2.574345e+04 5.658976e+00 2.357162e+00 -5.319118e-04
1.749998e+01 -1.750132e+00 9.945570e+00 -4.388310e-06 2.028945e+04 4.720949e+00 2.259201e+00 -5.248785e-04
1.754998e+01 -1.750132e+00 1.001001e+01 3.305301e-04 1.639819e+04 4.064785e+00 2.265229e+00 -5.078912e-04
1.759998e+01 -1.750132e+00 1.007944e+01 2.397470e-04 1.321943e+04 3.443635e+00 2.064651e+00 -4.909635e-04
1.764998e+01 -1.750132e+00 1.015675e+01 1.298399e-04 1.123261e+04 3.128158e+00 2.250007e+00 -4.661679e-04
1.769998e+01 -1.750132e+00 1.022763e+01 1.222650e-04 9.434415e+03 2.869404e+00 2.370397e+00 -4.314184e-04
1.774998e+01 -1.750132e+00 1.028717e+01 -4.492317e-05 7.948092e+03 2.626056e+00 2.123401e+00 -3.762841e-04
1.779998e+01 -1.750132e+00 1.036201e+01 1.210636e-04 7.090155e+03 2.461840e+00 2.373626e+00 -2.939105e-04
1.784998e+01 -1.750133e+00 1.043025e+01 2.448029e-04 6.095348e+03 2.223044e+00 2.385271e+00 -1.752973e-04
1.789997e+01 -1.750132e+00 1.048903e+01 3.592852e-04 5.508726e+03 2.167372e+00 2.244733e+00 -5.543232e-05
1.794997e+01 -1.750132e+00 1.056308e+01 1.446856e-04 4.959298e+03 2.004206e+00 2.301647e+00 6.520748e-05
1.799997e+01 -1.750132e+00 1.061828e+01 2.016176e-04 4.539150e+03 1.980046e+00 2.057307e+00 1.868010e-04
1.804997e+01 -1.750132e+00 1.068802e+01 2.461853e-04 4.161776e+03 1.901615e+00 2.073490e+00 3.045797e-04
1.809997e+01 -1.750133e+00 1.074372e+01 4.065545e-04 3.973347e+03 1.876405e+00 2.089827e+00 3.441572e-04
1.814997e+01 -1.750133e+00 1.081056e+01 2.116599e-04 3.795292e+03 1.880256e+00 2.153928e+00 2.828836e-04
1.819997e+01 -1.750133e+00 1.086338e+01 4.021148e-04 3.635080e+03 1.783967e+00 2.175310e+00 2.015829e-04
1.824997e+01 -1.750133e+00 1.092371e+01 2.698041e-04 3.496310e+03 1.829486e+00 2.198561e+00 -9.292364e-05
1.829997e+01 -1.750134e+00 1.097607e+01 3.102179e-04 3.444791e+03 1.723393e+00 2.049120e+00 -2.875924e-04
1.834997e+01 -1.750134e+00 1.102510e+01 3.055056e-04 3.354649e+03 1.692931e+00 2.259148e+00 -2.042055e-04
1.839997e+01 -1.750135e+00 1.107032e+01 3.646969e-04 3.313370e+03 1.774164e+00 2.038579e+00 -6.192923e-05
1.844997e+01 -1.750137e+00 1.111196e+01 2.851778e-04 3.238219e+03 1.656166e+00 2.361585e+00 7.557869e-05
1.849997e+01 -1.750138e+00 1.114534e+01 1.905773e-04 3.222304e+03 1.628855e+00 2.454813e+00 -8.338690e-05
1.854996e+01 -1.750140e+00 1.117197e+01 3.265400e-05 3.174883e+03 1.524863e+00 1.984452e+00 2.205372e-05
1.859996e+01 -1.750134e+00 1.119122e+01 1.795536e-03 3.279870e+03 1.580886e+00 2.150381e+00 -1.513958e-05
1.864996e+01 -1.750093e+00 1.120332e+01 4.228815e-03 3.264460e+03 1.503855e+00 2.023152e+00 5.388260e-05
1.869996e+01 -1.749857e+00 1.120866e+01 2.811307e-02 3.368482e+03 1.559527e+00 1.778042e+00 4.744530e-05
1.874996e+01 -1.748502e+00 1.120722e+01 1.260604e-01 3.871732e+03 1.542020e+00 1.933388e+00 1.167059e-04
1.879996e+01 -1.741803e+00 1.119558e+01 4.248286e-01 6.009856e+03 1.565480e+00 1.570945e+00 1.804829e-04
1.884996e+01 -1.716470e+00 1.116074e+01 7.535213e-01 1.421880e+04 2.483899e+00 7.266622e-01 4.066229e-04
1.889996e+01 -1.635915e+00 1.107253e+01 9.319901e-01 3.704084e+04 6.298684e+00 2.449595e-01 9.506941e-04
1.894996e+01 -1.455576e+00 1.090055e+01 9.810567e-01 7.583052e+04 1.304100e+01 5.617225e-02 1.976967e-03
1.899996e+01 -1.183892e+00 1.066859e+01 9.916170e-01 1.005501e+05 1.747220e+01 1.743162e-02 2.942920e-03
1.904996e+01 -9.029415e-01 1.045139e+01 9.822178e-01 9.800130e+04 1.707182e+01 2.694964e-03 3.390551e-03
1.909996e+01 -6.817755e-01 1.029956e+01 9.917577e-01 8.398673e+04 1.465493e+01 9.328604e-03 3.381252e-03
1.914996e+01 -5.230661e-01 1.020409e+01 1.005134e+00 7.241362e+04 1.264910e+01 -4.443884e-03 3.249049e-03
1.919995e+01 -4.119851e-01 1.014969e+01 9.940788e-01 6.313730e+04 1.103990e+01 -9.702444e-04 3.164649e-03
1.924995e+01 -3.341466e-01 1.012217e+01 1.009112e+00 5.760383e+04 1.007325e+01 4.201055e-03 3.082633e-03
1.929995e+01 -2.746927e-01 1.010789e+01 9.928160e-01 5.315191e+04 9.297366e+00 -4.178762e-03 3.013253e-03
1.934995e+01 -2.346626e-01 1.010845e+01 1.015669e+00 5.002592e+04 8.752793e+00 3.167272e-03 2.998948e-03
1.939995e+01 -2.008518e-01 1.011390e+01 9.937609e-01 4.807896e+04 8.412637e+00 3.668070e-04 2.950668e-03
1.944995e+01 -1.773293e-01 1.012731e+01 1.023255e+00 4.645731e+04 8.130839e+00 -5.080581e-03 2.932191e-03
1.949995e+01 -1.630269e-01 1.014941e+01 1.037062e+00 4.492459e+04 7.862746e+00 -1.023501e-02 2.917886e-03
1.954995e+01 -1.528848e-01 1.017538e+01 9.843338e-01 4.407834e+04 7.715479e+00 -3.483713e-03 2.880573e-03
1.959995e+01 -1.486288e-01 1.020661e+01 1.003135e+00 4.366499e+04 7.643451e+00 6.557703e-03 2.883196e-03
1.964995e+01 -1.490312e-01 1.024398e+01 9.924636e-01 4.287044e+04 7.504219e+00 -2.222538e-03 2.813935e-03
1.969995e+01 -1.541170e-01 1.028616e+01 1.007470e+00 4.303946e+04 7.533710e+00 -4.048049e-03 2.789736e-03
1.974995e+01 -1.627067e-01 1.033342e+01 1.028428e+00 4.302307e+04 7.529981e+00 -2.528369e-03 2.739310e-03
1.979995e+01 -1.760361e-01 1.038488e+01 9.920231e-01 4.296246e+04 7.519294e+00 -1.179457e-03 2.775073e-03
1.984995e+01 -1.907341e-01 1.043830e+01 9.936583e-01 4.338831e+04 7.593701e+00 6.667495e-03 2.723336e-03
1.989994e+01 -2.087052e-01 1.049648e+01 1.002329e+00 4.421711e+04 7.738129e+00 -3.443122e-03 2.709866e-03
1.994994e+01 -2.307275e-01 1.055922e+01 1.011087e+00 4.545561e+04 7.953608e+00 1.010299e-02 2.695680e-03
