#./munderdamped_3d_gle_ratchet --dev=0 --amp=17.0 --omega=11.0 --force=0.0 --mass=0.525 --Dg=0.001 --tau=0.04 --block=1024 --paths=65536 --periods=5000 --trans=4000 --samples=200 --spp=200 --algorithm=predcorr --pav=1 --mode=moments --domain=1d --domainx=a:15.0:20.0:100:0 --q=2 --eps=0 --phi=0 --lambda=0 --Dp=0 --comp=0 --mean=0 >> temp/f0.0-D0.001-m0.525-a_15.0_20.0-w11.0-t0.04-ratchet.dat
#a <<v>> <<v^2>> qnu(q) mu_q Dx Gx EBx
1.500000e+01 7.225528e-01 6.593390e+00 1.938929e+00 1.196274e+07 2.094456e+03 -2.390016e-01 5.498257e-01
1.505000e+01 6.563045e-01 6.574265e+00 1.982690e+00 1.297279e+07 2.271287e+03 -2.731040e-01 5.118378e-01
1.510000e+01 6.260788e-01 6.582211e+00 1.992149e+00 1.347350e+07 2.359248e+03 -2.942940e-01 4.932421e-01
1.515000e+01 6.028285e-01 6.589588e+00 1.995488e+00 1.394437e+07 2.442298e+03 -3.141317e-01 4.711910e-01
1.520000e+01 5.858473e-01 6.606569e+00 1.999639e+00 1.428692e+07 2.501207e+03 -3.298359e-01 4.567893e-01
1.525000e+01 5.590527e-01 6.615860e+00 2.000533e+00 1.481246e+07 2.592781e+03 -3.547502e-01 4.340326e-01
1.530000e+01 5.400378e-01 6.634285e+00 2.000101e+00 1.517895e+07 2.657662e+03 -3.713743e-01 4.178779e-01
1.535000e+01 5.219821e-01 6.642999e+00 2.001387e+00 1.566749e+07 2.742866e+03 -3.912196e-01 3.921235e-01
1.540000e+01 4.994862e-01 6.669131e+00 1.999713e+00 1.601622e+07 2.804121e+03 -4.081601e-01 3.800839e-01
1.545000e+01 4.698902e-01 6.694329e+00 1.998614e+00 1.643826e+07 2.878610e+03 -4.290935e-01 3.659477e-01
1.550000e+01 4.518529e-01 6.724882e+00 2.000414e+00 1.674230e+07 2.931692e+03 -4.423319e-01 3.536918e-01
1.555000e+01 4.344148e-01 6.751956e+00 2.001925e+00 1.710172e+07 2.994155e+03 -4.566751e-01 3.368762e-01
1.560000e+01 4.276463e-01 6.791460e+00 1.999851e+00 1.727525e+07 3.024852e+03 -4.628157e-01 3.277782e-01
1.565000e+01 4.047156e-01 6.825774e+00 2.000632e+00 1.763092e+07 3.087065e+03 -4.780816e-01 3.134871e-01
1.570000e+01 4.022486e-01 6.865143e+00 2.000400e+00 1.779346e+07 3.115949e+03 -4.825062e-01 3.027586e-01
1.575000e+01 3.892187e-01 6.913405e+00 2.001735e+00 1.796295e+07 3.145293e+03 -4.902058e-01 2.960743e-01
1.580000e+01 3.768948e-01 6.949362e+00 2.001999e+00 1.828975e+07 3.201998e+03 -5.011424e-01 2.791605e-01
1.585000e+01 3.810276e-01 6.991031e+00 2.002173e+00 1.840969e+07 3.224024e+03 -5.028183e-01 2.674544e-01
1.590000e+01 3.699403e-01 7.034929e+00 2.002145e+00 1.863782e+07 3.263940e+03 -5.108353e-01 2.550199e-01
1.595000e+01 3.837560e-01 7.064628e+00 2.005022e+00 1.882836e+07 3.296438e+03 -5.121832e-01 2.335213e-01
1.600000e+01 3.761271e-01 7.106984e+00 2.006309e+00 1.904074e+07 3.334590e+03 -5.192300e-01 2.180588e-01
1.605000e+01 3.746604e-01 7.132177e+00 2.011432e+00 1.937509e+07 3.392395e+03 -5.282404e-01 1.906344e-01
1.610000e+01 3.934340e-01 7.158400e+00 2.015335e+00 1.954444e+07 3.422568e+03 -5.279897e-01 1.637509e-01
1.615000e+01 4.008355e-01 7.176521e+00 2.020902e+00 1.983019e+07 3.472847e+03 -5.337412e-01 1.325933e-01
1.620000e+01 4.255446e-01 7.188522e+00 2.027704e+00 2.012776e+07 3.524628e+03 -5.348380e-01 9.679377e-02
1.625000e+01 4.535422e-01 7.196301e+00 2.034332e+00 2.044784e+07 3.580589e+03 -5.340769e-01 6.209195e-02
1.630000e+01 4.685805e-01 7.221185e+00 2.039780e+00 2.080315e+07 3.642330e+03 -5.366023e-01 3.600287e-02
1.635000e+01 4.894197e-01 7.251345e+00 2.041010e+00 2.107370e+07 3.690081e+03 -5.334675e-01 1.618803e-02
1.640000e+01 4.773877e-01 7.305655e+00 2.037888e+00 2.146628e+07 3.759409e+03 -5.417148e-01 6.231546e-03
1.645000e+01 4.579331e-01 7.373994e+00 2.032494e+00 2.170344e+07 3.800740e+03 -5.468390e-01 2.855420e-03
1.650000e+01 4.096843e-01 7.450529e+00 2.027467e+00 2.190202e+07 3.834778e+03 -5.583468e-01 1.704574e-03
1.655000e+01 3.401272e-01 7.539250e+00 2.015859e+00 2.187220e+07 3.830402e+03 -5.690253e-01 1.820683e-03
1.659999e+01 2.055160e-01 7.647271e+00 1.993660e+00 2.173589e+07 3.806316e+03 -5.885044e-01 2.119780e-03
1.664999e+01 1.449620e-02 7.769378e+00 1.964994e+00 2.135745e+07 3.739363e+03 -6.087754e-01 1.938581e-03
1.669999e+01 -2.616211e-01 7.918872e+00 1.902911e+00 2.038953e+07 3.569467e+03 -6.141121e-01 1.808167e-03
1.674999e+01 -6.105301e-01 8.095933e+00 1.779139e+00 1.856432e+07 3.249848e+03 -5.773564e-01 1.363754e-03
1.679999e+01 -9.798263e-01 8.285555e+00 1.578684e+00 1.562436e+07 2.734831e+03 -4.572414e-01 8.816719e-04
1.684999e+01 -1.308758e+00 8.465322e+00 1.292439e+00 1.191197e+07 2.084875e+03 -1.990912e-01 3.151894e-04
1.689999e+01 -1.557188e+00 8.623208e+00 9.077103e-01 7.879618e+06 1.379429e+03 2.930055e-01 -1.544356e-04
1.694999e+01 -1.686767e+00 8.745445e+00 5.261767e-01 4.595762e+06 8.046277e+02 1.015624e+00 -3.933907e-04
1.699999e+01 -1.736189e+00 8.843372e+00 2.132645e-01 2.509726e+06 4.396319e+02 1.744107e+00 -4.855990e-04
1.704999e+01 -1.747355e+00 8.929246e+00 7.684480e-02 1.386346e+06 2.432180e+02 2.371811e+00 -5.107522e-04
1.709999e+01 -1.749875e+00 9.012108e+00 1.297667e-02 7.471172e+05 1.314656e+02 2.611109e+00 -5.229115e-04
1.714999e+01 -1.750094e+00 9.093801e+00 3.328066e-03 4.249265e+05 7.521445e+01 2.528774e+00 -5.266666e-04
1.719999e+01 -1.750127e+00 9.175191e+00 3.093686e-04 2.616844e+05 4.668673e+01 2.475809e+00 -5.266666e-04
1.724998e+01 -1.750132e+00 9.256285e+00 -2.531099e-05 1.601141e+05 2.894404e+01 2.288170e+00 -5.295873e-04
1.729998e+01 -1.750132e+00 9.336535e+00 2.779474e-04 1.069578e+05 1.966356e+01 2.689257e+00 -5.334020e-04
1.734998e+01 -1.750132e+00 9.414935e+00 -1.548600e-04 7.144698e+04 1.344401e+01 2.357378e+00 -5.352497e-04
1.739998e+01 -1.750132e+00 9.491122e+00 4.865272e-05 5.072969e+04 9.922641e+00 2.098471e+00 -5.422235e-04
1.744998e+01 -1.750132e+00 9.560343e+00 -1.118580e-04 3.783554e+04 7.592454e+00 2.366599e+00 -5.444288e-04
1.749998e+01 -1.750132e+00 9.632393e+00 3.197699e-04 2.901380e+04 6.100504e+00 2.324009e+00 -5.457997e-04
1.754998e+01 -1.750132e+00 9.708607e+00 1.166736e-04 2.259675e+04 4.983905e+00 2.058571e+00 -5.368590e-04
1.759998e+01 -1.750132e+00 9.787457e+00 7.561326e-05 1.798451e+04 4.088244e+00 2.264705e+00 -5.344152e-04
1.764998e+01 -1.750132e+00 9.860949e+00 3.646847e-05 1.505677e+04 3.643916e+00 2.253942e+00 -5.218983e-04
1.769998e+01 -1.750132e+00 9.922602e+00 1.746131e-04 1.255778e+04 3.121156e+00 2.284021e+00 -5.053878e-04
1.774998e+01 -1.750132e+00 9.995388e+00 1.106212e-05 1.080367e+04 2.903718e+00 2.309313e+00 -4.833937e-04
1.779998e+01 -1.750132e+00 1.007222e+01 2.152079e-04 9.419665e+03 2.611701e+00 2.209830e+00 -4.541278e-04
1.784998e+01 -1.750132e+00 1.013520e+01 1.188224e-04 8.111572e+03 2.433829e+00 2.135282e+00 -4.125237e-04
1.789997e+01 -1.750132e+00 1.020107e+01 9.396992e-05 7.200259e+03 2.208338e+00 2.145418e+00 -3.406405e-04
1.794997e+01 -1.750132e+00 1.027654e+01 3.835192e-04 6.480517e+03 2.083338e+00 2.234930e+00 -2.341270e-04
1.799997e+01 -1.750132e+00 1.033371e+01 1.480049e-04 5.742324e+03 2.017161e+00 2.073491e+00 -9.977818e-05
1.804997e+01 -1.750132e+00 1.040373e+01 6.193130e-05 5.231812e+03 1.919122e+00 1.988958e+00 1.776218e-05
1.809997e+01 -1.750132e+00 1.047066e+01 2.759564e-05 4.855404e+03 1.898464e+00 2.206248e+00 1.634359e-04
1.814997e+01 -1.750132e+00 1.052841e+01 1.544214e-04 4.416264e+03 1.773463e+00 1.962910e+00 3.252029e-04
1.819997e+01 -1.750132e+00 1.059610e+01 1.524447e-04 4.135472e+03 1.663519e+00 1.992215e+00 3.960133e-04
1.824997e+01 -1.750133e+00 1.065103e+01 2.250557e-04 3.965503e+03 1.695382e+00 2.018013e+00 3.219843e-04
1.829997e+01 -1.750133e+00 1.071246e+01 1.846712e-04 3.776742e+03 1.573883e+00 2.098019e+00 2.071857e-04
1.834997e+01 -1.750133e+00 1.076905e+01 1.977476e-04 3.687352e+03 1.524163e+00 2.269419e+00 -1.410246e-04
1.839997e+01 -1.750133e+00 1.081811e+01 1.627536e-04 3.513281e+03 1.596292e+00 2.099276e+00 -3.085732e-04
1.844997e+01 -1.750134e+00 1.086902e+01 1.228464e-04 3.539153e+03 1.541320e+00 2.208591e+00 -1.671910e-04
1.849997e+01 -1.750135e+00 1.091228e+01 2.215094e-04 3.523824e+03 1.521012e+00 1.955380e+00 2.193451e-05
1.854996e+01 -1.750136e+00 1.095014e+01 2.380186e-04 3.491033e+03 1.490900e+00 1.936507e+00 1.168251e-05
1.859996e+01 -1.750139e+00 1.097801e+01 2.286814e-04 3.560659e+03 1.536418e+00 1.976722e+00 -6.031990e-05
1.864996e+01 -1.750090e+00 1.099669e+01 7.616780e-03 3.628427e+03 1.473042e+00 2.026666e+00 7.390976e-06
1.869996e+01 -1.749900e+00 1.100525e+01 1.963597e-02 3.827109e+03 1.546222e+00 1.943599e+00 3.397465e-05
1.874996e+01 -1.748992e+00 1.100441e+01 8.357894e-02 4.253717e+03 1.507356e+00 2.188762e+00 5.674362e-05
1.879996e+01 -1.742784e+00 1.099100e+01 3.732791e-01 6.400210e+03 1.647063e+00 1.553219e+00 1.451969e-04
1.884996e+01 -1.715127e+00 1.095275e+01 7.773014e-01 1.581211e+04 2.755608e+00 7.821901e-01 3.782511e-04
1.889996e+01 -1.623927e+00 1.085527e+01 9.354646e-01 4.377874e+04 7.398826e+00 2.162197e-01 1.053572e-03
1.894996e+01 -1.402352e+00 1.065277e+01 9.789672e-01 8.962725e+04 1.554013e+01 3.615594e-02 2.402067e-03
1.899996e+01 -1.082084e+00 1.038761e+01 1.024701e+00 1.123228e+05 1.956272e+01 -3.204823e-03 3.441572e-03
1.904996e+01 -7.742170e-01 1.015521e+01 1.004589e+00 9.925037e+04 1.732558e+01 -7.389784e-04 3.755212e-03
1.909996e+01 -5.446190e-01 1.000008e+01 1.021745e+00 8.031679e+04 1.403185e+01 -1.362616e-02 3.592372e-03
1.914996e+01 -3.896412e-01 9.909727e+00 1.005676e+00 6.469895e+04 1.131060e+01 -1.239598e-03 3.424406e-03
1.919995e+01 -2.818131e-01 9.858790e+00 9.937707e-01 5.562326e+04 9.729199e+00 -6.015360e-03 3.275990e-03
1.924995e+01 -2.025793e-01 9.828828e+00 9.847272e-01 4.898396e+04 8.571825e+00 -5.825877e-03 3.179193e-03
1.929995e+01 -1.429943e-01 9.814443e+00 9.688296e-01 4.466389e+04 7.817890e+00 -5.472720e-03 3.175735e-03
1.934995e+01 -9.708808e-02 9.809669e+00 1.008409e+00 4.123436e+04 7.219918e+00 2.989531e-03 3.120661e-03
1.939995e+01 -5.819589e-02 9.809968e+00 9.868472e-01 3.845362e+04 6.732574e+00 -1.135725e-02 3.071547e-03
1.944995e+01 -2.785768e-02 9.816014e+00 1.006148e+00 3.655636e+04 6.399990e+00 -5.085349e-03 3.098845e-03
1.949995e+01 -2.361045e-03 9.825047e+00 1.005112e+00 3.524579e+04 6.170446e+00 -3.890932e-03 3.103733e-03
1.954995e+01 1.568738e-02 9.837580e+00 1.003853e+00 3.367467e+04 5.895418e+00 5.642891e-03 3.107786e-03
1.959995e+01 3.101357e-02 9.852613e+00 9.835978e-01 3.235487e+04 5.664279e+00 9.589195e-04 3.126860e-03
1.964995e+01 4.117589e-02 9.871706e+00 1.012289e+00 3.218240e+04 5.634162e+00 -7.503390e-03 3.130794e-03
1.969995e+01 4.765079e-02 9.893753e+00 9.840913e-01 3.118555e+04 5.459517e+00 -6.466985e-03 3.157139e-03
1.974995e+01 4.988412e-02 9.920075e+00 9.872685e-01 3.073693e+04 5.380857e+00 6.715059e-03 3.145456e-03
1.979995e+01 5.004478e-02 9.951527e+00 9.896579e-01 3.051926e+04 5.342916e+00 -3.964126e-03 3.155351e-03
1.984995e+01 4.649056e-02 9.987588e+00 1.012983e+00 3.007206e+04 5.264678e+00 -1.057720e-02 3.042936e-03
1.989994e+01 3.779584e-02 1.003047e+01 9.910612e-01 3.002972e+04 5.257225e+00 -1.697540e-04 3.050089e-03
1.994994e+01 2.825678e-02 1.007513e+01 9.785227e-01 3.029457e+04 5.303627e+00 3.128171e-03 2.994418e-03
