#./munderdamped_3d_gle_ratchet --dev=2 --amp=17.0 --omega=11.0 --force=0.0 --mass=0.525 --Dg=0.001 --tau=0.1 --block=1024 --paths=65536 --periods=5000 --trans=4000 --samples=400 --spp=400 --algorithm=predcorr --pav=1 --mode=moments --domain=3d --domainx=t:0.0:0.1:100:0 --domainy=a:17.0:17.0:1:0 --domainz=w:11.0:11.0:1:0 --q=2 --eps=0 --phi=0 --lambda=0 --Dp=0 --comp=0 --mean=0 >> temp/f0.0-D0.001-m0.525-a17.0-w11.0-t_0.0_0.1-ratchet.dat
#t a w <<v>> <<v^2>> qnu(q) mu_q Dx Gx EBx
0.000000e+00 1.700000e+01 1.100000e+01 nan nan nan nan nan nan nan
1.000000e-03 1.700000e+01 1.100000e+01 5.510969e-01 7.074919e+00 2.000887e+00 1.613217e+07 2.824762e+03 -3.907916e-01 3.403062e-01
2.000000e-03 1.700000e+01 1.100000e+01 5.413762e-01 7.096732e+00 2.000615e+00 1.632537e+07 2.858461e+03 -3.995835e-01 3.325846e-01
3.000000e-03 1.700000e+01 1.100000e+01 5.503739e-01 7.118121e+00 1.999698e+00 1.636267e+07 2.865262e+03 -3.966132e-01 3.242333e-01
4.000000e-03 1.700000e+01 1.100000e+01 5.128040e-01 7.143904e+00 2.001696e+00 1.683530e+07 2.947475e+03 -4.236167e-01 3.141392e-01
5.000000e-03 1.700000e+01 1.100000e+01 5.381824e-01 7.159963e+00 2.000786e+00 1.680358e+07 2.942421e+03 -4.126017e-01 3.010668e-01
6.000001e-03 1.700000e+01 1.100000e+01 5.267131e-01 7.185812e+00 2.001228e+00 1.696568e+07 2.970630e+03 -4.212999e-01 2.963494e-01
7.000001e-03 1.700000e+01 1.100000e+01 5.236018e-01 7.208951e+00 2.000752e+00 1.713778e+07 3.000817e+03 -4.265631e-01 2.864988e-01
8.000000e-03 1.700000e+01 1.100000e+01 5.074573e-01 7.235112e+00 2.001472e+00 1.741579e+07 3.049511e+03 -4.394873e-01 2.768261e-01
9.000001e-03 1.700000e+01 1.100000e+01 5.091085e-01 7.262265e+00 2.000639e+00 1.744183e+07 3.054784e+03 -4.394470e-01 2.728952e-01
1.000000e-02 1.700000e+01 1.100000e+01 4.967434e-01 7.287992e+00 1.999442e+00 1.765265e+07 3.092153e+03 -4.490257e-01 2.649170e-01
1.100000e-02 1.700000e+01 1.100000e+01 5.146180e-01 7.309815e+00 2.002668e+00 1.766786e+07 3.093488e+03 -4.431232e-01 2.531527e-01
1.200000e-02 1.700000e+01 1.100000e+01 5.156232e-01 7.327911e+00 2.002138e+00 1.787444e+07 3.129838e+03 -4.478697e-01 2.380278e-01
1.300000e-02 1.700000e+01 1.100000e+01 5.078534e-01 7.347345e+00 2.005393e+00 1.811423e+07 3.171439e+03 -4.567367e-01 2.239288e-01
1.400000e-02 1.700000e+01 1.100000e+01 5.207546e-01 7.362223e+00 2.004908e+00 1.824611e+07 3.194929e+03 -4.554896e-01 2.044598e-01
1.500000e-02 1.700000e+01 1.100000e+01 5.118670e-01 7.380232e+00 2.007353e+00 1.852700e+07 3.244164e+03 -4.660024e-01 1.873814e-01
1.600000e-02 1.700000e+01 1.100000e+01 5.321062e-01 7.392256e+00 2.008113e+00 1.853470e+07 3.246213e+03 -4.590808e-01 1.695093e-01
1.700000e-02 1.700000e+01 1.100000e+01 5.392205e-01 7.399976e+00 2.013954e+00 1.878870e+07 3.289612e+03 -4.638333e-01 1.434587e-01
1.800000e-02 1.700000e+01 1.100000e+01 5.386437e-01 7.406147e+00 2.015853e+00 1.910540e+07 3.345776e+03 -4.722779e-01 1.178885e-01
1.900000e-02 1.700000e+01 1.100000e+01 5.651921e-01 7.407457e+00 2.021099e+00 1.921533e+07 3.364656e+03 -4.655924e-01 9.167111e-02
2.000000e-02 1.700000e+01 1.100000e+01 5.629457e-01 7.416138e+00 2.025060e+00 1.953587e+07 3.420594e+03 -4.745904e-01 6.733406e-02
2.100000e-02 1.700000e+01 1.100000e+01 5.880994e-01 7.415004e+00 2.029456e+00 1.976469e+07 3.460393e+03 -4.675170e-01 4.262209e-02
2.200000e-02 1.700000e+01 1.100000e+01 5.822694e-01 7.435156e+00 2.029647e+00 2.006872e+07 3.514625e+03 -4.749968e-01 2.717137e-02
2.300000e-02 1.700000e+01 1.100000e+01 5.777192e-01 7.455402e+00 2.033682e+00 2.029112e+07 3.553566e+03 -4.775466e-01 1.346254e-02
2.400000e-02 1.700000e+01 1.100000e+01 5.534858e-01 7.491433e+00 2.030511e+00 2.058572e+07 3.605744e+03 -4.885983e-01 7.970810e-03
2.500000e-02 1.700000e+01 1.100000e+01 5.099761e-01 7.539071e+00 2.032072e+00 2.088476e+07 3.657003e+03 -5.061491e-01 4.917741e-03
2.600000e-02 1.700000e+01 1.100000e+01 4.655617e-01 7.587687e+00 2.026910e+00 2.100687e+07 3.678434e+03 -5.162033e-01 3.814101e-03
2.700000e-02 1.700000e+01 1.100000e+01 3.912598e-01 7.645684e+00 2.022232e+00 2.120440e+07 3.712806e+03 -5.387185e-01 3.131866e-03
2.800000e-02 1.700000e+01 1.100000e+01 3.065651e-01 7.712125e+00 2.009383e+00 2.115057e+07 3.703853e+03 -5.531963e-01 3.370762e-03
2.900000e-02 1.700000e+01 1.100000e+01 1.763500e-01 7.789279e+00 1.994249e+00 2.113972e+07 3.701255e+03 -5.788288e-01 3.514290e-03
3.000000e-02 1.700000e+01 1.100000e+01 2.227924e-02 7.872296e+00 1.971712e+00 2.081841e+07 3.644837e+03 -5.962760e-01 2.938986e-03
3.100000e-02 1.700000e+01 1.100000e+01 -1.856255e-01 7.976016e+00 1.923386e+00 2.033594e+07 3.559994e+03 -6.094429e-01 2.638221e-03
3.200000e-02 1.700000e+01 1.100000e+01 -4.101918e-01 8.086858e+00 1.855724e+00 1.943037e+07 3.401642e+03 -6.025243e-01 2.251506e-03
3.300000e-02 1.700000e+01 1.100000e+01 -6.712589e-01 8.206051e+00 1.748863e+00 1.797416e+07 3.146816e+03 -5.647409e-01 1.789570e-03
3.400000e-02 1.700000e+01 1.100000e+01 -9.400426e-01 8.328132e+00 1.602889e+00 1.593272e+07 2.789297e+03 -4.772705e-01 1.248837e-03
3.500000e-02 1.700000e+01 1.100000e+01 -1.180460e+00 8.446333e+00 1.426761e+00 1.347470e+07 2.358466e+03 -3.256027e-01 7.447004e-04
3.599999e-02 1.700000e+01 1.100000e+01 -1.394160e+00 8.561549e+00 1.178367e+00 1.072541e+07 1.877303e+03 -9.010273e-02 3.055334e-04
3.699999e-02 1.700000e+01 1.100000e+01 -1.549470e+00 8.656356e+00 9.212322e-01 8.041007e+06 1.407397e+03 2.545078e-01 -6.896257e-05
3.799999e-02 1.700000e+01 1.100000e+01 -1.653849e+00 8.733688e+00 6.469976e-01 5.622501e+06 9.842555e+02 7.250869e-01 -3.021955e-04
3.899999e-02 1.700000e+01 1.100000e+01 -1.708695e+00 8.793460e+00 4.119844e-01 3.837233e+06 6.718409e+02 1.241193e+00 -4.454255e-04
3.999999e-02 1.700000e+01 1.100000e+01 -1.736126e+00 8.844592e+00 2.156986e-01 2.485271e+06 4.353487e+02 1.790037e+00 -4.847050e-04
4.099999e-02 1.700000e+01 1.100000e+01 -1.745221e+00 8.890350e+00 1.173031e-01 1.622566e+06 2.844835e+02 2.302684e+00 -5.044937e-04
4.199998e-02 1.700000e+01 1.100000e+01 -1.749202e+00 8.934379e+00 3.426240e-02 1.046217e+06 1.837354e+02 2.461952e+00 -5.202293e-04
4.299998e-02 1.700000e+01 1.100000e+01 -1.749926e+00 8.976804e+00 1.173260e-02 6.903617e+05 1.215363e+02 2.431492e+00 -5.216002e-04
4.399998e-02 1.700000e+01 1.100000e+01 -1.750090e+00 9.018157e+00 3.268238e-03 4.694590e+05 8.304710e+01 2.478442e+00 -5.250573e-04
4.499998e-02 1.700000e+01 1.100000e+01 -1.750132e+00 9.058694e+00 1.235977e-04 3.239586e+05 5.757226e+01 2.406159e+00 -5.221963e-04
4.599998e-02 1.700000e+01 1.100000e+01 -1.750132e+00 9.098332e+00 1.354817e-04 2.337878e+05 4.184953e+01 2.667755e+00 -5.265474e-04
4.699998e-02 1.700000e+01 1.100000e+01 -1.750132e+00 9.137392e+00 2.055460e-04 1.671761e+05 3.018109e+01 2.517023e+00 -5.227923e-04
4.799997e-02 1.700000e+01 1.100000e+01 -1.750132e+00 9.176415e+00 -8.338037e-04 1.247184e+05 2.282813e+01 2.404398e+00 -5.270839e-04
4.899997e-02 1.700000e+01 1.100000e+01 -1.750132e+00 9.215888e+00 5.917251e-04 9.225060e+04 1.716776e+01 2.386038e+00 -5.285144e-04
4.999997e-02 1.700000e+01 1.100000e+01 -1.750132e+00 9.254738e+00 2.186387e-04 7.133705e+04 1.350808e+01 2.570851e+00 -5.287528e-04
5.099997e-02 1.700000e+01 1.100000e+01 -1.750132e+00 9.290880e+00 6.862052e-05 5.549032e+04 1.078994e+01 2.474514e+00 -5.295873e-04
5.199997e-02 1.700000e+01 1.100000e+01 -1.750132e+00 9.322644e+00 -1.266380e-04 4.392906e+04 8.727611e+00 2.249603e+00 -5.307198e-04
5.299997e-02 1.700000e+01 1.100000e+01 -1.750132e+00 9.349122e+00 -1.078396e-04 3.474326e+04 7.177187e+00 2.206050e+00 -5.275607e-04
5.399996e-02 1.700000e+01 1.100000e+01 -1.750132e+00 9.382200e+00 1.430755e-04 2.898234e+04 6.219902e+00 2.179633e+00 -5.322695e-04
5.499996e-02 1.700000e+01 1.100000e+01 -1.750132e+00 9.419504e+00 1.008891e-04 2.385188e+04 5.256664e+00 2.199613e+00 -5.334616e-04
5.599996e-02 1.700000e+01 1.100000e+01 -1.750132e+00 9.451827e+00 7.168886e-05 1.987691e+04 4.450990e+00 2.232784e+00 -5.334616e-04
5.699996e-02 1.700000e+01 1.100000e+01 -1.750132e+00 9.472336e+00 1.730036e-04 1.701255e+04 4.067936e+00 2.297014e+00 -5.341768e-04
5.799996e-02 1.700000e+01 1.100000e+01 -1.750132e+00 9.503548e+00 8.476438e-05 1.471850e+04 3.647067e+00 2.205824e+00 -5.386472e-04
5.899996e-02 1.700000e+01 1.100000e+01 -1.750132e+00 9.537679e+00 1.515807e-04 1.259560e+04 3.324937e+00 2.134182e+00 -5.353093e-04
5.999995e-02 1.700000e+01 1.100000e+01 -1.750132e+00 9.555875e+00 6.795709e-05 1.134483e+04 3.090693e+00 2.211952e+00 -5.378127e-04
6.099995e-02 1.700000e+01 1.100000e+01 -1.750132e+00 9.584996e+00 1.337485e-04 9.805891e+03 2.856449e+00 2.100402e+00 -5.403161e-04
6.199995e-02 1.700000e+01 1.100000e+01 -1.750132e+00 9.615803e+00 -1.957458e-05 8.970434e+03 2.622555e+00 2.163514e+00 -5.413890e-04
6.299995e-02 1.700000e+01 1.100000e+01 -1.750132e+00 9.630850e+00 3.077730e-05 7.963736e+03 2.484950e+00 2.212775e+00 -5.421638e-04
6.399995e-02 1.700000e+01 1.100000e+01 -1.750132e+00 9.663123e+00 2.031918e-04 7.275848e+03 2.304277e+00 2.035782e+00 -5.428791e-04
6.499995e-02 1.700000e+01 1.100000e+01 -1.750132e+00 9.676903e+00 3.625054e-07 6.616814e+03 2.330187e+00 2.111759e+00 -5.475283e-04
6.599995e-02 1.700000e+01 1.100000e+01 -1.750132e+00 9.706230e+00 1.716340e-04 6.183586e+03 2.167722e+00 2.015541e+00 -5.437136e-04
6.699996e-02 1.700000e+01 1.100000e+01 -1.750132e+00 9.720707e+00 1.326575e-04 5.719766e+03 2.091741e+00 2.131253e+00 -5.474687e-04
6.799996e-02 1.700000e+01 1.100000e+01 -1.750132e+00 9.747392e+00 2.825502e-04 5.393975e+03 1.996853e+00 2.158244e+00 -5.449653e-04
6.899996e-02 1.700000e+01 1.100000e+01 -1.750132e+00 9.760009e+00 1.363144e-04 5.008534e+03 1.913520e+00 2.128381e+00 -5.465746e-04
6.999996e-02 1.700000e+01 1.100000e+01 -1.750132e+00 9.787154e+00 1.590802e-04 4.606166e+03 1.834738e+00 1.991364e+00 -5.434155e-04
7.099997e-02 1.700000e+01 1.100000e+01 -1.750132e+00 9.796598e+00 2.281437e-04 4.297073e+03 1.728995e+00 1.897275e+00 -5.489588e-04
7.199997e-02 1.700000e+01 1.100000e+01 -1.750132e+00 9.823781e+00 1.982183e-04 4.237016e+03 1.761909e+00 2.160656e+00 -5.468726e-04
7.299997e-02 1.700000e+01 1.100000e+01 -1.750132e+00 9.832190e+00 2.274107e-04 3.985792e+03 1.675774e+00 2.086291e+00 -5.483031e-04
7.399997e-02 1.700000e+01 1.100000e+01 -1.750132e+00 9.852711e+00 1.811123e-04 3.935431e+03 1.702035e+00 2.118891e+00 -5.482435e-04
7.499997e-02 1.700000e+01 1.100000e+01 -1.750132e+00 9.869992e+00 1.462715e-04 3.702443e+03 1.588239e+00 2.024660e+00 -5.477071e-04
7.599998e-02 1.700000e+01 1.100000e+01 -1.750132e+00 9.876938e+00 2.575190e-04 3.609951e+03 1.625354e+00 2.110986e+00 -5.509257e-04
7.699998e-02 1.700000e+01 1.100000e+01 -1.750132e+00 9.900303e+00 2.644742e-04 3.460516e+03 1.584387e+00 1.978865e+00 -5.497932e-04
7.799998e-02 1.700000e+01 1.100000e+01 -1.750132e+00 9.911434e+00 2.130573e-04 3.337416e+03 1.505255e+00 2.406616e+00 -5.490780e-04
7.899998e-02 1.700000e+01 1.100000e+01 -1.750132e+00 9.917220e+00 1.698075e-04 3.293850e+03 1.455535e+00 2.194452e+00 -5.476475e-04
7.999998e-02 1.700000e+01 1.100000e+01 -1.750132e+00 9.936359e+00 1.975731e-04 3.227318e+03 1.440129e+00 2.033429e+00 -5.490780e-04
8.099999e-02 1.700000e+01 1.100000e+01 -1.750132e+00 9.950197e+00 2.527887e-04 3.140833e+03 1.482496e+00 2.089310e+00 -5.443692e-04
8.199999e-02 1.700000e+01 1.100000e+01 -1.750132e+00 9.954309e+00 2.425123e-04 3.145917e+03 1.523463e+00 2.318314e+00 -5.495548e-04
8.299999e-02 1.700000e+01 1.100000e+01 -1.750132e+00 9.962191e+00 1.688045e-04 3.018767e+03 1.511908e+00 1.979908e+00 -5.479455e-04
8.399999e-02 1.700000e+01 1.100000e+01 -1.750132e+00 9.981819e+00 2.210153e-04 2.952108e+03 1.433477e+00 1.846079e+00 -5.469322e-04
8.499999e-02 1.700000e+01 1.100000e+01 -1.750132e+00 9.991173e+00 1.663669e-04 2.926794e+03 1.440129e+00 2.020393e+00 -5.470514e-04
8.600000e-02 1.700000e+01 1.100000e+01 -1.750132e+00 9.994585e+00 2.417228e-04 2.938928e+03 1.392510e+00 2.101493e+00 -5.486608e-04
8.700000e-02 1.700000e+01 1.100000e+01 -1.750132e+00 9.999265e+00 1.722992e-04 2.918593e+03 1.399163e+00 2.167334e+00 -5.481839e-04
8.800000e-02 1.700000e+01 1.100000e+01 -1.750132e+00 1.000824e+01 1.579901e-04 2.861981e+03 1.337888e+00 1.760759e+00 -5.484223e-04
8.900000e-02 1.700000e+01 1.100000e+01 -1.750132e+00 1.002461e+01 1.333516e-04 2.894239e+03 1.360297e+00 2.027174e+00 -5.459189e-04
9.000000e-02 1.700000e+01 1.100000e+01 -1.750132e+00 1.003112e+01 9.524918e-05 2.883710e+03 1.349093e+00 2.074080e+00 -5.455613e-04
9.100001e-02 1.700000e+01 1.100000e+01 -1.750132e+00 1.003465e+01 1.926473e-04 2.919185e+03 1.398813e+00 2.128803e+00 -5.466342e-04
9.200001e-02 1.700000e+01 1.100000e+01 -1.750132e+00 1.003627e+01 1.133203e-04 2.828362e+03 1.338939e+00 1.902059e+00 -5.454421e-04
9.300001e-02 1.700000e+01 1.100000e+01 -1.750132e+00 1.003990e+01 1.107424e-04 2.872196e+03 1.354695e+00 2.141347e+00 -5.469918e-04
9.400001e-02 1.700000e+01 1.100000e+01 -1.750132e+00 1.004460e+01 9.162779e-05 2.925902e+03 1.378505e+00 1.922602e+00 -5.454421e-04
9.500001e-02 1.700000e+01 1.100000e+01 -1.750132e+00 1.005332e+01 1.276575e-04 2.915434e+03 1.320381e+00 1.869028e+00 -5.424023e-04
9.600002e-02 1.700000e+01 1.100000e+01 -1.750132e+00 1.006403e+01 1.326382e-04 2.926242e+03 1.309527e+00 1.890658e+00 -5.473495e-04
9.700002e-02 1.700000e+01 1.100000e+01 -1.750132e+00 1.006849e+01 1.931129e-04 2.931971e+03 1.392510e+00 2.122498e+00 -5.452633e-04
9.800002e-02 1.700000e+01 1.100000e+01 -1.750132e+00 1.007180e+01 1.549498e-04 3.015529e+03 1.361698e+00 2.220686e+00 -5.438328e-04
9.900002e-02 1.700000e+01 1.100000e+01 -1.750132e+00 1.007423e+01 1.470294e-04 3.014149e+03 1.376404e+00 1.932729e+00 -5.452037e-04

