#./munderdamped_3d_ratchet --dev=1 --amp=17.0 --omega=11.0 --force=0.0 --mass=0.525 --Dg=0.001 --block=1024 --paths=65536 --periods=5000 --trans=4000 --samples=200 --spp=200 --algorithm=predcorr --pav=1 --mode=moments --domain=1d --domainx=a:15.0:20.0:100:0 --q=2 --eps=0 --phi=0 --lambda=0 --Dp=0 --comp=0 --mean=0 >> temp/f0.0-D0.001-m0.525-a_15.0_20.0-w11.0-ratchet.dat
#a <<v>> <<v^2>> qnu(q) mu_q Dx Gx EBx
1.500000e+01 1.026276e+00 6.010076e+00 1.928595e+00 5.795404e+06 1.014474e+03 -6.352630e-01 6.510214e-01
1.505000e+01 9.984944e-01 6.056009e+00 1.941248e+00 5.889380e+06 1.031063e+03 -6.434666e-01 6.976317e-01
1.510000e+01 9.736608e-01 6.100341e+00 1.955580e+00 5.965728e+06 1.044382e+03 -6.496491e-01 7.412621e-01
1.515000e+01 9.497489e-01 6.145076e+00 1.965374e+00 6.027154e+06 1.055043e+03 -6.547116e-01 7.852340e-01
1.520000e+01 9.460348e-01 6.176322e+00 1.973649e+00 6.074609e+06 1.063276e+03 -6.562929e-01 7.955419e-01
1.525000e+01 9.248051e-01 6.220366e+00 1.979030e+00 6.113074e+06 1.070087e+03 -6.596711e-01 8.376787e-01
1.530000e+01 9.258150e-01 6.248710e+00 1.983651e+00 6.137630e+06 1.074505e+03 -6.601788e-01 8.390350e-01
1.535000e+01 9.167250e-01 6.284629e+00 1.986276e+00 6.161974e+06 1.078784e+03 -6.616974e-01 8.597866e-01
1.540000e+01 9.177169e-01 6.313152e+00 1.991367e+00 6.186430e+06 1.082837e+03 -6.624209e-01 8.613579e-01
1.545000e+01 9.105690e-01 6.348377e+00 1.992876e+00 6.199396e+06 1.085185e+03 -6.634382e-01 8.778529e-01
1.550000e+01 9.159228e-01 6.374064e+00 1.994307e+00 6.204942e+06 1.086178e+03 -6.630342e-01 8.702779e-01
1.555000e+01 9.220254e-01 6.399628e+00 1.995086e+00 6.210830e+06 1.087320e+03 -6.624123e-01 8.613818e-01
1.560000e+01 9.273349e-01 6.425469e+00 1.997658e+00 6.211062e+06 1.087203e+03 -6.615629e-01 8.537556e-01
1.565000e+01 9.286267e-01 6.454885e+00 1.998039e+00 6.214620e+06 1.087910e+03 -6.614665e-01 8.534678e-01
1.570000e+01 9.408069e-01 6.475094e+00 1.999166e+00 6.205686e+06 1.086245e+03 -6.590170e-01 8.327748e-01
1.575000e+01 9.386863e-01 6.508009e+00 1.999458e+00 6.210292e+06 1.087049e+03 -6.594830e-01 8.387239e-01
1.580000e+01 9.472520e-01 6.531542e+00 1.998330e+00 6.200764e+06 1.085574e+03 -6.573856e-01 8.244468e-01
1.585000e+01 9.511656e-01 6.559220e+00 1.999816e+00 6.197976e+06 1.084843e+03 -6.564692e-01 8.188120e-01
1.590000e+01 9.593801e-01 6.582942e+00 1.998356e+00 6.185299e+06 1.082917e+03 -6.539850e-01 8.052493e-01
1.595000e+01 9.719407e-01 6.603061e+00 2.000397e+00 6.169120e+06 1.079853e+03 -6.500453e-01 7.838109e-01
1.600000e+01 9.739240e-01 6.632710e+00 1.998972e+00 6.166020e+06 1.079488e+03 -6.491322e-01 7.815033e-01
1.605000e+01 9.760023e-01 6.662463e+00 1.997106e+00 6.165849e+06 1.079449e+03 -6.477780e-01 7.787565e-01
1.610000e+01 9.838213e-01 6.687140e+00 1.983319e+00 6.190688e+06 1.083685e+03 -6.402738e-01 7.658235e-01
1.615000e+01 9.827002e-01 6.716651e+00 1.871309e+00 6.525385e+06 1.142645e+03 -5.771730e-01 7.618612e-01
1.620000e+01 9.297606e-01 6.698296e+00 1.795583e+00 8.274596e+06 1.448741e+03 -2.763650e-01 6.874917e-01
1.625000e+01 8.086038e-01 6.664878e+00 1.909223e+00 1.042188e+07 1.824489e+03 -1.916769e-01 6.076907e-01
1.630000e+01 7.421018e-01 6.656817e+00 1.973024e+00 1.154489e+07 2.021377e+03 -2.044330e-01 5.601501e-01
1.635000e+01 7.168135e-01 6.662258e+00 1.993785e+00 1.216095e+07 2.128903e+03 -2.186193e-01 5.245004e-01
1.640000e+01 6.941629e-01 6.684374e+00 1.998247e+00 1.257597e+07 2.202056e+03 -2.365505e-01 5.088127e-01
1.645000e+01 6.753261e-01 6.708112e+00 1.999506e+00 1.295143e+07 2.267365e+03 -2.544006e-01 4.941008e-01
1.650000e+01 6.640411e-01 6.734932e+00 2.001931e+00 1.322559e+07 2.315327e+03 -2.664440e-01 4.809943e-01
1.655000e+01 6.555840e-01 6.756043e+00 2.000306e+00 1.356718e+07 2.375539e+03 -2.782926e-01 4.593208e-01
1.659999e+01 6.301379e-01 6.787287e+00 1.999748e+00 1.394128e+07 2.441564e+03 -2.999204e-01 4.502974e-01
1.664999e+01 6.173101e-01 6.818977e+00 2.000668e+00 1.421756e+07 2.489031e+03 -3.135751e-01 4.387144e-01
1.669999e+01 6.221150e-01 6.848526e+00 1.999857e+00 1.437234e+07 2.516537e+03 -3.147131e-01 4.220890e-01
1.674999e+01 5.996234e-01 6.875711e+00 2.001312e+00 1.483038e+07 2.596320e+03 -3.371452e-01 4.036955e-01
1.679999e+01 5.959707e-01 6.908626e+00 2.000007e+00 1.501382e+07 2.629084e+03 -3.429893e-01 3.920041e-01
1.684999e+01 5.924726e-01 6.940449e+00 2.000733e+00 1.522862e+07 2.666126e+03 -3.504341e-01 3.784813e-01
1.689999e+01 5.754253e-01 6.974266e+00 2.000579e+00 1.555714e+07 2.724200e+03 -3.660626e-01 3.658695e-01
1.694999e+01 5.669703e-01 7.008539e+00 1.998657e+00 1.581108e+07 2.769508e+03 -3.760751e-01 3.526208e-01
1.699999e+01 5.665173e-01 7.055076e+00 1.999434e+00 1.583202e+07 2.772038e+03 -3.769647e-01 3.519260e-01
1.704999e+01 5.735208e-01 7.084526e+00 2.000968e+00 1.603429e+07 2.807442e+03 -3.789420e-01 3.325187e-01
1.709999e+01 5.615983e-01 7.125853e+00 1.999011e+00 1.622914e+07 2.842291e+03 -3.886248e-01 3.263201e-01
1.714999e+01 5.666687e-01 7.163297e+00 1.999417e+00 1.631364e+07 2.856506e+03 -3.886130e-01 3.173863e-01
1.719999e+01 5.559519e-01 7.200013e+00 2.000178e+00 1.658534e+07 2.903914e+03 -3.997581e-01 3.052223e-01
1.724998e+01 5.697522e-01 7.238870e+00 2.000991e+00 1.657395e+07 2.901812e+03 -3.936169e-01 2.972238e-01
1.729998e+01 5.749990e-01 7.271201e+00 2.000324e+00 1.676313e+07 2.935773e+03 -3.953488e-01 2.804228e-01
1.734998e+01 5.749442e-01 7.309507e+00 2.001048e+00 1.690088e+07 2.959812e+03 -3.987528e-01 2.707729e-01
1.739998e+01 5.731412e-01 7.348501e+00 2.001438e+00 1.703824e+07 2.983420e+03 -4.032102e-01 2.618085e-01
1.744998e+01 5.783907e-01 7.384782e+00 2.002060e+00 1.715811e+07 3.004534e+03 -4.037224e-01 2.499011e-01
1.749998e+01 5.852119e-01 7.421241e+00 2.001631e+00 1.726882e+07 3.024241e+03 -4.032798e-01 2.368001e-01
1.754998e+01 5.894984e-01 7.457617e+00 2.001635e+00 1.736128e+07 3.040837e+03 -4.033834e-01 2.236484e-01
1.759998e+01 6.037657e-01 7.485311e+00 2.002383e+00 1.748080e+07 3.061565e+03 -4.002861e-01 2.035414e-01
1.764998e+01 6.064517e-01 7.520711e+00 2.005975e+00 1.757838e+07 3.077713e+03 -4.013756e-01 1.878947e-01
1.769998e+01 6.203327e-01 7.549379e+00 2.006503e+00 1.762712e+07 3.086731e+03 -3.955112e-01 1.655617e-01
1.774998e+01 6.257473e-01 7.573978e+00 2.007869e+00 1.783372e+07 3.123096e+03 -3.964306e-01 1.372600e-01
1.779998e+01 6.334542e-01 7.601522e+00 2.009840e+00 1.784245e+07 3.124868e+03 -3.890357e-01 1.139349e-01
1.784998e+01 6.060972e-01 7.635528e+00 2.014808e+00 1.814121e+07 3.176693e+03 -4.051653e-01 8.770728e-02
1.789997e+01 5.572500e-01 7.681921e+00 2.017942e+00 1.831948e+07 3.207740e+03 -4.224873e-01 6.808746e-02
1.794997e+01 4.640647e-01 7.745311e+00 2.018060e+00 1.849373e+07 3.238292e+03 -4.516777e-01 5.306339e-02
1.799997e+01 3.240516e-01 7.832005e+00 2.014073e+00 1.838886e+07 3.219345e+03 -4.823239e-01 4.686511e-02
1.804997e+01 8.344319e-02 7.951108e+00 1.990166e+00 1.835582e+07 3.213620e+03 -5.375149e-01 4.089570e-02
1.809997e+01 -1.625411e-01 8.078412e+00 1.946351e+00 1.777346e+07 3.111248e+03 -5.653306e-01 3.726196e-02
1.814997e+01 -4.999786e-01 8.230323e+00 1.840098e+00 1.663971e+07 2.912716e+03 -5.683452e-01 3.174102e-02
1.819997e+01 -8.402749e-01 8.381935e+00 1.683848e+00 1.468792e+07 2.570895e+03 -5.109520e-01 2.457929e-02
1.824997e+01 -1.146706e+00 8.530348e+00 1.472220e+00 1.220033e+07 2.135452e+03 -3.726436e-01 1.677644e-02
1.829997e+01 -1.398757e+00 8.670519e+00 1.187909e+00 9.321113e+06 1.631654e+03 -1.330772e-01 9.777308e-03
1.834997e+01 -1.571355e+00 8.784936e+00 8.898653e-01 6.619048e+06 1.158711e+03 2.466701e-01 4.737973e-03
1.839997e+01 -1.670998e+00 8.874868e+00 6.005436e-01 4.415512e+06 7.729720e+02 7.457027e-01 1.912355e-03
1.844997e+01 -1.722032e+00 8.962355e+00 3.368919e-01 2.810372e+06 4.921128e+02 1.284572e+00 2.719164e-04
1.849997e+01 -1.739699e+00 9.040411e+00 1.924453e-01 1.824003e+06 3.194331e+02 1.781594e+00 -1.957417e-04
1.854996e+01 -1.747866e+00 9.102627e+00 6.573977e-02 1.153179e+06 2.021867e+02 2.047329e+00 -4.653931e-04
1.859996e+01 -1.749576e+00 9.175040e+00 2.467936e-02 7.532924e+05 1.323196e+02 2.157241e+00 -5.130768e-04
1.864996e+01 -1.750076e+00 9.247522e+00 3.236750e-03 5.104168e+05 8.986680e+01 2.124840e+00 -5.218387e-04
1.869996e+01 -1.750132e+00 9.305327e+00 2.248162e-04 3.553936e+05 6.279881e+01 2.104953e+00 -5.141497e-04
1.874996e+01 -1.750132e+00 9.378662e+00 -2.707157e-04 2.568048e+05 4.554247e+01 2.251977e+00 -4.986525e-04
1.879996e+01 -1.750132e+00 9.442588e+00 -2.823012e-04 1.860992e+05 3.326058e+01 2.199702e+00 -4.752278e-04
1.884996e+01 -1.750132e+00 9.504101e+00 3.836453e-04 1.370246e+05 2.455117e+01 2.119851e+00 -4.505515e-04
1.889996e+01 -1.750132e+00 9.576203e+00 -7.488331e-04 1.038047e+05 1.889430e+01 2.047140e+00 -4.209280e-04
1.894996e+01 -1.750132e+00 9.630771e+00 3.668591e-04 8.233228e+04 1.504520e+01 2.169425e+00 -3.703833e-04
1.899996e+01 -1.750132e+00 9.703136e+00 -1.083619e-04 6.371132e+04 1.180850e+01 2.152896e+00 -2.951026e-04
1.904996e+01 -1.750132e+00 9.756458e+00 1.027152e-04 5.084204e+04 9.558145e+00 2.105510e+00 -1.950264e-04
1.909996e+01 -1.750132e+00 9.827322e+00 -4.224493e-05 4.109261e+04 7.791684e+00 2.088424e+00 -7.492304e-05
1.914996e+01 -1.750132e+00 9.879613e+00 -7.586057e-05 3.352624e+04 6.593152e+00 2.111929e+00 3.314018e-05
1.919995e+01 -1.750132e+00 9.949244e+00 -7.154289e-05 2.792450e+04 5.589648e+00 2.076793e+00 1.460314e-04
1.924995e+01 -1.750132e+00 9.999806e+00 -4.664136e-05 2.357369e+04 4.827392e+00 2.064864e+00 2.590418e-04
1.929995e+01 -1.750132e+00 1.006750e+01 -6.531284e-05 2.012497e+04 4.277670e+00 2.163836e+00 3.440380e-04
1.934995e+01 -1.750133e+00 1.011841e+01 -1.705354e-05 1.701657e+04 3.649868e+00 2.195714e+00 3.212690e-04
1.939995e+01 -1.750112e+00 1.017445e+01 1.131994e-03 1.522687e+04 3.389714e+00 2.052596e+00 2.517700e-04
1.944995e+01 -1.750047e+00 1.023312e+01 3.191578e-03 1.333353e+04 2.994755e+00 1.995933e+00 4.673004e-05
1.949995e+01 -1.749791e+00 1.028047e+01 1.717454e-02 1.263337e+04 2.862751e+00 2.028448e+00 -2.242923e-04
1.954995e+01 -1.748650e+00 1.032580e+01 6.503809e-02 1.248901e+04 2.745104e+00 2.456488e+00 -2.079010e-04
1.959995e+01 -1.743303e+00 1.036456e+01 2.420689e-01 1.460399e+04 3.043774e+00 1.863840e+00 1.180172e-05
1.964995e+01 -1.724378e+00 1.038468e+01 5.625916e-01 2.419571e+04 4.356102e+00 1.236794e+00 2.987385e-04
1.969995e+01 -1.658960e+00 1.035782e+01 8.765280e-01 5.517088e+04 9.437346e+00 5.126452e-01 9.107590e-04
1.974995e+01 -1.491454e+00 1.024169e+01 9.788365e-01 1.165502e+05 2.017512e+01 1.231651e-01 2.449751e-03
1.979995e+01 -1.199629e+00 1.002754e+01 1.022930e+00 1.674402e+05 2.916428e+01 2.646947e-02 4.357815e-03
1.984995e+01 -8.762394e-01 9.796771e+00 9.965664e-01 1.606299e+05 2.803945e+01 -6.409466e-03 5.114555e-03
1.989994e+01 -6.131033e-01 9.621165e+00 1.015657e+00 1.262559e+05 2.206089e+01 -7.484317e-03 4.992366e-03
1.994994e+01 -4.357721e-01 9.515254e+00 1.014675e+00 9.720973e+04 1.699623e+01 -5.510449e-04 4.617929e-03
