#./munderdamped_3d --dev=0 --amp=100.0 --omega=1 --mass=0.1 --force=0 --Dg=0.01 --block=256 --paths=1024 --periods=1000 --trans=100 --samples=100 --spp=5000 --algorithm=euler --pav=1 --mode=moments --domain=1d --domainx=g:-3:0:300:1 --domainy=s:-1:2:100:1 --domainz=a:-1:2.5:100:1 --q=2 --eps=0 --phi=1.57079632679 --lambda=20.0 --zeta=0.05 --comp=0 --mean=1.0 --second=13.0 --skew=0.99 --distribution=s>> 1D_g:-3:0:300:1_20.0_100.0_0.99_1.0_13.0.dat
#g <<v>> <<v^2>> qnu(q) mu_q Dx Gx Gv EBx EBv
1.000000e-03 2.073323e-01 3.503503e+05 9.770584e-01 2.023554e+06 1.610291e+02 -4.892719e-02 5.420580e+01 3.206730e-05 1.297341e+00
1.023293e-03 2.353628e-01 3.297500e+05 1.005437e+00 1.991379e+06 1.584690e+02 -6.458223e-02 2.051884e+01 3.111362e-05 1.015999e+00
1.047128e-03 2.853279e-01 3.109648e+05 1.019544e+00 2.027602e+06 1.613521e+02 -4.009366e-03 2.792990e+01 3.302097e-05 6.970166e-01
1.071519e-03 3.211605e-01 2.938331e+05 9.834380e-01 2.132650e+06 1.697106e+02 6.934893e-02 1.651656e+01 3.087521e-05 5.750452e-01
1.096478e-03 3.666287e-01 2.782615e+05 1.031411e+00 2.174848e+06 1.730695e+02 -3.231406e-02 3.167503e+01 3.182888e-05 4.556808e-01
1.122018e-03 3.993338e-01 2.638555e+05 1.026869e+00 2.091093e+06 1.664041e+02 -8.891797e-02 4.297874e+01 3.254414e-05 3.567548e-01
1.148153e-03 4.220057e-01 2.505965e+05 9.810950e-01 1.949607e+06 1.551454e+02 -7.705045e-02 3.989231e+01 3.373623e-05 3.245846e-01
1.174897e-03 4.510844e-01 2.383073e+05 9.742146e-01 1.903208e+06 1.514524e+02 -3.163958e-02 3.584355e+01 2.956390e-05 2.645371e-01
1.202264e-03 4.820020e-01 2.269635e+05 9.663251e-01 1.948752e+06 1.550770e+02 -8.142781e-02 6.571223e+01 3.266335e-05 2.330117e-01
1.230269e-03 4.990671e-01 2.164060e+05 9.521289e-01 1.890403e+06 1.504337e+02 -5.716956e-02 4.056150e+01 3.015995e-05 2.095951e-01
1.258925e-03 5.289651e-01 2.067412e+05 9.638059e-01 1.855033e+06 1.476178e+02 -7.746130e-02 2.737400e+01 3.147125e-05 1.892859e-01
1.288249e-03 5.606266e-01 1.974804e+05 1.003200e+00 2.049815e+06 1.631192e+02 6.457567e-04 4.358749e+01 3.147125e-05 1.864996e-01
1.318256e-03 5.990283e-01 1.889365e+05 9.991534e-01 2.044691e+06 1.627112e+02 -2.087158e-02 2.424307e+01 3.278255e-05 1.618230e-01
1.348963e-03 6.362087e-01 1.809710e+05 1.001631e+00 1.922214e+06 1.529660e+02 -1.117307e-02 6.359759e+01 3.015995e-05 1.308004e-01
1.380384e-03 6.618039e-01 1.733843e+05 1.025300e+00 2.020175e+06 1.607634e+02 -9.662211e-02 3.743823e+01 3.087521e-05 1.284539e-01
1.412537e-03 7.079666e-01 1.663801e+05 1.040936e+00 1.944024e+06 1.546986e+02 -1.811266e-03 6.871587e+01 3.445148e-05 1.107364e-01
1.445439e-03 7.568114e-01 1.597538e+05 9.732780e-01 1.906078e+06 1.516788e+02 -4.400516e-02 3.400987e+01 3.170967e-05 8.976293e-02
1.479108e-03 7.872452e-01 1.534387e+05 9.947330e-01 1.966094e+06 1.564600e+02 -1.215154e-02 2.575984e+01 3.194809e-05 8.988869e-02
1.513561e-03 8.286976e-01 1.475416e+05 9.552070e-01 1.882912e+06 1.498393e+02 2.127647e-02 2.979183e+01 3.314018e-05 7.646167e-02
1.548816e-03 8.745291e-01 1.419132e+05 1.030097e+00 1.988941e+06 1.582769e+02 -1.441739e-01 7.078165e+01 3.159046e-05 7.398760e-02
1.584893e-03 9.281448e-01 1.366018e+05 1.012241e+00 1.975818e+06 1.572301e+02 -4.126102e-02 2.395111e+01 3.015995e-05 6.364965e-02
1.621809e-03 9.886065e-01 1.316012e+05 9.543568e-01 1.860697e+06 1.480717e+02 -8.226502e-02 5.348195e+01 2.741814e-05 5.361402e-02
1.659586e-03 1.038970e+00 1.267866e+05 1.018535e+00 2.042696e+06 1.625507e+02 -1.289390e-01 4.342318e+01 3.421307e-05 5.165875e-02
1.698243e-03 1.090871e+00 1.222463e+05 9.482053e-01 1.746252e+06 1.389598e+02 -1.192620e-01 2.445289e+01 3.242493e-05 4.218733e-02
1.737800e-03 1.154076e+00 1.179395e+05 9.847604e-01 1.885333e+06 1.500331e+02 -6.184882e-02 8.189398e+01 3.135204e-05 3.914392e-02
1.778278e-03 1.196093e+00 1.138160e+05 1.010585e+00 1.837487e+06 1.462252e+02 -3.554362e-02 2.478459e+01 3.194809e-05 3.668571e-02
1.819700e-03 1.250517e+00 1.098935e+05 9.156563e-01 1.704595e+06 1.356468e+02 -5.955279e-03 4.739105e+01 2.908707e-05 3.037262e-02
1.862086e-03 1.305637e+00 1.061329e+05 9.443434e-01 1.755185e+06 1.396763e+02 -5.813968e-02 3.548701e+01 3.015995e-05 2.804589e-02
1.905460e-03 1.350539e+00 1.025644e+05 9.377825e-01 1.837853e+06 1.462545e+02 -9.090638e-02 1.700376e+01 2.992153e-05 2.845979e-02
1.949843e-03 1.429225e+00 9.915610e+04 9.081908e-01 1.679730e+06 1.336698e+02 -4.690635e-02 1.677702e+01 3.063679e-05 2.335966e-02
1.995261e-03 1.483773e+00 9.591648e+04 9.534594e-01 1.848243e+06 1.470872e+02 -1.791263e-02 2.338659e+01 3.397465e-05 2.378678e-02
2.041737e-03 1.534655e+00 9.279381e+04 9.493336e-01 1.816322e+06 1.445356e+02 -7.970726e-02 2.505858e+01 2.741814e-05 2.183402e-02
2.089295e-03 1.581502e+00 8.979152e+04 9.697090e-01 1.844912e+06 1.468217e+02 -9.375674e-02 2.646331e+01 3.087521e-05 2.086163e-02
2.137961e-03 1.625312e+00 8.691315e+04 9.932137e-01 1.852626e+06 1.474329e+02 -2.754867e-02 2.144279e+01 2.682209e-05 1.964808e-02
2.187760e-03 1.679216e+00 8.416005e+04 9.950736e-01 1.830240e+06 1.456503e+02 -5.401564e-02 1.994945e+01 3.051758e-05 1.854515e-02
2.238719e-03 1.730552e+00 8.153727e+04 9.916939e-01 1.822042e+06 1.449800e+02 -3.211617e-02 1.877911e+01 3.063679e-05 1.704097e-02
2.290866e-03 1.790792e+00 7.901523e+04 9.618211e-01 1.788241e+06 1.422922e+02 -8.299500e-02 2.861938e+01 3.230572e-05 1.581323e-02
2.344227e-03 1.843027e+00 7.659075e+04 9.982109e-01 1.822189e+06 1.449991e+02 -4.251707e-02 9.792698e+00 2.813339e-05 1.545358e-02
2.398831e-03 1.902244e+00 7.427212e+04 1.064924e+00 1.961767e+06 1.561119e+02 -9.440660e-02 2.153552e+01 3.111362e-05 1.531541e-02
2.454707e-03 1.942298e+00 7.200510e+04 1.051489e+00 1.893198e+06 1.506561e+02 -8.650696e-02 1.985193e+01 3.099442e-05 1.456678e-02
2.511884e-03 1.987636e+00 6.986962e+04 9.420564e-01 1.675760e+06 1.333349e+02 -1.076775e-01 6.637824e+01 3.325939e-05 1.170754e-02
2.570393e-03 2.040109e+00 6.780577e+04 9.677349e-01 1.717910e+06 1.367103e+02 3.897429e-03 3.945828e+01 3.075600e-05 1.171029e-02
2.630266e-03 2.081466e+00 6.576856e+04 9.857677e-01 1.915286e+06 1.523800e+02 -1.154361e-01 3.190433e+01 3.039837e-05 1.201546e-02
2.691532e-03 2.139089e+00 6.385829e+04 9.525462e-01 1.592426e+06 1.267255e+02 -6.899661e-02 2.006586e+01 2.980232e-05 1.006293e-02
2.754226e-03 2.214752e+00 6.203382e+04 9.978686e-01 1.703510e+06 1.355631e+02 -2.367556e-03 2.200210e+01 2.813339e-05 9.756446e-03
2.818380e-03 2.250624e+00 6.023792e+04 9.738762e-01 1.780630e+06 1.416823e+02 -1.015127e-01 1.671583e+01 3.087521e-05 9.852171e-03
2.884028e-03 2.310191e+00 5.849848e+04 9.530223e-01 1.684537e+06 1.340314e+02 -6.088799e-02 1.126940e+01 3.063679e-05 9.028673e-03
2.951206e-03 2.363785e+00 5.677043e+04 9.926055e-01 1.854539e+06 1.475952e+02 -6.522834e-02 2.487644e+01 3.039837e-05 9.173632e-03
3.019948e-03 2.413365e+00 5.515058e+04 9.833763e-01 1.778382e+06 1.415371e+02 -1.564598e-02 1.169702e+01 3.373623e-05 8.627892e-03
3.090292e-03 2.459368e+00 5.358949e+04 9.696223e-01 1.765376e+06 1.404816e+02 -7.373714e-02 1.450509e+01 3.325939e-05 8.137584e-03
3.162274e-03 2.516142e+00 5.206173e+04 1.019852e+00 1.762998e+06 1.403046e+02 -5.983859e-02 3.155267e+01 3.015995e-05 7.922769e-03
3.235933e-03 2.560606e+00 5.060062e+04 1.028647e+00 1.756003e+06 1.397151e+02 -5.558842e-02 1.394830e+01 3.290176e-05 7.401347e-03
3.311307e-03 2.622862e+00 4.919393e+04 1.000769e+00 1.830294e+06 1.456561e+02 -9.052879e-02 3.173394e+01 2.563000e-05 7.300735e-03
3.388438e-03 2.683214e+00 4.782038e+04 9.766201e-01 1.688948e+06 1.344057e+02 -6.113708e-02 1.271274e+01 3.242493e-05 6.577611e-03
3.467364e-03 2.715585e+00 4.648209e+04 1.034199e+00 1.848543e+06 1.471356e+02 -3.589028e-02 1.963014e+01 3.147125e-05 6.924272e-03
3.548130e-03 2.790336e+00 4.519157e+04 1.017903e+00 1.817630e+06 1.446273e+02 -6.564218e-02 8.262601e+00 3.230572e-05 6.713510e-03
3.630776e-03 2.850782e+00 4.396703e+04 1.003117e+00 1.689771e+06 1.344872e+02 -5.595285e-02 1.618927e+01 2.825260e-05 5.804420e-03
3.715348e-03 2.897027e+00 4.275272e+04 1.001925e+00 1.700914e+06 1.353224e+02 -4.178506e-02 1.225829e+01 3.266335e-05 5.865455e-03
3.801889e-03 2.945029e+00 4.159499e+04 9.420881e-01 1.621708e+06 1.290276e+02 -3.074586e-02 1.945526e+01 3.170967e-05 5.273104e-03
3.890446e-03 3.000992e+00 4.046404e+04 9.782729e-01 1.729507e+06 1.375939e+02 -1.105947e-01 1.967046e+01 3.302097e-05 5.424619e-03
3.981066e-03 3.065214e+00 3.937241e+04 9.980687e-01 1.723086e+06 1.371432e+02 -9.352386e-02 1.489960e+01 3.015995e-05 5.246043e-03
4.073797e-03 3.129234e+00 3.831966e+04 9.876834e-01 1.564836e+06 1.245432e+02 6.641150e-04 1.499511e+01 2.837181e-05 4.558325e-03
4.168688e-03 3.201994e+00 3.730382e+04 9.809848e-01 1.669471e+06 1.328396e+02 -1.155649e-01 2.176256e+01 3.099442e-05 4.559159e-03
4.265789e-03 3.256158e+00 3.631084e+04 1.036802e+00 1.666014e+06 1.326028e+02 -8.811444e-02 3.029948e+01 3.063679e-05 4.501700e-03
4.365152e-03 3.321146e+00 3.535311e+04 9.784558e-01 1.546021e+06 1.230611e+02 -8.941180e-02 6.637236e+00 3.266335e-05 4.013181e-03
4.466829e-03 3.371396e+00 3.442841e+04 9.062154e-01 1.424855e+06 1.133845e+02 -1.407651e-01 8.961560e+00 3.135204e-05 3.505588e-03
4.570875e-03 3.435000e+00 3.353627e+04 1.005524e+00 1.667067e+06 1.326639e+02 -3.996974e-02 9.916306e+00 3.314018e-05 3.961086e-03
4.677345e-03 3.509620e+00 3.266044e+04 9.599743e-01 1.487351e+06 1.183323e+02 -9.320599e-02 7.884456e+00 2.980232e-05 3.506422e-03
4.786294e-03 3.559249e+00 3.181022e+04 9.422441e-01 1.570177e+06 1.248870e+02 3.340435e-02 7.194625e+00 3.278255e-05 3.494620e-03
4.897781e-03 3.625220e+00 3.100010e+04 9.978955e-01 1.595717e+06 1.270515e+02 -1.927745e-02 1.372437e+01 3.135204e-05 3.450274e-03
5.011864e-03 3.688051e+00 3.019824e+04 8.927593e-01 1.424664e+06 1.133489e+02 -4.302919e-02 6.210870e+00 3.063679e-05 3.033519e-03
5.128606e-03 3.758787e+00 2.942358e+04 9.721209e-01 1.529810e+06 1.217472e+02 -3.753942e-02 6.686148e+00 3.004074e-05 3.034949e-03
5.248067e-03 3.817108e+00 2.866670e+04 9.193049e-01 1.512737e+06 1.203313e+02 -4.770613e-02 1.066341e+01 2.801418e-05 2.923250e-03
5.370310e-03 3.893026e+00 2.792449e+04 9.641149e-01 1.556264e+06 1.237793e+02 -6.179494e-02 1.940065e+01 3.278255e-05 2.863646e-03
5.495400e-03 3.957080e+00 2.721890e+04 9.232624e-01 1.432390e+06 1.139346e+02 -4.308277e-02 1.131039e+01 3.004074e-05 2.551556e-03
5.623404e-03 4.021599e+00 2.651469e+04 1.046365e+00 1.542266e+06 1.228167e+02 -4.682231e-02 9.607734e+00 3.278255e-05 2.813339e-03
5.754390e-03 4.080454e+00 2.584079e+04 9.657191e-01 1.428795e+06 1.136646e+02 -5.500275e-02 7.429127e+00 3.314018e-05 2.454162e-03
5.888427e-03 4.152689e+00 2.517927e+04 1.009592e+00 1.541079e+06 1.226537e+02 3.455234e-02 6.973329e+00 3.063679e-05 2.537131e-03
6.025585e-03 4.218444e+00 2.453481e+04 9.331344e-01 1.485861e+06 1.181515e+02 -3.541785e-02 7.912919e+00 3.051758e-05 2.413154e-03
6.165939e-03 4.284230e+00 2.392122e+04 9.739691e-01 1.519233e+06 1.208916e+02 4.239190e-02 1.330549e+01 3.373623e-05 2.279043e-03
6.309562e-03 4.367439e+00 2.331849e+04 8.874676e-01 1.232302e+06 9.795796e+01 6.466210e-02 1.131842e+01 3.290176e-05 1.909614e-03
6.456531e-03 4.435800e+00 2.273642e+04 8.960603e-01 1.372903e+06 1.092287e+02 -9.477746e-02 8.975877e+00 3.278255e-05 2.029300e-03
6.606922e-03 4.506741e+00 2.216520e+04 9.679157e-01 1.448312e+06 1.152180e+02 -1.673102e-04 1.313358e+01 3.433228e-05 1.978040e-03
6.760817e-03 4.555501e+00 2.160826e+04 1.055127e+00 1.483415e+06 1.180140e+02 -6.661087e-02 1.294204e+01 3.111362e-05 2.078176e-03
6.918297e-03 4.637047e+00 2.106720e+04 9.835864e-01 1.391932e+06 1.107413e+02 -7.476240e-02 6.005259e+00 3.385544e-05 1.933336e-03
7.079445e-03 4.708831e+00 2.054362e+04 1.011869e+00 1.473966e+06 1.173316e+02 -8.414155e-02 8.544871e+00 3.445148e-05 1.845956e-03
7.244346e-03 4.787978e+00 2.003550e+04 9.624375e-01 1.407236e+06 1.119891e+02 -8.111489e-02 1.455972e+01 3.194809e-05 1.776695e-03
7.413088e-03 4.866955e+00 1.954301e+04 9.903128e-01 1.374374e+06 1.093815e+02 -1.211327e-01 8.208409e+00 2.968311e-05 1.650929e-03
7.585761e-03 4.922731e+00 1.905664e+04 9.319403e-01 1.336666e+06 1.063359e+02 -4.475456e-02 4.305301e+00 3.111362e-05 1.542926e-03
7.762456e-03 4.990995e+00 1.858417e+04 9.587817e-01 1.420158e+06 1.130942e+02 -6.057727e-02 6.360051e+00 3.147125e-05 1.581192e-03
7.943267e-03 5.070371e+00 1.812946e+04 9.944367e-01 1.370185e+06 1.090199e+02 -8.294713e-02 4.673066e+00 3.063679e-05 1.518846e-03
8.128289e-03 5.139533e+00 1.768590e+04 1.053327e+00 1.412382e+06 1.123812e+02 -1.335241e-01 5.894007e+00 3.600121e-05 1.485586e-03
8.317620e-03 5.204864e+00 1.725045e+04 9.751394e-01 1.401877e+06 1.115358e+02 -1.306655e-01 8.407123e+00 3.325939e-05 1.454711e-03
8.511363e-03 5.276870e+00 1.682659e+04 9.780980e-01 1.380152e+06 1.097634e+02 -1.237887e-02 1.168963e+01 3.206730e-05 1.393437e-03
8.709618e-03 5.340515e+00 1.642026e+04 1.063014e+00 1.518556e+06 1.208457e+02 1.428723e-03 6.111003e+00 3.421307e-05 1.525879e-03
8.912491e-03 5.419912e+00 1.602122e+04 9.906784e-01 1.339074e+06 1.067382e+02 1.347256e-02 7.961992e+00 3.385544e-05 1.308322e-03
9.120089e-03 5.480769e+00 1.562745e+04 9.615298e-01 1.293595e+06 1.027046e+02 -3.239173e-02 6.125875e+00 3.385544e-05 1.226783e-03
9.332523e-03 5.552486e+00 1.525594e+04 1.021314e+00 1.374508e+06 1.093967e+02 -1.455462e-02 6.111709e+00 3.433228e-05 1.279473e-03
9.549906e-03 5.628312e+00 1.488498e+04 9.963258e-01 1.328096e+06 1.057909e+02 -5.786681e-02 6.282674e+00 3.230572e-05 1.215816e-03
9.772351e-03 5.691157e+00 1.452184e+04 1.015845e+00 1.414478e+06 1.126053e+02 -2.653229e-02 5.542797e+00 3.254414e-05 1.180291e-03
9.999978e-03 5.769052e+00 1.417036e+04 9.919152e-01 1.295808e+06 1.031426e+02 -6.919497e-02 5.997225e+00 3.254414e-05 1.102686e-03
1.023291e-02 5.814555e+00 1.382600e+04 9.403306e-01 1.176305e+06 9.365951e+01 -5.177557e-03 5.360222e+00 3.302097e-05 9.435415e-04
1.047126e-02 5.884479e+00 1.349800e+04 9.953350e-01 1.259926e+06 1.004026e+02 6.216812e-02 4.059093e+00 3.695488e-05 1.026630e-03
1.071517e-02 5.939570e+00 1.317110e+04 1.002059e+00 1.291226e+06 1.027555e+02 -1.473004e-02 4.415246e+00 3.588200e-05 1.052380e-03
1.096476e-02 6.002315e+00 1.284778e+04 1.051314e+00 1.299622e+06 1.032750e+02 -3.414750e-02 5.314604e+00 3.647804e-05 1.032829e-03
1.122016e-02 6.052489e+00 1.254017e+04 1.001045e+00 1.192453e+06 9.492256e+01 -5.523562e-04 1.027767e+01 3.480911e-05 9.484291e-04
1.148151e-02 6.112479e+00 1.224002e+04 9.889249e-01 1.235300e+06 9.834502e+01 9.603965e-02 3.319975e+00 3.790855e-05 9.047985e-04
1.174895e-02 6.163922e+00 1.194697e+04 9.395940e-01 1.072010e+06 8.541910e+01 6.160724e-02 4.278789e+00 3.337860e-05 7.976294e-04
1.202262e-02 6.212129e+00 1.166024e+04 1.002627e+00 1.215472e+06 9.662360e+01 -3.378862e-02 2.823911e+00 3.755093e-05 8.503199e-04
1.230266e-02 6.252738e+00 1.137404e+04 9.974286e-01 1.167492e+06 9.302798e+01 6.698072e-02 3.898422e+00 3.850460e-05 8.387566e-04
1.258922e-02 6.290461e+00 1.110803e+04 9.752783e-01 1.164684e+06 9.274277e+01 9.467840e-03 3.728615e+00 3.314018e-05 8.366108e-04
1.288246e-02 6.335063e+00 1.084403e+04 9.576565e-01 1.098602e+06 8.752758e+01 1.299050e-01 3.726630e+00 3.528595e-05 7.584095e-04
1.318253e-02 6.366074e+00 1.058177e+04 9.416655e-01 1.088162e+06 8.642751e+01 4.506612e-02 4.316573e+00 3.373623e-05 7.593632e-04
1.348960e-02 6.408513e+00 1.033015e+04 9.727414e-01 1.162839e+06 9.230478e+01 -3.193438e-02 8.400837e+00 3.659725e-05 8.044243e-04
1.380381e-02 6.449774e+00 1.009053e+04 9.118516e-01 1.145070e+06 9.103154e+01 2.774620e-02 4.591446e+00 3.600121e-05 7.405281e-04
1.412534e-02 6.462310e+00 9.847312e+03 1.013747e+00 1.237624e+06 9.844688e+01 6.961739e-02 5.508728e+00 3.635883e-05 8.449554e-04
1.445436e-02 6.489338e+00 9.616380e+03 1.002416e+00 1.221933e+06 9.743848e+01 -5.505556e-02 2.352982e+00 3.838539e-05 8.263588e-04
1.479105e-02 6.509333e+00 9.387008e+03 9.288225e-01 1.070671e+06 8.525613e+01 -4.472578e-02 4.003158e+00 3.623962e-05 7.210970e-04
1.513557e-02 6.527463e+00 9.167951e+03 1.043846e+00 1.236505e+06 9.856911e+01 5.687356e-03 2.383540e+00 3.802776e-05 8.043051e-04
1.548813e-02 6.551136e+00 8.955639e+03 9.859908e-01 1.089133e+06 8.657011e+01 2.864611e-02 2.623961e+00 3.767014e-05 7.250309e-04
1.584889e-02 6.550602e+00 8.743868e+03 9.472001e-01 1.100259e+06 8.729330e+01 -2.469438e-02 4.227540e+00 3.778934e-05 7.057190e-04
1.621806e-02 6.562586e+00 8.539108e+03 1.007545e+00 1.130062e+06 8.968700e+01 4.245424e-02 2.951654e+00 3.433228e-05 7.617474e-04
1.659582e-02 6.565900e+00 8.337028e+03 9.943238e-01 1.133121e+06 9.033890e+01 -1.949096e-02 4.658353e+00 3.874302e-05 7.436275e-04
1.698239e-02 6.561662e+00 8.144376e+03 9.890912e-01 1.115920e+06 8.863785e+01 2.358341e-02 4.295849e+00 3.802776e-05 7.224083e-04
1.737796e-02 6.562799e+00 7.956773e+03 9.875623e-01 1.089973e+06 8.684512e+01 8.640647e-02 4.802553e+00 3.969669e-05 7.214546e-04
1.778275e-02 6.549946e+00 7.768229e+03 9.562351e-01 1.052156e+06 8.369768e+01 1.863682e-02 3.942160e+00 4.053116e-05 6.895065e-04
1.819696e-02 6.536245e+00 7.589583e+03 9.883299e-01 1.060482e+06 8.436995e+01 -1.265222e-02 4.203587e+00 3.588200e-05 7.077456e-04
1.862082e-02 6.527435e+00 7.411065e+03 1.025879e+00 1.073244e+06 8.541910e+01 5.877805e-02 1.915431e+00 4.053116e-05 7.066727e-04
1.905455e-02 6.515804e+00 7.238787e+03 1.010026e+00 1.168433e+06 9.293630e+01 5.447245e-02 2.985724e+00 3.814697e-05 7.790327e-04
1.949839e-02 6.499469e+00 7.069653e+03 1.002911e+00 1.150109e+06 9.136768e+01 2.754247e-02 2.129848e+00 4.172325e-05 7.628202e-04
1.995257e-02 6.473867e+00 6.904278e+03 1.011290e+00 1.056967e+06 8.425790e+01 3.505230e-02 3.818886e+00 3.707409e-05 7.156134e-04
2.041732e-02 6.456301e+00 6.742473e+03 9.572488e-01 1.002923e+06 7.955201e+01 1.491201e-01 3.602366e+00 3.743172e-05 6.762743e-04
2.089290e-02 6.431834e+00 6.584889e+03 9.977803e-01 1.016443e+06 8.078451e+01 2.368283e-02 2.658290e+00 3.969669e-05 7.011890e-04
2.137956e-02 6.413905e+00 6.430646e+03 9.365889e-01 9.947178e+05 7.907327e+01 2.574587e-02 2.497428e+00 3.898144e-05 6.873608e-04
2.187755e-02 6.380635e+00 6.281105e+03 9.739926e-01 9.782809e+05 7.787133e+01 1.482511e-02 1.654867e+00 4.279613e-05 6.761551e-04
2.238715e-02 6.348361e+00 6.133196e+03 9.954859e-01 1.003665e+06 7.996964e+01 -1.047039e-02 1.329924e+00 3.898144e-05 7.203817e-04
2.290861e-02 6.316866e+00 5.990603e+03 9.937148e-01 1.003361e+06 7.990852e+01 3.671396e-02 3.035378e+00 4.386902e-05 7.327795e-04
2.344222e-02 6.286230e+00 5.852021e+03 9.865736e-01 1.063201e+06 8.457367e+01 1.710165e-02 2.666473e+00 4.041195e-05 7.314682e-04
2.398826e-02 6.260953e+00 5.716334e+03 9.803272e-01 1.035094e+06 8.250593e+01 -3.134310e-03 2.221933e+00 3.933907e-05 7.528067e-04
2.454701e-02 6.226566e+00 5.584529e+03 9.829764e-01 9.448236e+05 7.525356e+01 5.053473e-02 2.933575e+00 4.017353e-05 7.011890e-04
2.511879e-02 6.194133e+00 5.453397e+03 9.675363e-01 9.914144e+05 7.897141e+01 5.365849e-03 2.067136e+00 3.910065e-05 7.275343e-04
2.570388e-02 6.162652e+00 5.329839e+03 9.586238e-01 9.291117e+05 7.403124e+01 -4.719746e-02 1.432581e+00 4.172325e-05 6.897449e-04
2.630260e-02 6.128787e+00 5.206997e+03 9.119434e-01 8.792678e+05 6.985502e+01 5.393565e-02 2.488503e+00 4.160404e-05 6.635189e-04
2.691526e-02 6.087560e+00 5.086221e+03 9.750512e-01 1.013464e+06 8.043819e+01 1.410520e-02 3.885548e+00 4.303455e-05 7.894039e-04
2.754220e-02 6.055510e+00 4.970062e+03 9.630160e-01 9.048187e+05 7.185146e+01 2.319014e-02 1.968780e+00 4.279613e-05 6.972551e-04
2.818374e-02 6.000074e+00 4.853052e+03 1.025202e+00 1.040414e+06 8.287262e+01 -1.649624e-02 1.775003e+00 4.327297e-05 8.101463e-04
2.884022e-02 5.956793e+00 4.741511e+03 9.421665e-01 9.437186e+05 7.510076e+01 -8.555591e-03 2.050721e+00 4.196167e-05 7.423162e-04
2.951200e-02 5.922326e+00 4.632079e+03 9.202525e-01 8.938784e+05 7.110789e+01 2.402139e-02 1.868057e+00 4.386902e-05 7.129908e-04
3.019942e-02 5.887199e+00 4.527560e+03 8.989165e-01 8.814532e+05 7.026245e+01 3.772211e-02 1.783276e+00 4.291534e-05 7.172823e-04
3.090285e-02 5.834722e+00 4.423472e+03 9.594737e-01 8.807322e+05 6.998743e+01 2.235246e-02 1.191312e+00 4.577637e-05 7.629395e-04
3.162267e-02 5.807649e+00 4.321640e+03 1.001272e+00 9.460916e+05 7.530448e+01 -9.693021e-02 1.568193e+00 4.446507e-05 8.187294e-04
3.235926e-02 5.758248e+00 4.220999e+03 1.007001e+00 9.420642e+05 7.490723e+01 -3.967828e-02 1.667790e+00 4.839897e-05 8.212328e-04
3.311300e-02 5.717431e+00 4.125735e+03 9.489671e-01 9.341853e+05 7.427570e+01 -4.583710e-02 1.566499e+00 4.076958e-05 7.915497e-04
3.388430e-02 5.680305e+00 4.033426e+03 9.788247e-01 8.911799e+05 7.086343e+01 4.391992e-02 1.879362e+00 4.374981e-05 8.085966e-04
3.467357e-02 5.628894e+00 3.940534e+03 1.016809e+00 9.278928e+05 7.393957e+01 1.042933e-01 1.287613e+00 4.494190e-05 8.226633e-04
3.548122e-02 5.586255e+00 3.848655e+03 1.029401e+00 9.320674e+05 7.430626e+01 -1.268262e-02 1.098491e+00 4.065037e-05 8.537769e-04
3.630768e-02 5.544899e+00 3.761365e+03 9.609190e-01 8.797297e+05 6.994669e+01 2.428913e-02 1.660030e+00 4.625320e-05 8.027554e-04
3.715339e-02 5.492839e+00 3.676647e+03 9.872104e-01 8.813140e+05 7.013004e+01 1.328468e-03 1.360911e+00 4.482269e-05 8.349419e-04
3.801881e-02 5.459375e+00 3.590995e+03 9.123678e-01 8.813462e+05 7.005874e+01 -7.033902e-02 2.099327e+00 4.613400e-05 8.134842e-04
3.890438e-02 5.416585e+00 3.509464e+03 9.834046e-01 8.787208e+05 6.984483e+01 1.140702e-02 8.372048e-01 4.482269e-05 8.558035e-04
3.981058e-02 5.359639e+00 3.426346e+03 9.653676e-01 8.434764e+05 6.705389e+01 -1.838148e-03 9.338580e-01 4.780293e-05 8.505583e-04
4.073788e-02 5.323045e+00 3.349127e+03 9.712211e-01 8.633544e+05 6.878550e+01 5.602467e-02 1.714474e+00 4.589558e-05 8.676052e-04
4.168679e-02 5.280610e+00 3.272567e+03 1.001179e+00 8.529672e+05 6.807248e+01 5.168045e-02 1.482795e+00 4.649162e-05 9.046793e-04
4.265780e-02 5.227322e+00 3.196312e+03 9.870657e-01 8.568312e+05 6.826601e+01 -1.175225e-03 2.136197e+00 5.662441e-05 9.003878e-04
4.365142e-02 5.187382e+00 3.123787e+03 9.177685e-01 8.135006e+05 6.463983e+01 5.086875e-02 1.140617e+00 4.196167e-05 8.572340e-04
4.466820e-02 5.130866e+00 3.051371e+03 1.032710e+00 8.512636e+05 6.775672e+01 -2.164114e-02 1.760791e+00 4.863739e-05 9.320974e-04
4.570865e-02 5.095048e+00 2.981509e+03 1.048107e+00 8.711793e+05 6.933044e+01 -6.983352e-02 1.011746e+00 5.269051e-05 9.723902e-04
4.677334e-02 5.051131e+00 2.912633e+03 9.668902e-01 8.173936e+05 6.504726e+01 -1.205020e-01 9.721097e-01 4.482269e-05 9.355545e-04
4.786283e-02 4.994304e+00 2.844612e+03 1.002335e+00 8.602582e+05 6.838316e+01 3.719079e-02 1.116271e+00 4.458427e-05 9.675026e-04
4.897770e-02 4.951271e+00 2.780718e+03 1.012869e+00 8.713089e+05 6.933553e+01 2.426529e-02 8.206958e-01 4.899502e-05 9.436607e-04
5.011854e-02 4.896404e+00 2.716193e+03 1.002867e+00 8.420360e+05 6.700806e+01 -5.208015e-02 1.022975e+00 4.673004e-05 9.781122e-04
5.128594e-02 4.863905e+00 2.654364e+03 9.869856e-01 8.446028e+05 6.721687e+01 -1.830131e-02 1.352427e+00 5.447865e-05 9.963512e-04
5.248055e-02 4.812312e+00 2.593713e+03 9.705477e-01 7.779962e+05 6.193547e+01 -4.244393e-02 1.256313e+00 5.125999e-05 9.479523e-04
5.370298e-02 4.764957e+00 2.533258e+03 9.489883e-01 7.955255e+05 6.335131e+01 -4.646081e-02 8.936199e-01 5.066395e-05 9.897947e-04
5.495388e-02 4.728623e+00 2.476769e+03 9.483704e-01 7.645301e+05 6.088632e+01 -1.226924e-01 2.819145e+00 5.781651e-05 9.900331e-04
5.623392e-02 4.685491e+00 2.420301e+03 9.844813e-01 7.657045e+05 6.103910e+01 -3.702843e-02 8.890724e-01 4.887581e-05 9.833574e-04
5.754377e-02 4.629469e+00 2.363466e+03 9.938707e-01 7.713625e+05 6.139052e+01 -5.735475e-02 9.589670e-01 5.340576e-05 1.020193e-03
5.888414e-02 4.589808e+00 2.310463e+03 9.186866e-01 7.832291e+05 6.224614e+01 -3.282356e-02 1.290164e+00 5.626678e-05 1.060367e-03
6.025572e-02 4.533135e+00 2.258481e+03 9.271250e-01 7.621754e+05 6.062658e+01 -2.669811e-02 6.258456e-01 5.960464e-05 1.037478e-03
6.165926e-02 4.490068e+00 2.206508e+03 1.000771e+00 7.932707e+05 6.311703e+01 -8.448988e-02 7.921922e-01 5.197525e-05 1.096249e-03
6.309549e-02 4.452680e+00 2.156495e+03 9.676116e-01 8.055019e+05 6.412035e+01 -4.146481e-02 1.248702e+00 5.972385e-05 1.110315e-03
6.456517e-02 4.394260e+00 2.107277e+03 9.339938e-01 7.680130e+05 6.122755e+01 -4.654747e-02 7.574334e-01 5.733967e-05 1.101017e-03
6.606908e-02 4.358192e+00 2.059473e+03 9.828328e-01 7.724691e+05 6.161461e+01 -2.653342e-02 6.511824e-01 5.352497e-05 1.154304e-03
6.760803e-02 4.304589e+00 2.012002e+03 1.012081e+00 7.537913e+05 5.989319e+01 -3.285623e-02 9.888419e-01 5.125999e-05 1.192927e-03
6.918282e-02 4.254068e+00 1.967481e+03 9.827038e-01 7.548448e+05 6.004598e+01 -5.722642e-02 1.144041e+00 5.960464e-05 1.219392e-03
7.079429e-02 4.218999e+00 1.923322e+03 9.769203e-01 7.756281e+05 6.173175e+01 1.170707e-02 7.648835e-01 5.829334e-05 1.219630e-03
7.244330e-02 4.169607e+00 1.879318e+03 9.729714e-01 7.889301e+05 6.269941e+01 -2.905905e-02 1.319807e+00 5.459785e-05 1.270890e-03
7.413072e-02 4.123424e+00 1.836101e+03 1.022143e+00 7.814156e+05 6.218502e+01 -5.687010e-02 6.048936e-01 5.900860e-05 1.319289e-03
7.585745e-02 4.067268e+00 1.793447e+03 1.056335e+00 8.002556e+05 6.368744e+01 -4.058242e-03 5.101861e-01 6.127357e-05 1.359820e-03
7.762439e-02 4.028842e+00 1.753357e+03 1.020600e+00 7.861656e+05 6.257718e+01 7.762277e-02 8.096176e-01 6.496906e-05 1.396060e-03
7.943249e-02 3.979495e+00 1.712423e+03 1.017893e+00 7.238572e+05 5.764210e+01 1.351452e-02 7.776349e-01 5.996227e-05 1.255751e-03
8.128271e-02 3.935369e+00 1.673492e+03 1.014524e+00 8.182281e+05 6.524589e+01 2.851343e-02 9.616312e-01 6.771088e-05 1.490593e-03
8.317602e-02 3.887272e+00 1.635030e+03 9.588502e-01 7.839840e+05 6.249569e+01 7.310069e-02 4.815145e-01 6.413460e-05 1.462817e-03
8.511344e-02 3.835926e+00 1.597349e+03 9.832043e-01 7.577936e+05 6.018349e+01 -7.221812e-02 6.014185e-01 6.461143e-05 1.408696e-03
8.709599e-02 3.787872e+00 1.561569e+03 9.896380e-01 7.983991e+05 6.352956e+01 -1.097954e-01 2.702073e-01 6.186962e-05 1.509666e-03
8.912471e-02 3.754623e+00 1.526001e+03 9.990758e-01 7.312506e+05 5.825835e+01 -4.946434e-02 5.714490e-01 6.783009e-05 1.501799e-03
9.120069e-02 3.709366e+00 1.490837e+03 9.332674e-01 7.143103e+05 5.685779e+01 -1.765585e-02 5.614556e-01 6.580353e-05 1.488686e-03
9.332503e-02 3.660610e+00 1.457247e+03 9.851799e-01 7.445108e+05 5.926676e+01 2.645373e-02 7.705674e-01 6.806850e-05 1.603007e-03
9.549884e-02 3.614345e+00 1.423907e+03 9.807459e-01 7.374065e+05 5.856647e+01 -2.155679e-02 3.308959e-01 6.783009e-05 1.594663e-03
9.772330e-02 3.558479e+00 1.391300e+03 1.009145e+00 7.852493e+05 6.246259e+01 7.832432e-02 7.581129e-01 7.116795e-05 1.725674e-03
9.999956e-02 3.516784e+00 1.358707e+03 1.019961e+00 7.117198e+05 5.663370e+01 -1.370708e-01 1.854625e-01 7.259846e-05 1.626492e-03
1.023288e-01 3.475577e+00 1.328306e+03 9.337613e-01 6.738799e+05 5.357028e+01 -5.729073e-02 2.696776e-01 6.413460e-05 1.580834e-03
1.047124e-01 3.433233e+00 1.298172e+03 9.917232e-01 7.138694e+05 5.682468e+01 4.077005e-02 3.785119e-01 7.188320e-05 1.789570e-03
1.071515e-01 3.400342e+00 1.268603e+03 9.608148e-01 7.067002e+05 5.616515e+01 -2.332765e-02 4.943333e-01 6.639957e-05 1.738429e-03
1.096473e-01 3.347790e+00 1.239340e+03 9.988022e-01 6.946847e+05 5.527897e+01 5.554795e-02 5.439024e-01 7.498264e-05 1.840472e-03
1.122013e-01 3.311301e+00 1.210990e+03 8.646278e-01 6.198456e+05 4.938132e+01 2.787983e-02 5.195428e-01 6.532669e-05 1.598239e-03
1.148148e-01 3.268932e+00 1.183715e+03 9.641011e-01 7.056180e+05 5.616260e+01 4.232383e-02 2.178556e-01 7.104874e-05 1.868844e-03
1.174892e-01 3.230061e+00 1.156745e+03 9.484364e-01 6.358742e+05 5.057308e+01 -1.427358e-02 2.201180e-01 7.224083e-05 1.759291e-03
1.202259e-01 3.173534e+00 1.130359e+03 9.578803e-01 6.786469e+05 5.391406e+01 1.995707e-02 7.386545e-01 7.808208e-05 1.890779e-03
1.230263e-01 3.138586e+00 1.105303e+03 9.673236e-01 6.621242e+05 5.267392e+01 -1.346570e-02 3.692669e-01 8.022785e-05 1.948118e-03
1.258920e-01 3.095219e+00 1.079793e+03 9.417022e-01 6.984951e+05 5.559473e+01 -6.365734e-02 4.465045e-01 8.869171e-05 2.131224e-03
1.288244e-01 3.057022e+00 1.055853e+03 9.707860e-01 6.767860e+05 5.382493e+01 -1.530587e-01 5.476116e-01 7.855892e-05 2.047420e-03
1.318251e-01 3.017701e+00 1.031553e+03 9.522762e-01 6.602481e+05 5.256442e+01 -1.108770e-01 3.175865e-01 8.833408e-05 2.076030e-03
1.348957e-01 2.980929e+00 1.008307e+03 1.043326e+00 6.811346e+05 5.417635e+01 -1.346057e-01 5.122313e-01 8.499622e-05 2.154827e-03
1.380378e-01 2.937170e+00 9.855026e+02 9.579385e-01 6.514008e+05 5.186414e+01 -3.720772e-02 1.954726e-01 8.404255e-05 2.191901e-03
1.412531e-01 2.887558e+00 9.628947e+02 1.045014e+00 7.428979e+05 5.912670e+01 2.566206e-02 4.858843e-01 8.785725e-05 2.508998e-03
1.445433e-01 2.849295e+00 9.413096e+02 1.005032e+00 7.392583e+05 5.885677e+01 -1.026192e-01 2.244912e-01 8.320808e-05 2.618313e-03
1.479101e-01 2.808007e+00 9.199440e+02 1.033225e+00 7.263966e+05 5.786619e+01 -4.707217e-03 5.446031e-01 9.608269e-05 2.696037e-03
1.513554e-01 2.779078e+00 8.993029e+02 9.917126e-01 7.103690e+05 5.649364e+01 -3.139371e-02 2.227466e-01 9.429455e-05 2.612591e-03
1.548809e-01 2.731169e+00 8.782744e+02 9.976344e-01 7.092116e+05 5.645544e+01 6.730902e-02 4.286062e-01 9.548664e-05 2.649546e-03
1.584886e-01 2.693688e+00 8.581351e+02 9.385914e-01 6.658226e+05 5.299733e+01 -2.744305e-02 2.256054e-01 9.000301e-05 2.552390e-03
1.621802e-01 2.657758e+00 8.386038e+02 1.032339e+00 7.099888e+05 5.647327e+01 4.056084e-02 3.205724e-01 1.001358e-04 2.839327e-03
1.659579e-01 2.620032e+00 8.204004e+02 9.331447e-01 6.587821e+05 5.239890e+01 -1.316297e-02 1.576440e-01 1.041889e-04 2.786994e-03
1.698235e-01 2.584957e+00 8.013505e+02 9.729326e-01 7.101632e+05 5.651401e+01 1.045177e-01 2.793908e-01 9.083748e-05 2.912283e-03
1.737792e-01 2.550570e+00 7.826222e+02 9.802456e-01 6.819403e+05 5.426165e+01 -4.869521e-02 3.919628e-01 9.024143e-05 2.934098e-03
1.778271e-01 2.514772e+00 7.647466e+02 9.281544e-01 6.351060e+05 5.054634e+01 -7.987493e-02 3.364471e-01 9.977818e-05 2.869248e-03
1.819692e-01 2.474196e+00 7.472757e+02 1.025298e+00 6.881505e+05 5.475058e+01 -1.133776e-02 3.556596e-01 1.031160e-04 3.274560e-03
1.862078e-01 2.436088e+00 7.305644e+02 9.233260e-01 6.253741e+05 4.979004e+01 6.654561e-02 1.226408e-01 9.310246e-05 3.031611e-03
1.905451e-01 2.400317e+00 7.138143e+02 9.210230e-01 5.942999e+05 4.728812e+01 2.958453e-02 2.117383e-01 1.020432e-04 3.039718e-03
1.949835e-01 2.362118e+00 6.973250e+02 9.763449e-01 6.706422e+05 5.336657e+01 5.671966e-02 2.344508e-01 1.128912e-04 3.457308e-03
1.995252e-01 2.324064e+00 6.806709e+02 9.599410e-01 6.360779e+05 5.062273e+01 5.649149e-02 2.139225e-01 9.965897e-05 3.331304e-03
2.041728e-01 2.297469e+00 6.657574e+02 9.713828e-01 6.754471e+05 5.377145e+01 4.852009e-02 3.422831e-01 1.157522e-04 3.662229e-03
2.089286e-01 2.259872e+00 6.503690e+02 9.803426e-01 6.784572e+05 5.399682e+01 5.528462e-02 1.110322e-01 1.045465e-04 3.839016e-03
2.137951e-01 2.224221e+00 6.360950e+02 9.763966e-01 6.985804e+05 5.561638e+01 -4.315525e-02 2.081629e-01 1.168251e-04 3.838062e-03
2.187750e-01 2.192227e+00 6.216630e+02 1.039107e+00 7.222141e+05 5.748549e+01 5.787408e-02 1.476328e-01 1.164675e-04 4.329324e-03
2.238710e-01 2.163580e+00 6.072975e+02 1.007956e+00 6.721057e+05 5.348497e+01 -8.486664e-02 2.007518e-01 1.103878e-04 3.979325e-03
2.290856e-01 2.121521e+00 5.935149e+02 9.845880e-01 6.496321e+05 5.167570e+01 -2.021819e-02 1.735991e-01 1.301765e-04 4.072547e-03
2.344217e-01 2.088876e+00 5.798172e+02 9.999258e-01 6.092810e+05 4.850788e+01 3.855431e-02 2.532963e-01 1.155138e-04 4.082918e-03
2.398820e-01 2.061535e+00 5.668678e+02 9.508625e-01 6.359612e+05 5.062146e+01 3.061414e-02 2.299901e-01 1.157522e-04 4.340291e-03
2.454696e-01 2.036247e+00 5.540610e+02 1.004747e+00 6.551502e+05 5.210988e+01 1.208777e-01 1.175919e-01 1.192093e-04 4.429340e-03
2.511873e-01 1.992598e+00 5.416668e+02 9.833528e-01 6.490491e+05 5.162732e+01 1.070377e-01 2.544366e-01 1.201630e-04 4.547715e-03
2.570382e-01 1.966954e+00 5.293423e+02 9.866789e-01 6.150180e+05 4.894970e+01 -3.123152e-02 2.114540e-01 1.244545e-04 4.445910e-03
2.630254e-01 1.939780e+00 5.171672e+02 9.981786e-01 6.035072e+05 4.802278e+01 5.780554e-02 2.489734e-01 1.378059e-04 4.555106e-03
2.691520e-01 1.916993e+00 5.053154e+02 1.002473e+00 5.941975e+05 4.729958e+01 5.434084e-02 1.797764e-01 1.260042e-04 4.516125e-03
2.754214e-01 1.892013e+00 4.942648e+02 9.995675e-01 6.349591e+05 5.051578e+01 3.473377e-02 3.072225e-01 1.413822e-04 5.213141e-03
2.818368e-01 1.860985e+00 4.830034e+02 9.668630e-01 6.526196e+05 5.193799e+01 3.301120e-02 2.058396e-01 1.316071e-04 5.207062e-03
2.884016e-01 1.827469e+00 4.723398e+02 9.770492e-01 6.658866e+05 5.296868e+01 1.988578e-02 1.480201e-01 1.354218e-04 5.504966e-03
2.951193e-01 1.797947e+00 4.609919e+02 1.054060e+00 6.592166e+05 5.245111e+01 3.584623e-04 3.430973e-01 1.223087e-04 5.696416e-03
3.019935e-01 1.784175e+00 4.509161e+02 9.961137e-01 6.523522e+05 5.192398e+01 4.431868e-02 1.133515e-01 1.446009e-04 5.744815e-03
3.090279e-01 1.755271e+00 4.402412e+02 9.514294e-01 5.922518e+05 4.713533e+01 -3.793669e-02 2.005954e-01 1.420975e-04 5.446911e-03
3.162260e-01 1.728064e+00 4.304407e+02 1.026430e+00 6.456952e+05 5.138095e+01 -4.767823e-02 1.372012e-01 1.447201e-04 6.225586e-03
3.235919e-01 1.695143e+00 4.205858e+02 9.741222e-01 5.995521e+05 4.771465e+01 3.525400e-02 6.424689e-02 1.417398e-04 6.089926e-03
3.311293e-01 1.668383e+00 4.108492e+02 9.607351e-01 6.054528e+05 4.819976e+01 -2.779049e-02 6.633973e-02 1.444817e-04 6.028414e-03
3.388423e-01 1.643619e+00 4.016823e+02 1.002249e+00 6.313399e+05 5.023885e+01 -2.353489e-02 1.284522e-01 1.697540e-04 6.477952e-03
3.467349e-01 1.625307e+00 3.926774e+02 9.859404e-01 6.154401e+05 4.898980e+01 -6.310534e-02 4.906929e-02 1.623631e-04 6.560683e-03
3.548114e-01 1.586057e+00 3.833963e+02 9.692148e-01 5.945943e+05 4.731040e+01 -2.614361e-02 1.425682e-01 1.447201e-04 6.542683e-03
3.630760e-01 1.573959e+00 3.746736e+02 9.796239e-01 6.192644e+05 4.927437e+01 -7.651865e-03 6.330371e-03 1.585484e-04 7.423520e-03
3.715331e-01 1.546765e+00 3.660382e+02 9.941255e-01 6.160471e+05 4.901400e+01 -4.895806e-02 -2.006572e-02 1.751184e-04 7.068396e-03
3.801872e-01 1.521411e+00 3.578579e+02 9.678993e-01 5.950008e+05 4.736069e+01 -1.054924e-01 1.162604e-01 1.727343e-04 7.215500e-03
3.890429e-01 1.495388e+00 3.496240e+02 9.815024e-01 5.955632e+05 4.738616e+01 6.445944e-02 -1.889205e-02 1.723766e-04 7.774711e-03
3.981049e-01 1.475144e+00 3.415714e+02 9.666916e-01 5.877178e+05 4.676864e+01 1.773238e-02 9.312570e-02 1.816750e-04 7.757425e-03
4.073779e-01 1.452270e+00 3.338234e+02 1.006142e+00 6.325674e+05 5.034453e+01 2.327383e-02 3.116262e-01 1.747608e-04 8.343697e-03
4.168670e-01 1.433261e+00 3.261035e+02 9.419944e-01 5.871785e+05 4.673490e+01 -2.278209e-02 2.704160e-01 1.838207e-04 7.968426e-03
4.265771e-01 1.406811e+00 3.188443e+02 1.008581e+00 6.225848e+05 4.954621e+01 -1.935363e-02 1.451142e-01 2.076626e-04 8.873582e-03
4.365133e-01 1.384645e+00 3.115563e+02 1.035649e+00 6.643025e+05 5.286491e+01 -4.477161e-02 2.114004e-01 2.104044e-04 9.972453e-03
4.466810e-01 1.370117e+00 3.045716e+02 9.971485e-01 6.128826e+05 4.877208e+01 9.094644e-02 1.196353e-01 2.146959e-04 9.111643e-03
4.570855e-01 1.352302e+00 2.973497e+02 9.480990e-01 5.949304e+05 4.733968e+01 -1.766682e-02 6.261587e-02 1.941919e-04 9.394288e-03
4.677324e-01 1.326929e+00 2.906263e+02 1.038180e+00 6.256665e+05 4.978812e+01 -5.856276e-03 -3.665918e-02 2.062321e-04 1.022780e-02
4.786273e-01 1.307260e+00 2.839904e+02 1.048225e+00 6.217422e+05 4.948127e+01 -4.056114e-02 -7.989943e-03 2.244711e-04 1.004159e-02
4.897759e-01 1.293822e+00 2.776079e+02 9.324989e-01 5.870356e+05 4.671803e+01 -8.429718e-02 9.753752e-02 2.455711e-04 9.900451e-03
5.011843e-01 1.269595e+00 2.712416e+02 9.912074e-01 5.658574e+05 4.502716e+01 3.056288e-03 -1.001352e-02 2.012253e-04 1.002252e-02
5.128583e-01 1.244629e+00 2.652549e+02 1.009059e+00 6.241159e+05 4.965666e+01 -4.110843e-02 8.124149e-02 2.149343e-04 1.122630e-02
5.248044e-01 1.236685e+00 2.591439e+02 1.040891e+00 6.181858e+05 4.919511e+01 -4.708964e-02 3.544915e-02 2.160072e-04 1.140606e-02
5.370286e-01 1.210676e+00 2.533899e+02 1.002963e+00 6.095443e+05 4.850343e+01 6.546474e-02 4.439883e-01 2.138615e-04 1.184213e-02
5.495375e-01 1.193989e+00 2.476282e+02 9.574630e-01 5.968453e+05 4.749343e+01 -2.395880e-02 2.073610e-02 2.433062e-04 1.171720e-02
5.623379e-01 1.180954e+00 2.420144e+02 9.740446e-01 5.944355e+05 4.730531e+01 -8.080178e-02 7.097089e-02 2.334118e-04 1.230419e-02
5.754365e-01 1.166448e+00 2.365818e+02 9.343839e-01 5.833263e+05 4.642550e+01 -1.121545e-02 1.509105e-01 2.248287e-04 1.247191e-02
5.888401e-01 1.147699e+00 2.310815e+02 1.086476e+00 6.732781e+05 5.357888e+01 -9.607124e-02 1.467073e-02 2.340078e-04 1.468921e-02
6.025560e-01 1.122674e+00 2.259287e+02 9.925940e-01 5.953294e+05 4.736833e+01 -4.481965e-02 2.706342e-01 2.595186e-04 1.375282e-02
6.165913e-01 1.110659e+00 2.206741e+02 1.017046e+00 6.287126e+05 5.002622e+01 7.007730e-02 1.616019e-01 2.406836e-04 1.411462e-02
6.309536e-01 1.093856e+00 2.157256e+02 1.051744e+00 6.262995e+05 4.984128e+01 -8.455610e-02 5.638444e-02 2.603531e-04 1.473761e-02
6.456504e-01 1.079998e+00 2.107850e+02 1.049472e+00 6.302193e+05 5.015163e+01 -2.969736e-02 -6.651163e-03 2.741814e-04 1.550770e-02
6.606895e-01 1.057374e+00 2.060246e+02 1.018853e+00 5.985322e+05 4.762330e+01 2.212930e-02 -1.633447e-02 2.826452e-04 1.503825e-02
6.760790e-01 1.042526e+00 2.012312e+02 9.836991e-01 5.627101e+05 4.477251e+01 -5.528659e-02 2.314425e-02 2.676249e-04 1.499081e-02
6.918269e-01 1.031919e+00 1.965560e+02 9.471396e-01 5.645561e+05 4.492562e+01 4.982686e-02 6.875432e-02 2.949238e-04 1.499104e-02
7.079416e-01 1.024492e+00 1.923242e+02 9.589099e-01 5.723488e+05 4.554601e+01 -4.827428e-02 1.173919e-01 2.975464e-04 1.567531e-02
7.244317e-01 9.999389e-01 1.876820e+02 9.935836e-01 5.832399e+05 4.640958e+01 -1.896262e-03 5.341542e-02 2.990961e-04 1.616287e-02
7.413059e-01 9.955490e-01 1.835657e+02 9.410051e-01 5.752861e+05 4.577996e+01 -9.167039e-02 2.013814e-02 2.875328e-04 1.644552e-02
7.585731e-01 9.801697e-01 1.794561e+02 9.875872e-01 5.750446e+05 4.576341e+01 3.345847e-02 -4.407138e-02 3.093481e-04 1.714051e-02
7.762426e-01 9.658369e-01 1.753162e+02 1.052175e+00 6.271307e+05 4.990335e+01 -1.095770e-01 1.008288e-01 3.111362e-04 1.923430e-02
7.943236e-01 9.459057e-01 1.712795e+02 9.992288e-01 5.689732e+05 4.527449e+01 1.790035e-02 -3.190750e-02 3.336668e-04 1.821494e-02
8.128257e-01 9.438913e-01 1.674261e+02 1.011351e+00 6.190665e+05 4.926705e+01 -8.481801e-03 3.298235e-02 3.411770e-04 1.934803e-02
8.317589e-01 9.258831e-01 1.637809e+02 1.033342e+00 6.164642e+05 4.906269e+01 -5.565000e-02 -2.448094e-02 3.247261e-04 1.997185e-02
8.511330e-01 9.118769e-01 1.599920e+02 1.002713e+00 5.735147e+05 4.563959e+01 6.687784e-02 5.863857e-02 3.222227e-04 1.939690e-02
8.709584e-01 9.016803e-01 1.561942e+02 1.031354e+00 6.078737e+05 4.837228e+01 2.341449e-02 -6.884533e-02 3.451109e-04 2.062142e-02
8.912457e-01 8.838778e-01 1.527063e+02 1.036837e+00 5.953055e+05 4.737470e+01 -3.448254e-02 6.594646e-02 3.287792e-04 2.178216e-02
9.120054e-01 8.726785e-01 1.494353e+02 9.910527e-01 5.691485e+05 4.528706e+01 -4.521000e-02 3.785837e-02 3.407001e-04 2.063978e-02
9.332488e-01 8.666600e-01 1.457399e+02 9.855056e-01 5.450607e+05 4.337784e+01 -2.599531e-02 6.855011e-02 3.501177e-04 2.049756e-02
9.549869e-01 8.553602e-01 1.426338e+02 9.566431e-01 5.546842e+05 4.413733e+01 2.073550e-02 3.543353e-02 3.490448e-04 2.119839e-02
9.772314e-01 8.382670e-01 1.393428e+02 9.868262e-01 5.629496e+05 4.479862e+01 -3.307754e-02 1.197152e-01 3.577471e-04 2.320433e-02
