#m p_+ p_- v_I v_II
1.000000e-03 1.970456e-01 1.881077e-01 3.302972e+03 9.569544e+03 3.831996e-01 2.504651e-01
1.055898e-03 1.965006e-01 1.870040e-01 3.136515e+03 9.070521e+03 3.843517e-01 2.509460e-01
1.114921e-03 1.959309e-01 1.857544e-01 2.978806e+03 8.597853e+03 3.855592e-01 2.514489e-01
1.177243e-03 1.953355e-01 1.845014e-01 2.829379e+03 8.150142e+03 3.868245e-01 2.519745e-01
1.243049e-03 1.947136e-01 1.831606e-01 2.687794e+03 7.726067e+03 3.881500e-01 2.525237e-01
1.312533e-03 1.940642e-01 1.817994e-01 2.553634e+03 7.324374e+03 3.895381e-01 2.530973e-01
1.385901e-03 1.933865e-01 1.803520e-01 2.426505e+03 6.943877e+03 3.909915e-01 2.536960e-01
1.463371e-03 1.926794e-01 1.788238e-01 2.306032e+03 6.583454e+03 3.925127e-01 2.543209e-01
1.545170e-03 1.919421e-01 1.772078e-01 2.191862e+03 6.242040e+03 3.941045e-01 2.549727e-01
1.631543e-03 1.911735e-01 1.755510e-01 2.083658e+03 5.918627e+03 3.957697e-01 2.556523e-01
1.722743e-03 1.903727e-01 1.738063e-01 1.981104e+03 5.612261e+03 3.975111e-01 2.563605e-01
1.819041e-03 1.895387e-01 1.719877e-01 1.883898e+03 5.322038e+03 3.993316e-01 2.570982e-01
1.920722e-03 1.886707e-01 1.700851e-01 1.791756e+03 5.047103e+03 4.012342e-01 2.578663e-01
2.028087e-03 1.877676e-01 1.680894e-01 1.704408e+03 4.786644e+03 4.032221e-01 2.586657e-01
2.141454e-03 1.868286e-01 1.660303e-01 1.621598e+03 4.539894e+03 4.052982e-01 2.594972e-01
2.261157e-03 1.858526e-01 1.638755e-01 1.543085e+03 4.306126e+03 4.074660e-01 2.603616e-01
2.387552e-03 1.848388e-01 1.615644e-01 1.468640e+03 4.084651e+03 4.097285e-01 2.612598e-01
2.521011e-03 1.837863e-01 1.592484e-01 1.398047e+03 3.874817e+03 4.120893e-01 2.621927e-01
2.661931e-03 1.826941e-01 1.567484e-01 1.331099e+03 3.676008e+03 4.145517e-01 2.631609e-01
2.810729e-03 1.815615e-01 1.541842e-01 1.267602e+03 3.487638e+03 4.171193e-01 2.641655e-01
2.967843e-03 1.803875e-01 1.515184e-01 1.207373e+03 3.309154e+03 4.197957e-01 2.652070e-01
3.133740e-03 1.791714e-01 1.497350e-01 1.150238e+03 3.140031e+03 4.225844e-01 2.662864e-01
3.308911e-03 1.779124e-01 1.458379e-01 1.096031e+03 2.979773e+03 4.254893e-01 2.674042e-01
3.493873e-03 1.766096e-01 1.427872e-01 1.044597e+03 2.827910e+03 4.285141e-01 2.685613e-01
3.689174e-03 1.752625e-01 1.396726e-01 9.957876e+02 2.683997e+03 4.316628e-01 2.697584e-01
3.895392e-03 1.738703e-01 1.363803e-01 9.494637e+02 2.547612e+03 4.349393e-01 2.709960e-01
4.113138e-03 1.724323e-01 1.329868e-01 9.054929e+02 2.418357e+03 4.383476e-01 2.722748e-01
4.343054e-03 1.709480e-01 1.294103e-01 8.637498e+02 2.295853e+03 4.418919e-01 2.735954e-01
4.585823e-03 1.694168e-01 1.257548e-01 8.241163e+02 2.179743e+03 4.455763e-01 2.749583e-01
4.842163e-03 1.678383e-01 1.219048e-01 7.864801e+02 2.069688e+03 4.494052e-01 2.763641e-01
5.112831e-03 1.662119e-01 1.179314e-01 7.507352e+02 1.965368e+03 4.533828e-01 2.778131e-01
5.398629e-03 1.645373e-01 1.138143e-01 7.167813e+02 1.866478e+03 4.575137e-01 2.793058e-01
5.700402e-03 1.628142e-01 1.095083e-01 6.845236e+02 1.772731e+03 4.618022e-01 2.808425e-01
6.019045e-03 1.610423e-01 1.050722e-01 6.538721e+02 1.683856e+03 4.662529e-01 2.824235e-01
6.355498e-03 1.592214e-01 1.004495e-01 6.247421e+02 1.599594e+03 4.708702e-01 2.840491e-01
6.710759e-03 1.573514e-01 9.568756e-02 5.970530e+02 1.519702e+03 4.756587e-01 2.857195e-01
7.085878e-03 1.554322e-01 9.072716e-02 5.707289e+02 1.443948e+03 4.806222e-01 2.874347e-01
7.481966e-03 1.534639e-01 8.554248e-02 5.456980e+02 1.372114e+03 4.857651e-01 2.891948e-01
7.900195e-03 1.514465e-01 8.019218e-02 5.218921e+02 1.303993e+03 4.910897e-01 2.909998e-01
8.341801e-03 1.493803e-01 7.470610e-02 4.992470e+02 1.239388e+03 4.965975e-01 2.928495e-01
8.808093e-03 1.472656e-01 6.901347e-02 4.777018e+02 1.178116e+03 5.022851e-01 2.947439e-01
9.300449e-03 1.451027e-01 6.309884e-02 4.571990e+02 1.119999e+03 5.081471e-01 2.966826e-01
9.820328e-03 1.428921e-01 5.704869e-02 4.376841e+02 1.064871e+03 5.141671e-01 2.986653e-01
1.036927e-02 1.406344e-01 5.099287e-02 4.191056e+02 1.012576e+03 5.203196e-01 3.006916e-01
1.094889e-02 1.383301e-01 4.474070e-02 4.014149e+02 9.629640e+02 5.265596e-01 3.027609e-01
1.156091e-02 1.359802e-01 3.850534e-02 3.845659e+02 9.158938e+02 5.328054e-01 3.048727e-01
1.220715e-02 1.335855e-01 3.231435e-02 3.685150e+02 8.712321e+02 5.389675e-01 3.070262e-01
1.288950e-02 1.311470e-01 2.742251e-02 3.532210e+02 8.288524e+02 5.449349e-01 3.092206e-01
1.361000e-02 1.286658e-01 2.086840e-02 3.386450e+02 7.886349e+02 5.505302e-01 3.114549e-01
1.437078e-02 1.261432e-01 1.571302e-02 3.247501e+02 7.504664e+02 5.556935e-01 3.137283e-01
1.517408e-02 1.235805e-01 1.128551e-02 3.115014e+02 7.142395e+02 5.600360e-01 3.160395e-01
1.602228e-02 1.209791e-01 7.661422e-03 2.988658e+02 6.798525e+02 5.636411e-01 3.183872e-01
1.691790e-02 1.183408e-01 4.845556e-03 2.868123e+02 6.472094e+02 5.664343e-01 3.207701e-01
1.786358e-02 1.156672e-01 2.861797e-03 2.753112e+02 6.162189e+02 5.684525e-01 3.231867e-01
1.886212e-02 1.129602e-01 1.545641e-03 2.643346e+02 5.867949e+02 5.697727e-01 3.256354e-01
1.991648e-02 1.102219e-01 7.427431e-04 2.538561e+02 5.588557e+02 5.705147e-01 3.281145e-01
2.102978e-02 1.074544e-01 3.369605e-04 2.438506e+02 5.323240e+02 5.709847e-01 3.306220e-01
2.220530e-02 1.046600e-01 1.307106e-04 2.342945e+02 5.071265e+02 5.711562e-01 3.331560e-01
2.344654e-02 1.018411e-01 4.427051e-05 2.251654e+02 4.831939e+02 5.712676e-01 3.357143e-01
2.475716e-02 9.900034e-02 1.280830e-05 2.164420e+02 4.604605e+02 5.713161e-01 3.382947e-01
2.614104e-02 9.614035e-02 3.061198e-06 2.081042e+02 4.388641e+02 5.712993e-01 3.408948e-01
2.760228e-02 9.326402e-02 6.448218e-07 2.001330e+02 4.183459e+02 5.713215e-01 3.435121e-01
2.914519e-02 9.037433e-02 1.130017e-07 1.925105e+02 3.988499e+02 5.712900e-01 3.461438e-01
3.077436e-02 8.747442e-02 1.511182e-08 1.852195e+02 3.803235e+02 5.713249e-01 3.487873e-01
3.249459e-02 8.456753e-02 1.518593e-09 1.782439e+02 3.627166e+02 5.713191e-01 3.514396e-01
3.431098e-02 8.165706e-02 1.183254e-10 1.715684e+02 3.459816e+02 5.713325e-01 3.540976e-01
3.622890e-02 7.874651e-02 9.118004e-12 1.651785e+02 3.300739e+02 5.713063e-01 3.567583e-01
3.825403e-02 7.583950e-02 4.889385e-13 1.590605e+02 3.149507e+02 5.713293e-01 3.594183e-01
4.039236e-02 7.293977e-02 1.365112e-14 1.532014e+02 3.005718e+02 5.713278e-01 3.620742e-01
4.265022e-02 7.005116e-02 4.930821e-16 1.475887e+02 2.868991e+02 5.713093e-01 3.647226e-01
4.503429e-02 6.717759e-02 8.694660e-18 1.422109e+02 2.738962e+02 5.713667e-01 3.673598e-01
4.755162e-02 6.432308e-02 1.050829e-19 1.370568e+02 2.615291e+02 5.712477e-01 3.699822e-01
5.020967e-02 6.149169e-02 7.359246e-22 1.321159e+02 2.497651e+02 5.713323e-01 3.725861e-01
5.301630e-02 5.868755e-02 3.043820e-24 1.273782e+02 2.385735e+02 5.712974e-01 3.751676e-01
5.597982e-02 5.591484e-02 1.756401e-26 1.228343e+02 2.279252e+02 5.713193e-01 3.777230e-01
5.910899e-02 5.317774e-02 3.503794e-29 1.184752e+02 2.177925e+02 5.713349e-01 3.802482e-01
6.241308e-02 5.048045e-02 3.534671e-32 1.142923e+02 2.081492e+02 5.713484e-01 3.827395e-01
6.590185e-02 4.782714e-02 2.280568e-35 1.102777e+02 1.989705e+02 5.713032e-01 3.851928e-01
6.958565e-02 4.522195e-02 7.710248e-39 1.064235e+02 1.902328e+02 5.713375e-01 3.876044e-01
7.347536e-02 4.266896e-02 1.409924e-42 1.027226e+02 1.819138e+02 5.712993e-01 3.899703e-01
7.758250e-02 4.017218e-02 1.158622e-46 9.916795e+01 1.739925e+02 5.713116e-01 3.922868e-01
8.191922e-02 3.773548e-02 7.260063e-51 9.575304e+01 1.664486e+02 5.713426e-01 3.945503e-01
8.649836e-02 3.536262e-02 5.953882e-56 9.247159e+01 1.592633e+02 5.712980e-01 3.967570e-01
9.133346e-02 3.305719e-02 9.084896e-61 8.931768e+01 1.524186e+02 5.713449e-01 3.989036e-01
9.643884e-02 3.082260e-02 2.201308e-66 8.628567e+01 1.458972e+02 5.711896e-01 4.009867e-01
1.018296e-01 2.866204e-02 2.377211e-72 8.337018e+01 1.396831e+02 5.712998e-01 4.030033e-01
1.075217e-01 2.657845e-02 1.582143e-78 8.056612e+01 1.337608e+02 5.713878e-01 4.049504e-01
1.135320e-01 2.457452e-02 2.090049e-85 7.786863e+01 1.281158e+02 5.713313e-01 4.068254e-01
1.198782e-01 2.265263e-02 1.769410e-92 7.527310e+01 1.227343e+02 5.713369e-01 4.086260e-01
1.265792e-01 2.081484e-02 9.955582e-101 7.277514e+01 1.176032e+02 5.713322e-01 4.103499e-01
1.336547e-01 1.906287e-02 3.586262e-109 7.037057e+01 1.127099e+02 5.713191e-01 4.119954e-01
1.411258e-01 1.739808e-02 5.403784e-118 6.805540e+01 1.080429e+02 5.713259e-01 4.135611e-01
1.490144e-01 1.582143e-02 1.008846e-127 6.582586e+01 1.035907e+02 5.713493e-01 4.150458e-01
1.573441e-01 1.433350e-02 2.939123e-138 6.367833e+01 9.934292e+01 5.712093e-01 4.164488e-01
1.661393e-01 1.293445e-02 1.557325e-149 6.160937e+01 9.528938e+01 5.713084e-01 4.177697e-01
1.754262e-01 1.162401e-02 3.092726e-161 5.961571e+01 9.142056e+01 5.713479e-01 4.190086e-01
1.852322e-01 1.040151e-02 1.469788e-173 5.769423e+01 8.772740e+01 5.712819e-01 4.201660e-01
1.955864e-01 9.265821e-03 8.168015e-188 5.584196e+01 8.420127e+01 5.713358e-01 4.212425e-01
2.065193e-01 8.215428e-03 1.996417e-201 5.405606e+01 8.083403e+01 5.713937e-01 4.222396e-01
2.180633e-01 7.248397e-03 2.876194e-217 5.233381e+01 7.761794e+01 5.713146e-01 4.231588e-01
2.302527e-01 6.362402e-03 1.079065e-233 5.067265e+01 7.454563e+01 5.713194e-01 4.240020e-01
2.431234e-01 5.554751e-03 2.222015e-251 4.907011e+01 7.161012e+01 5.713470e-01 4.247718e-01
2.567136e-01 4.822410e-03 3.773623e-270 4.752384e+01 6.880480e+01 5.712854e-01 4.254707e-01
2.710634e-01 4.162034e-03 3.541859e-290 4.603160e+01 6.612338e+01 5.713810e-01 4.261018e-01
2.862153e-01 3.570011e-03 8.328259e-312 4.459124e+01 6.355988e+01 5.712889e-01 4.266684e-01
3.022143e-01 3.042496e-03 0.000000e+00 4.320072e+01 6.110865e+01 5.713070e-01 4.271739e-01
3.191075e-01 2.575456e-03 0.000000e+00 4.185808e+01 5.876429e+01 5.712773e-01 4.276220e-01
3.369450e-01 2.164727e-03 0.000000e+00 4.056146e+01 5.652170e+01 5.713326e-01 4.280167e-01
3.557796e-01 1.806052e-03 0.000000e+00 3.930907e+01 5.437603e+01 5.713311e-01 4.283618e-01
3.756671e-01 1.495138e-03 0.000000e+00 3.809921e+01 5.232267e+01 5.713194e-01 4.286613e-01
3.966662e-01 1.227704e-03 0.000000e+00 3.693024e+01 5.035725e+01 5.714061e-01 4.289193e-01
4.188391e-01 9.995328e-04 0.000000e+00 3.580061e+01 4.847561e+01 5.713047e-01 4.291397e-01
4.422515e-01 8.065135e-04 0.000000e+00 3.470882e+01 4.667380e+01 5.712692e-01 4.293264e-01
4.669725e-01 6.446855e-04 0.000000e+00 3.365344e+01 4.494807e+01 5.713748e-01 4.294831e-01
4.930755e-01 5.102783e-04 0.000000e+00 3.263311e+01 4.329486e+01 5.711894e-01 4.296134e-01
5.206375e-01 3.997416e-04 0.000000e+00 3.164652e+01 4.171078e+01 5.712545e-01 4.297207e-01
5.497402e-01 3.097734e-04 0.000000e+00 3.069241e+01 4.019262e+01 5.713231e-01 4.298082e-01
5.804697e-01 2.373385e-04 0.000000e+00 2.976959e+01 3.873732e+01 5.713455e-01 4.298787e-01
6.129169e-01 1.796834e-04 0.000000e+00 2.887690e+01 3.734199e+01 5.710601e-01 4.299349e-01
6.471778e-01 1.343398e-04 0.000000e+00 2.801324e+01 3.600385e+01 5.713463e-01 4.299791e-01
6.833539e-01 9.912583e-05 0.000000e+00 2.717756e+01 3.472028e+01 5.712233e-01 4.300135e-01
7.215521e-01 7.213882e-05 0.000000e+00 2.636884e+01 3.348879e+01 5.712771e-01 4.300399e-01
7.618856e-01 5.174275e-05 0.000000e+00 2.558612e+01 3.230701e+01 5.712645e-01 4.300598e-01
8.044736e-01 3.655197e-05 0.000000e+00 2.482846e+01 3.117269e+01 5.712721e-01 4.300747e-01
8.494422e-01 2.541084e-05 0.000000e+00 2.409496e+01 3.008368e+01 5.713238e-01 4.300856e-01
8.969245e-01 1.737085e-05 0.000000e+00 2.338478e+01 2.903793e+01 5.712179e-01 4.300935e-01
9.470610e-01 1.166665e-05 0.000000e+00 2.269709e+01 2.803353e+01 5.712728e-01 4.300991e-01
1.000000e+00 7.691354e-06 0.000000e+00 2.203109e+01 2.706860e+01 5.712635e-01 4.301030e-01
