0.001 87928.0 85115.4
0.00102337179863 87963.0 85390.8
0.00104728983824 88071.2 85459.6
0.00107176688545 87963.0 85390.8
0.00109681600527 87928.0 85115.4
0.00112245056809 87928.0 84991.2
0.00114868425674 87898.0 84589.2
0.00117553107388 87833.4 84384.4
0.00120300534942 87943.2 84217.2
0.0012311217482 87735.6 83868.6
0.0012598952778 87634.2 83589.6
0.00128934129653 87632.6 83334.2
0.00131947552168 87527.0 83068.0
0.00135031403787 87194.2 82670.2
0.00138187330565 87375.8 82492.0
0.00141417017029 87356.6 82186.6
0.00144722187074 87098.4 81881.6
0.00148104604888 86916.6 81658.6
0.0015156607589 86920.4 81413.2
0.00155108447695 86654.6 81198.2
0.00158733611101 86534.4 80853.8
0.00162443501096 86408.6 80548.2
0.00166240097893 86391.2 80265.2
0.00170125427985 86261.0 80010.8
0.0017410156523 86068.6 79618.8
0.00178170631955 85927.4 79432.0
0.00182334800087 85870.4 79275.0
0.00186596292318 85698.4 78844.2
0.00190957383288 85581.6 78452.8
0.00195420400797 85531.6 78122.2
0.00199987727054 85440.6 77773.2
0.00204661799939 85278.0 77304.4
0.00209445114315 85158.4 76966.6
0.00214340223351 84822.4 76736.6
0.00219349739891 84719.8 76454.6
0.00224476337841 84426.6 76166.4
0.00229722753607 84106.8 75876.4
0.00235091787546 83736.8 75619.8
0.00240586305464 83677.2 75251.0
0.00246209240149 83410.8 74851.0
0.00251963592932 83271.4 74470.4
0.00257852435288 83097.2 74152.6
0.00263878910483 83065.2 73731.6
0.00270046235242 82810.0 73353.0
0.00276357701474 82465.8 72911.2
0.00282816678023 82145.8 72468.0
0.00289426612472 82006.0 71952.6
0.00296191032977 81792.4 71510.6
0.00303113550157 81558.0 71144.4
0.00310197859014 81484.8 70700.2
0.00317447740911 81286.8 70256.4
0.00324867065588 81001.4 69822.8
0.00332459793227 80514.8 69373.4
0.00340229976568 80179.0 68934.4
0.00348181763069 79689.6 68435.0
0.00356319397123 79389.6 67996.8
0.00364647222321 79110.8 67583.8
0.00373169683773 78986.8 67104.4
0.00381891330478 78817.6 66563.4
0.00390816817754 78611.0 66272.0
0.0039995090972 78327.6 65779.2
0.00409298481845 78077.2 65298.0
0.00418864523544 77738.2 64769.4
0.00428654140842 77369.6 64309.4
0.00438672559105 76993.8 63697.4
0.00448925125822 76650.6 63126.0
0.00459417313464 76157.8 62464.2
0.00470154722402 75838.8 61990.4
0.004811430839 75640.6 61271.2
0.00492388263171 75396.0 60717.6
0.00503896262507 75084.8 60297.2
0.00515673224485 74861.0 59916.0
0.00527725435248 74510.6 59259.8
0.00540059327854 74055.0 58787.8
0.00552681485714 73643.4 58167.4
0.00565598646107 73301.2 57497.6
0.0057881770377 72852.8 56850.6
0.00592345714588 72480.2 56346.4
0.0060618989935 72263.8 55826.6
0.0062035764761 71953.2 55312.8
0.00634856521631 71501.2 54634.2
0.00649694260415 71317.2 54049.6
0.00664878783842 70863.2 53470.6
0.00680418196893 70276.2 52749.8
0.00696320793976 69926.2 52070.2
0.00712595063357 69806.2 51596.0
0.00729249691684 69384.4 51003.6
0.00746293568631 68833.8 50404.6
0.00763735791638 68482.4 49891.6
0.00781585670768 68242.2 49362.2
0.0079985273368 67709.4 48638.8
0.00818546730707 67291.8 47932.8
0.00837677640068 67067.4 47273.4
0.00857255673191 66711.0 46587.4
0.00877291280161 66258.4 45921.0
0.00897795155303 65835.6 45289.6
0.00918778242886 65453.4 44739.4
0.00940251742967 65148.6 44225.0
0.00962227117368 64817.0 43593.4
0.00984716095793 64333.6 42915.2
0.0100773068209 63926.0 42267.8
0.0103128316067 63481.8 41572.4
0.0105538610304 63159.8 40847.8
0.0108005237452 62712.2 40266.2
0.0110529514113 62343.0 39753.6
0.0113112787659 61891.0 39247.2
0.0115756436955 61489.8 38687.2
0.011846187309 61002.8 38078.0
0.0121230540134 60590.8 37469.0
0.0124063915906 60038.8 36827.8
0.0126963512766 59574.2 36313.2
0.012993087842 59205.8 35695.6
0.0132967596747 58823.2 35227.0
0.0136075288642 58240.0 34707.0
0.0139255612887 57877.6 34262.0
0.014251026703 57480.8 33707.2
0.0145840988294 56958.2 33309.4
0.0149249554505 56553.2 32796.6
0.0152737785039 56281.6 32403.0
0.0156307541795 55835.4 31917.6
0.0159960730186 55456.8 31444.6
0.0163699300161 54991.8 31023.2
0.0167525247241 54506.6 30683.8
0.0171440613585 54125.0 30188.6
0.0175447489083 53831.4 29860.0
0.0179548012469 53421.6 29667.8
0.0183744372461 53257.6 29356.4
0.0188038808934 52888.8 28950.4
0.0192433614112 52420.2 28646.6
0.0196931133791 51939.6 28297.2
0.0201533768594 51463.6 27896.0
0.0206243975251 51021.8 27470.6
0.021106426791 50579.4 27185.2
0.0215997219478 50130.2 26917.6
0.0221045462997 49789.2 26585.6
0.0226211693047 49449.6 26298.8
0.0231498667185 48925.6 26139.6
0.0236909207418 48535.0 25859.8
0.0242446201708 48243.2 25523.0
0.0248112605514 47798.4 25326.4
0.0253911443368 47330.0 25006.2
0.0259845810493 46854.8 24658.6
0.0265918874451 46444.8 24397.0
0.0272133876838 46062.4 24232.0
0.0278494135008 45721.6 23955.2
0.0285003043852 45469.6 23737.8
0.0291664077602 45174.6 23492.8
0.0298480791692 44823.8 23199.2
0.0305456824652 44425.8 22978.2
0.0312595900048 43970.8 22696.6
0.0319901828478 43494.0 22423.6
0.0327378509595 43085.2 22194.2
0.0335029934198 42687.4 21959.6
0.0342860186356 42226.6 21699.0
0.035087344559 41839.0 21457.6
0.0359073989106 41555.0 21262.2
0.0367466194074 41264.2 21081.8
0.0376054539966 40874.6 20913.4
0.0384843610949 40515.8 20596.6
0.0393838098329 40156.4 20493.4
0.0403042803057 39712.0 20249.6
0.041246263829 39265.6 19928.6
0.0422102632016 38901.4 19712.8
0.0431967929733 38446.2 19600.2
0.0442063797203 38066.4 19276.6
0.0452395623254 37778.0 19041.0
0.0462968922663 37348.8 18870.4
0.0473789339096 36947.4 18622.4
0.0484862648124 36626.2 18382.4
0.04961947603 36236.4 18211.0
0.0507791724321 35855.0 18050.4
0.0519659730249 35640.4 17927.4
0.0531805112821 35311.4 17770.0
0.054423435483 35020.4 17598.8
0.055695409058 34656.2 17401.4
0.0569971109433 34294.2 17167.4
0.0583292359429 33826.6 16943.2
0.0596924950997 33471.2 16739.6
0.0610876160751 33120.4 16548.4
0.0625153435369 32835.2 16326.8
0.0639764395575 32419.0 16225.4
0.06547168402 32152.6 16001.2
0.0670018750351 31750.2 15844.6
0.0685678293664 31371.6 15648.8
0.070170382867 30936.4 15563.0
0.0718103909254 30645.0 15373.4
0.0734887289218 30303.6 15241.6
0.0752062926959 30123.4 15034.4
0.0769639990247 29828.8 14838.8
0.0787627861119 29550.6 14631.8
0.0806036140886 29214.0 14467.2
0.0824874655261 28801.4 14308.0
0.0844153459601 28377.8 14179.6
0.0863882844274 28005.8 14126.0
0.0884073340153 27781.6 14017.2
0.0904735724235 27506.2 13873.4
0.0925881025397 27317.8 13802.2
0.0947520530281 27016.8 13681.2
0.0969665789315 26725.4 13530.8
0.0992328622883 26432.8 13324.0
0.101552112763 26194.6 13218.8
0.103925568294 25956.8 13035.6
0.106354495749 25667.0 12960.8
0.108840191607 25415.6 12882.6
0.111383982648 25092.0 12773.2
0.113987226662 24819.6 12607.4
0.11665131317 24531.2 12510.0
0.119377664171 24204.8 12327.6
0.1221677349 23939.4 12203.2
0.125023014599 23645.6 12147.4
0.127945027321 23338.4 12054.4
0.130935332735 23063.8 11898.8
0.133995526966 22780.8 11787.6
0.13712724344 22597.0 11621.2
0.140332153761 22311.8 11518.4
0.1436119686 22102.6 11421.6
0.146968438611 21775.4 11341.6
0.150403355364 21629.6 11285.4
0.153918552299 21328.4 11165.2
0.157515905709 21167.6 11096.2
0.161197335739 20844.6 10994.8
0.16496480741 20642.2 10874.4
0.16882033167 20410.2 10724.2
0.172765966467 20181.2 10649.6
0.176803817846 19838.8 10535.6
0.180936041074 19633.4 10427.4
0.185164841791 19383.0 10344.6
0.189492477187 19156.0 10211.8
0.193921257207 18897.0 10049.4
0.198453545781 18728.8 9828.0
0.20309176209 18411.0 9787.4
0.207838381858 18136.2 9679.2
0.212695938667 17935.4 9594.6
0.217667025315 17756.6 9557.8
0.2227542952 17612.2 9577.4
0.227960463732 17419.6 9501.0
0.233288309786 17268.8 9432.6
0.238740677186 17056.0 9408.0
0.244320476219 16848.8 9387.0
0.250030685191 16628.2 9303.6
0.255874352017 16493.0 9178.6
0.261854595847 16257.6 9102.2
0.267974608733 16006.4 8967.2
0.274237657326 15752.2 8801.2
0.280647084631 15520.0 8712.4
0.28720631178 15306.8 8640.8
0.293918839865 15149.4 8577.6
0.300788251804 15024.6 8555.2
0.307818214257 14927.8 8498.0
0.315012479576 14726.2 8410.6
0.322374887815 14627.8 8313.6
0.329909368777 14502.4 8182.0
0.337619944111 14294.0 8075.6
0.345510729459 14138.4 8041.6
0.353585936654 14011.2 7969.8
0.361849875964 13859.4 7897.4
0.370306958401 13699.8 7847.8
0.378961698064 13556.0 7761.2
0.387818714561 13334.2 7605.2
0.396882735464 13179.2 7528.4
0.406158598838 12936.2 7435.0
0.415651255823 12777.4 7378.0
0.425365773275 12620.4 7327.2
0.435307336473 12475.6 7320.2
0.445481251884 12335.4 7248.0
0.455892949998 12303.6 7202.8
0.466547988223 12096.6 7136.8
0.477452053857 11995.8 7059.2
0.488610967116 11907.4 6975.0
0.500030684249 11756.6 6880.0
0.511717300711 11514.8 6783.6
0.52367705442 11393.4 6742.4
0.535916329085 11203.8 6698.0
0.548441657612 11072.4 6662.6
0.561259725595 10908.2 6640.2
0.574377374883 10841.0 6562.0
0.587801607227 10756.4 6399.4
0.601539588027 10684.6 6329.8
0.615598650148 10508.6 6265.2
0.629986297838 10383.4 6200.6
0.644710210732 10137.2 6186.2
0.659778247954 10003.0 6135.0
0.675198452307 9870.4 6082.4
0.690979054572 9746.4 5975.6
0.707128477894 9647.4 5921.2
0.723655342287 9625.2 5878.4
0.740568469226 9499.4 5877.0
0.757876886363 9340.6 5777.6
0.775589832339 9242.2 5725.8
0.793716761722 9220.0 5640.8
0.812267350048 9029.0 5609.0
0.831251498989 8931.6 5597.2
0.850679341636 8816.0 5540.8
0.87056124791 8729.6 5566.6
0.890907830093 8509.4 5550.8
0.911729948498 8406.2 5462.0
0.933038717262 8271.4 5341.0
0.954845510278 8142.8 5297.2
0.97716196727 8054.4 5184.4
1.0 8044.4 5110.4
