#./munderdamped_3d --dev=1 --amp=10.0 --omega=4.0 --force=0.1 --mass=1.0 --Dg=0.001 --block=1024 --paths=262144 --periods=5000 --trans=4000 --samples=400 --spp=400 --algorithm=predcorr --pav=1 --mode=moments --domain=3d --domainx=g:0.95:0.96:25:0 --domainy=a:10.0:10.0:1:0 --domainz=w:4.0:4.0:1:0 --q=2 --eps=0 --phi=0 --lambda=0 --Dp=0 --comp=0 --mean=0 >> temp/f0.1-D0.001-m_0.95_0.96-a10.0-w4.0.dat
#./munderdamped_3d --dev=1 --amp=10.0 --omega=4.0 --force=0.1 --mass=1.0 --Dg=0.001 --block=1024 --paths=262144 --periods=5000 --trans=4000 --samples=400 --spp=400 --algorithm=predcorr --pav=1 --mode=moments --domain=3d --domainx=g:0.96:1.0:100:0 --domainy=a:10.0:10.0:1:0 --domainz=w:4.0:4.0:1:0 --q=2 --eps=0 --phi=0 --lambda=0 --Dp=0 --comp=0 --mean=0 >> temp/f0.1-D0.001-m_0.96_1.0-a10.0-w4.0.dat
#./munderdamped_3d --dev=1 --amp=10.0 --omega=4.0 --force=0.1 --mass=1.0 --Dg=0.001 --block=1024 --paths=262144 --periods=5000 --trans=4000 --samples=400 --spp=400 --algorithm=predcorr --pav=1 --mode=moments --domain=3d --domainx=g:1.0:1.0:1:0 --domainy=a:10.0:10.0:1:0 --domainz=w:4.0:4.0:1:0 --q=2 --eps=0 --phi=0 --lambda=0 --Dp=0 --comp=0 --mean=0 >> temp/f0.1-D0.001-m_1.0_1.0-a10.0-w4.0.dat
#g a w <<v>> <<v^2>> qnu(q) mu_q Dx Gx EBx
9.500000e-01 1.000000e+01 4.000000e+00 6.181119e-02 5.374517e+00 9.819776e-01 9.773424e+03 6.219447e-01 1.686811e-03 1.481426e-02
9.504000e-01 1.000000e+01 4.000000e+00 6.024995e-02 5.380238e+00 1.000159e+00 9.578729e+03 6.094251e-01 2.952576e-03 1.550090e-02
9.508000e-01 1.000000e+01 4.000000e+00 5.848683e-02 5.386397e+00 9.967602e-01 9.335698e+03 5.939354e-01 2.192974e-03 1.615584e-02
9.512000e-01 1.000000e+01 4.000000e+00 5.678039e-02 5.393054e+00 1.012413e+00 9.201231e+03 5.851152e-01 3.247976e-03 1.702058e-02
9.516000e-01 1.000000e+01 4.000000e+00 5.504587e-02 5.399795e+00 9.900477e-01 8.965437e+03 5.704371e-01 2.649903e-03 1.787508e-02
9.520000e-01 1.000000e+01 4.000000e+00 5.343188e-02 5.406682e+00 9.969860e-01 8.694142e+03 5.531271e-01 4.655242e-03 1.881433e-02
9.524000e-01 1.000000e+01 4.000000e+00 5.156144e-02 5.413632e+00 1.002150e+00 8.498455e+03 5.406314e-01 -2.970099e-03 1.971567e-02
9.528000e-01 1.000000e+01 4.000000e+00 4.964803e-02 5.421199e+00 1.002570e+00 8.300963e+03 5.281059e-01 1.700044e-03 2.080476e-02
9.532000e-01 1.000000e+01 4.000000e+00 4.781807e-02 5.428799e+00 1.000660e+00 8.038604e+03 5.112643e-01 5.397916e-03 2.197468e-02
9.536000e-01 1.000000e+01 4.000000e+00 4.595073e-02 5.436998e+00 9.751768e-01 7.834714e+03 4.981629e-01 2.065778e-03 2.317703e-02
9.540001e-01 1.000000e+01 4.000000e+00 4.408306e-02 5.445202e+00 9.939173e-01 7.637536e+03 4.860423e-01 5.791426e-03 2.430499e-02
9.544001e-01 1.000000e+01 4.000000e+00 4.224059e-02 5.453516e+00 9.991583e-01 7.439453e+03 4.732507e-01 -1.518726e-04 2.562535e-02
9.548001e-01 1.000000e+01 4.000000e+00 4.034725e-02 5.462232e+00 9.880741e-01 7.182669e+03 4.569990e-01 6.382227e-03 2.701175e-02
9.552001e-01 1.000000e+01 4.000000e+00 3.846028e-02 5.470977e+00 9.877990e-01 6.960140e+03 4.428242e-01 2.013683e-03 2.877414e-02
9.556001e-01 1.000000e+01 4.000000e+00 3.656610e-02 5.479957e+00 9.950603e-01 6.771600e+03 4.307155e-01 -4.607022e-03 3.020847e-02
9.560001e-01 1.000000e+01 4.000000e+00 3.465099e-02 5.488842e+00 9.802946e-01 6.523830e+03 4.151268e-01 3.035307e-03 3.202641e-02
9.564001e-01 1.000000e+01 4.000000e+00 3.290871e-02 5.498488e+00 9.959975e-01 6.333031e+03 4.029126e-01 1.010013e-02 3.402269e-02
9.568001e-01 1.000000e+01 4.000000e+00 3.107484e-02 5.507195e+00 1.008969e+00 6.101590e+03 3.882013e-01 -2.635717e-04 3.587401e-02
9.572001e-01 1.000000e+01 4.000000e+00 2.936988e-02 5.516370e+00 1.015679e+00 5.922482e+03 3.767220e-01 6.389737e-03 3.787518e-02
9.576001e-01 1.000000e+01 4.000000e+00 2.762468e-02 5.525745e+00 9.900611e-01 5.678970e+03 3.614331e-01 8.103132e-03 4.011512e-02
9.580001e-01 1.000000e+01 4.000000e+00 2.598954e-02 5.534948e+00 1.004660e+00 5.460983e+03 3.474606e-01 2.195597e-03 4.235554e-02
9.584001e-01 1.000000e+01 4.000000e+00 2.441445e-02 5.543830e+00 9.940562e-01 5.275797e+03 3.356528e-01 9.756804e-03 4.504216e-02
9.588001e-01 1.000000e+01 4.000000e+00 2.293305e-02 5.552666e+00 9.972570e-01 5.073130e+03 3.228075e-01 4.810691e-03 4.793584e-02
9.592001e-01 1.000000e+01 4.000000e+00 2.147261e-02 5.561961e+00 9.984028e-01 4.860644e+03 3.092249e-01 6.557107e-03 5.013609e-02
9.596002e-01 1.000000e+01 4.000000e+00 2.007013e-02 5.570216e+00 9.961743e-01 4.648791e+03 2.958098e-01 8.233666e-03 5.318379e-02
9.600000e-01 1.000000e+01 4.000000e+00 1.879949e-02 5.578630e+00 9.878927e-01 4.463454e+03 2.840070e-01 1.241386e-02 5.637681e-02
9.604000e-01 1.000000e+01 4.000000e+00 1.760910e-02 5.587064e+00 9.889876e-01 4.285921e+03 2.727150e-01 3.122807e-03 5.996931e-02
9.608000e-01 1.000000e+01 4.000000e+00 1.642975e-02 5.595146e+00 9.903392e-01 4.092016e+03 2.603762e-01 9.523153e-03 6.323695e-02
9.612000e-01 1.000000e+01 4.000000e+00 1.536199e-02 5.602791e+00 9.852291e-01 3.903790e+03 2.484489e-01 9.025097e-03 6.680608e-02
9.616000e-01 1.000000e+01 4.000000e+00 1.437640e-02 5.610328e+00 9.981341e-01 3.733214e+03 2.375652e-01 8.972168e-03 7.086527e-02
9.620000e-01 1.000000e+01 4.000000e+00 1.341713e-02 5.617853e+00 9.941515e-01 3.579241e+03 2.277758e-01 6.186724e-03 7.449234e-02
9.624000e-01 1.000000e+01 4.000000e+00 1.251506e-02 5.624754e+00 1.002501e+00 3.432865e+03 2.184911e-01 1.367199e-02 7.828152e-02
9.628000e-01 1.000000e+01 4.000000e+00 1.169813e-02 5.631646e+00 9.851632e-01 3.253949e+03 2.071098e-01 1.192451e-02 8.307123e-02
9.632000e-01 1.000000e+01 4.000000e+00 1.105388e-02 5.637904e+00 9.957567e-01 3.131614e+03 1.993416e-01 1.895785e-02 8.732009e-02
9.636000e-01 1.000000e+01 4.000000e+00 1.024910e-02 5.644057e+00 9.830763e-01 2.978677e+03 1.896092e-01 1.006031e-02 9.267855e-02
9.640000e-01 1.000000e+01 4.000000e+00 9.731874e-03 5.649791e+00 9.716735e-01 2.854848e+03 1.817483e-01 1.794660e-02 9.702885e-02
9.644001e-01 1.000000e+01 4.000000e+00 9.151417e-03 5.655196e+00 9.760697e-01 2.728891e+03 1.737239e-01 1.518297e-02 1.026047e-01
9.648001e-01 1.000000e+01 4.000000e+00 8.663886e-03 5.659948e+00 9.925555e-01 2.631932e+03 1.675696e-01 1.324105e-02 1.070005e-01
9.652001e-01 1.000000e+01 4.000000e+00 8.266973e-03 5.664362e+00 9.933988e-01 2.519046e+03 1.603868e-01 2.367687e-02 1.129797e-01
9.656001e-01 1.000000e+01 4.000000e+00 7.842813e-03 5.668630e+00 9.791449e-01 2.411274e+03 1.535396e-01 2.018452e-02 1.186125e-01
9.660001e-01 1.000000e+01 4.000000e+00 7.442058e-03 5.672328e+00 9.886562e-01 2.305410e+03 1.467912e-01 2.157521e-02 1.247139e-01
9.664001e-01 1.000000e+01 4.000000e+00 7.098761e-03 5.675962e+00 9.844094e-01 2.220851e+03 1.414090e-01 2.691329e-02 1.307875e-01
9.668001e-01 1.000000e+01 4.000000e+00 6.856671e-03 5.679029e+00 9.870322e-01 2.129113e+03 1.355715e-01 2.188921e-02 1.366258e-01
9.672001e-01 1.000000e+01 4.000000e+00 6.590249e-03 5.681688e+00 9.791291e-01 2.058348e+03 1.310598e-01 2.058375e-02 1.428089e-01
9.676001e-01 1.000000e+01 4.000000e+00 6.427190e-03 5.683728e+00 9.813162e-01 1.988839e+03 1.266333e-01 2.867055e-02 1.488341e-01
9.680001e-01 1.000000e+01 4.000000e+00 6.189205e-03 5.685742e+00 9.840309e-01 1.926077e+03 1.226416e-01 2.997100e-02 1.555138e-01
9.684001e-01 1.000000e+01 4.000000e+00 6.056651e-03 5.687132e+00 9.805148e-01 1.848137e+03 1.176782e-01 2.834451e-02 1.622906e-01
9.688001e-01 1.000000e+01 4.000000e+00 5.896229e-03 5.688616e+00 9.758906e-01 1.797471e+03 1.144521e-01 2.439666e-02 1.681859e-01
9.692001e-01 1.000000e+01 4.000000e+00 5.775562e-03 5.689538e+00 9.924432e-01 1.747843e+03 1.112891e-01 4.005551e-02 1.761906e-01
9.696001e-01 1.000000e+01 4.000000e+00 5.727095e-03 5.690155e+00 9.635426e-01 1.689836e+03 1.076018e-01 2.969074e-02 1.823198e-01
9.700001e-01 1.000000e+01 4.000000e+00 5.638991e-03 5.690224e+00 9.832774e-01 1.651471e+03 1.051583e-01 3.062880e-02 1.888148e-01
9.704002e-01 1.000000e+01 4.000000e+00 5.638594e-03 5.690563e+00 9.718374e-01 1.610017e+03 1.025189e-01 2.742922e-02 1.956439e-01
9.708002e-01 1.000000e+01 4.000000e+00 5.537724e-03 5.690353e+00 9.615279e-01 1.569302e+03 9.992487e-02 3.160095e-02 2.016941e-01
9.712002e-01 1.000000e+01 4.000000e+00 5.550160e-03 5.689893e+00 9.691264e-01 1.530781e+03 9.747081e-02 3.520441e-02 2.080954e-01
9.716002e-01 1.000000e+01 4.000000e+00 5.531257e-03 5.689275e+00 9.695944e-01 1.501372e+03 9.560117e-02 3.553283e-02 2.159190e-01
9.720002e-01 1.000000e+01 4.000000e+00 5.516856e-03 5.688411e+00 9.641982e-01 1.468514e+03 9.350643e-02 3.661489e-02 2.222073e-01
9.724002e-01 1.000000e+01 4.000000e+00 5.517778e-03 5.687229e+00 9.758018e-01 1.456485e+03 9.274445e-02 3.938770e-02 2.274288e-01
9.728002e-01 1.000000e+01 4.000000e+00 5.548302e-03 5.685919e+00 9.769582e-01 1.422698e+03 9.058838e-02 4.379427e-02 2.337756e-01
9.732002e-01 1.000000e+01 4.000000e+00 5.581632e-03 5.684434e+00 9.905136e-01 1.408551e+03 8.969472e-02 3.980565e-02 2.396272e-01
9.736002e-01 1.000000e+01 4.000000e+00 5.604021e-03 5.682771e+00 9.586988e-01 1.388133e+03 8.839361e-02 3.537965e-02 2.462692e-01
9.740002e-01 1.000000e+01 4.000000e+00 5.651380e-03 5.680973e+00 9.763959e-01 1.378395e+03 8.776936e-02 3.720486e-02 2.517325e-01
9.744002e-01 1.000000e+01 4.000000e+00 5.668249e-03 5.678714e+00 9.728051e-01 1.359710e+03 8.658413e-02 4.042220e-02 2.574931e-01
9.748002e-01 1.000000e+01 4.000000e+00 5.752786e-03 5.676652e+00 9.749738e-01 1.348671e+03 8.588234e-02 5.401790e-02 2.623374e-01
9.752002e-01 1.000000e+01 4.000000e+00 5.808400e-03 5.673911e+00 9.745629e-01 1.343286e+03 8.553728e-02 4.615974e-02 2.679993e-01
9.756002e-01 1.000000e+01 4.000000e+00 5.878538e-03 5.671274e+00 9.686337e-01 1.328463e+03 8.458450e-02 4.716611e-02 2.720236e-01
9.760002e-01 1.000000e+01 4.000000e+00 5.986230e-03 5.668664e+00 9.569356e-01 1.320838e+03 8.410452e-02 4.887593e-02 2.756100e-01
9.764003e-01 1.000000e+01 4.000000e+00 6.033580e-03 5.665698e+00 9.873310e-01 1.318071e+03 8.393009e-02 5.070043e-02 2.814616e-01
9.768003e-01 1.000000e+01 4.000000e+00 6.142706e-03 5.662660e+00 9.800355e-01 1.313610e+03 8.364972e-02 4.778528e-02 2.836232e-01
9.772003e-01 1.000000e+01 4.000000e+00 6.209848e-03 5.659656e+00 9.663099e-01 1.305609e+03 8.314077e-02 5.099308e-02 2.897049e-01
9.776003e-01 1.000000e+01 4.000000e+00 6.298356e-03 5.656428e+00 9.709805e-01 1.303146e+03 8.298437e-02 4.915822e-02 2.914473e-01
9.780003e-01 1.000000e+01 4.000000e+00 6.379775e-03 5.653050e+00 9.695375e-01 1.301257e+03 8.286486e-02 6.001723e-02 2.943472e-01
9.784003e-01 1.000000e+01 4.000000e+00 6.484454e-03 5.649707e+00 9.675796e-01 1.297382e+03 8.261459e-02 5.365968e-02 2.967025e-01
9.788003e-01 1.000000e+01 4.000000e+00 6.546937e-03 5.646166e+00 9.780256e-01 1.288493e+03 8.204723e-02 5.975449e-02 3.006233e-01
9.792003e-01 1.000000e+01 4.000000e+00 6.628283e-03 5.642658e+00 9.668404e-01 1.294545e+03 8.243904e-02 5.850482e-02 3.036999e-01
9.796003e-01 1.000000e+01 4.000000e+00 6.769195e-03 5.638975e+00 9.646800e-01 1.282029e+03 8.164019e-02 4.038060e-02 3.046771e-01
9.800003e-01 1.000000e+01 4.000000e+00 6.837035e-03 5.635665e+00 9.662030e-01 1.288467e+03 8.204400e-02 6.490970e-02 3.083161e-01
9.804003e-01 1.000000e+01 4.000000e+00 6.877894e-03 5.631771e+00 9.536898e-01 1.287065e+03 8.195864e-02 6.361783e-02 3.105366e-01
9.808003e-01 1.000000e+01 4.000000e+00 6.972868e-03 5.628214e+00 9.649336e-01 1.287870e+03 8.200808e-02 6.591332e-02 3.121293e-01
9.812003e-01 1.000000e+01 4.000000e+00 7.067967e-03 5.624396e+00 9.503678e-01 1.286137e+03 8.190317e-02 5.843472e-02 3.147937e-01
9.816003e-01 1.000000e+01 4.000000e+00 7.166694e-03 5.620759e+00 9.565301e-01 1.282603e+03 8.167139e-02 5.687022e-02 3.156166e-01
9.820004e-01 1.000000e+01 4.000000e+00 7.243406e-03 5.617040e+00 9.785204e-01 1.285504e+03 8.186238e-02 6.000805e-02 3.195318e-01
9.824004e-01 1.000000e+01 4.000000e+00 7.295708e-03 5.613411e+00 9.859903e-01 1.283879e+03 8.175631e-02 5.993915e-02 3.217776e-01
9.828004e-01 1.000000e+01 4.000000e+00 7.345338e-03 5.609749e+00 9.657350e-01 1.285586e+03 8.186975e-02 6.357241e-02 3.233962e-01
9.832004e-01 1.000000e+01 4.000000e+00 7.420257e-03 5.606032e+00 9.583713e-01 1.282439e+03 8.166160e-02 5.556524e-02 3.254236e-01
9.836004e-01 1.000000e+01 4.000000e+00 7.440396e-03 5.602327e+00 9.552395e-01 1.272454e+03 8.102376e-02 6.853068e-02 3.281567e-01
9.840004e-01 1.000000e+01 4.000000e+00 7.482554e-03 5.598596e+00 9.605766e-01 1.275660e+03 8.123975e-02 6.190312e-02 3.294126e-01
9.844004e-01 1.000000e+01 4.000000e+00 7.530012e-03 5.594817e+00 9.528998e-01 1.270020e+03 8.087388e-02 6.404102e-02 3.330194e-01
9.848004e-01 1.000000e+01 4.000000e+00 7.527440e-03 5.591266e+00 9.643447e-01 1.262051e+03 8.037363e-02 6.551468e-02 3.373365e-01
9.852004e-01 1.000000e+01 4.000000e+00 7.548007e-03 5.587395e+00 9.642981e-01 1.263061e+03 8.042976e-02 6.302965e-02 3.386517e-01
9.856004e-01 1.000000e+01 4.000000e+00 7.546528e-03 5.583709e+00 9.658500e-01 1.259444e+03 8.019286e-02 6.324399e-02 3.421093e-01
9.860004e-01 1.000000e+01 4.000000e+00 7.542301e-03 5.580159e+00 9.868569e-01 1.257212e+03 8.005221e-02 7.857323e-02 3.457652e-01
9.864004e-01 1.000000e+01 4.000000e+00 7.491815e-03 5.576506e+00 9.651075e-01 1.236304e+03 7.872706e-02 6.048131e-02 3.496691e-01
9.868004e-01 1.000000e+01 4.000000e+00 7.525366e-03 5.572964e+00 9.776577e-01 1.229380e+03 7.828513e-02 7.001567e-02 3.532958e-01
9.872004e-01 1.000000e+01 4.000000e+00 7.445236e-03 5.569569e+00 9.603929e-01 1.210633e+03 7.709059e-02 7.516873e-02 3.567801e-01
9.876004e-01 1.000000e+01 4.000000e+00 7.420414e-03 5.566139e+00 9.723682e-01 1.199285e+03 7.636838e-02 7.192719e-02 3.606663e-01
9.880005e-01 1.000000e+01 4.000000e+00 7.317320e-03 5.562894e+00 9.467827e-01 1.175611e+03 7.485430e-02 7.326722e-02 3.679460e-01
9.884005e-01 1.000000e+01 4.000000e+00 7.284903e-03 5.559487e+00 9.600260e-01 1.157717e+03 7.371075e-02 6.969881e-02 3.749346e-01
9.888005e-01 1.000000e+01 4.000000e+00 7.167495e-03 5.556554e+00 9.652150e-01 1.149630e+03 7.319700e-02 8.053780e-02 3.781317e-01
9.892005e-01 1.000000e+01 4.000000e+00 7.052188e-03 5.553566e+00 9.531462e-01 1.130437e+03 7.198521e-02 8.553553e-02 3.847520e-01
9.896005e-01 1.000000e+01 4.000000e+00 6.910846e-03 5.550646e+00 9.656718e-01 1.092622e+03 6.956446e-02 8.352137e-02 3.898253e-01
9.900005e-01 1.000000e+01 4.000000e+00 6.810369e-03 5.547657e+00 9.572083e-01 1.076883e+03 6.857183e-02 7.012022e-02 3.983350e-01
9.904005e-01 1.000000e+01 4.000000e+00 6.635447e-03 5.545033e+00 9.676995e-01 1.049259e+03 6.681316e-02 8.394217e-02 4.082282e-01
9.908005e-01 1.000000e+01 4.000000e+00 6.463810e-03 5.542394e+00 9.558802e-01 1.021744e+03 6.505757e-02 8.486664e-02 4.161984e-01
9.912005e-01 1.000000e+01 4.000000e+00 6.274567e-03 5.539909e+00 9.515851e-01 9.924191e+02 6.319000e-02 8.981609e-02 4.258374e-01
9.916005e-01 1.000000e+01 4.000000e+00 6.115386e-03 5.537278e+00 9.620328e-01 9.603993e+02 6.114624e-02 8.251727e-02 4.361086e-01
9.920005e-01 1.000000e+01 4.000000e+00 5.958182e-03 5.534683e+00 9.573573e-01 9.315799e+02 5.931478e-02 8.445728e-02 4.468560e-01
9.924005e-01 1.000000e+01 4.000000e+00 5.735047e-03 5.532347e+00 9.526230e-01 8.975797e+02 5.715543e-02 9.469092e-02 4.582590e-01
9.928005e-01 1.000000e+01 4.000000e+00 5.564392e-03 5.529904e+00 9.565589e-01 8.676046e+02 5.524475e-02 1.090555e-01 4.688265e-01
9.932005e-01 1.000000e+01 4.000000e+00 5.317052e-03 5.527496e+00 9.446011e-01 8.285101e+02 5.275287e-02 9.338963e-02 4.816639e-01
9.936005e-01 1.000000e+01 4.000000e+00 5.112402e-03 5.525027e+00 9.360210e-01 7.943379e+02 5.057812e-02 1.097099e-01 4.955504e-01
9.940006e-01 1.000000e+01 4.000000e+00 4.927610e-03 5.522523e+00 9.517758e-01 7.591683e+02 4.834503e-02 1.051525e-01 5.112710e-01
9.944006e-01 1.000000e+01 4.000000e+00 4.685502e-03 5.520094e+00 9.482552e-01 7.235134e+02 4.607291e-02 9.996271e-02 5.297457e-01
9.948006e-01 1.000000e+01 4.000000e+00 4.460260e-03 5.517582e+00 9.518695e-01 6.909276e+02 4.399595e-02 1.122026e-01 5.467021e-01
9.952006e-01 1.000000e+01 4.000000e+00 4.240094e-03 5.515059e+00 9.309536e-01 6.579429e+02 4.189848e-02 1.172547e-01 5.678294e-01
9.956006e-01 1.000000e+01 4.000000e+00 4.055535e-03 5.512602e+00 9.407437e-01 6.294406e+02 4.008547e-02 1.193049e-01 5.913354e-01
9.960006e-01 1.000000e+01 4.000000e+00 3.810553e-03 5.510017e+00 9.340489e-01 5.929586e+02 3.776297e-02 1.212555e-01 6.133724e-01
9.964006e-01 1.000000e+01 4.000000e+00 3.608262e-03 5.507404e+00 9.141847e-01 5.627408e+02 3.583524e-02 1.236656e-01 6.382093e-01
9.968006e-01 1.000000e+01 4.000000e+00 3.409583e-03 5.504668e+00 9.226961e-01 5.325531e+02 3.391311e-02 1.287589e-01 6.692013e-01
9.972006e-01 1.000000e+01 4.000000e+00 3.209256e-03 5.502144e+00 9.192032e-01 5.029724e+02 3.202758e-02 1.388015e-01 6.975635e-01
9.976006e-01 1.000000e+01 4.000000e+00 3.010229e-03 5.499571e+00 9.295617e-01 4.756091e+02 3.028511e-02 1.473036e-01 7.303886e-01
9.980006e-01 1.000000e+01 4.000000e+00 2.810064e-03 5.496964e+00 9.298995e-01 4.492092e+02 2.860257e-02 1.419666e-01 7.642907e-01
9.984006e-01 1.000000e+01 4.000000e+00 2.633144e-03 5.494400e+00 9.091252e-01 4.221820e+02 2.688194e-02 1.585987e-01 8.000485e-01
9.988006e-01 1.000000e+01 4.000000e+00 2.456663e-03 5.492079e+00 9.099999e-01 3.968717e+02 2.526896e-02 1.603593e-01 8.456470e-01
9.992006e-01 1.000000e+01 4.000000e+00 2.294993e-03 5.489722e+00 8.957007e-01 3.726190e+02 2.372494e-02 1.866921e-01 8.921298e-01
9.996006e-01 1.000000e+01 4.000000e+00 2.143467e-03 5.487620e+00 8.967324e-01 3.512164e+02 2.236083e-02 1.882693e-01 9.403037e-01
1.000000e+00 1.000000e+01 4.000000e+00 1.987297e-03 5.485617e+00 8.902451e-01 3.305516e+02 2.104227e-02 2.022392e-01 9.873066e-01
