#./munderdamped_3d --dev=1 --amp=10.0 --omega=4.0 --force=0.1 --mass=1.0 --Dg=0.001 --block=1024 --paths=262144 --periods=5000 --trans=4000 --samples=400 --spp=400 --algorithm=predcorr --pav=1 --mode=moments --domain=3d --domainx=g:1.0:1.0:1:0 --domainy=a:10.0:10.0:1:0 --domainz=w:4.0:4.0:1:0 --q=2 --eps=0 --phi=0 --lambda=0 --Dp=0 --comp=0 --mean=0 >> temp/f0.1-D0.001-m_1.0_1.0-a10.0-w4.0.dat
#./munderdamped_3d_gle --dev=0 --amp=10.0 --omega=4.0 --force=0.1 --mass=1.0 --Dg=0.001 --tau=0.01 --block=1024 --paths=262144 --periods=5000 --trans=4000 --samples=400 --spp=400 --algorithm=predcorr --pav=1 --mode=moments --domain=3d --domainx=t:0.0:0.04:100:0 --domainy=a:10.0:10.0:1:0 --domainz=w:4.0:4.0:1:0 --q=2 --eps=0 --phi=0 --lambda=0 --Dp=0 --comp=0 --mean=0 >> temp/f0.1-D0.001-m1.0-a10.0-w4.0-t_0.0_0.05.dat
#./munderdamped_3d_gle --dev=0 --amp=10.0 --omega=4.0 --force=0.1 --mass=1.0 --Dg=0.001 --tau=0.01 --block=1024 --paths=262144 --periods=5000 --trans=4000 --samples=400 --spp=400 --algorithm=predcorr --pav=1 --mode=moments --domain=3d --domainx=t:0.04:0.04:1:0 --domainy=a:10.0:10.0:1:0 --domainz=w:4.0:4.0:1:0 --q=2 --eps=0 --phi=0 --lambda=0 --Dp=0 --comp=0 --mean=0 >> temp/f0.1-D0.001-m1.0-a10.0-w4.0-t_0.04_0.04.dat
#t a w <<v>> <<v^2>> qnu(q) mu_q Dx Gx EBx
0.000000e+00 1.000000e+01 4.000000e+00 1.987297e-03 5.485617e+00 8.902451e-01 3.305516e+02 2.104227e-02 2.022392e-01 9.873066e-01
2.000000e-03 1.000000e+01 4.000000e+00 2.841477e-03 5.497138e+00 9.120136e-01 4.489046e+02 2.858214e-02 1.550149e-01 7.641912e-01
2.400000e-03 1.000000e+01 4.000000e+00 3.011520e-03 5.499540e+00 9.076208e-01 4.783661e+02 3.046069e-02 1.472960e-01 7.282209e-01
2.800000e-03 1.000000e+01 4.000000e+00 3.213077e-03 5.502172e+00 9.287358e-01 5.053676e+02 3.217898e-02 1.345119e-01 6.933484e-01
3.200000e-03 1.000000e+01 4.000000e+00 3.428730e-03 5.504723e+00 9.252481e-01 5.339125e+02 3.400161e-02 1.279693e-01 6.664307e-01
3.600000e-03 1.000000e+01 4.000000e+00 3.618817e-03 5.507462e+00 9.407626e-01 5.652944e+02 3.599943e-02 1.298654e-01 6.358062e-01
4.000000e-03 1.000000e+01 4.000000e+00 3.847159e-03 5.510128e+00 9.276323e-01 5.943747e+02 3.785254e-02 1.313843e-01 6.096686e-01
4.400000e-03 1.000000e+01 4.000000e+00 4.056377e-03 5.512847e+00 9.389520e-01 6.300687e+02 4.012194e-02 1.200210e-01 5.872574e-01
4.799999e-03 1.000000e+01 4.000000e+00 4.285282e-03 5.515425e+00 9.300413e-01 6.628536e+02 4.220901e-02 1.071322e-01 5.666282e-01
5.199999e-03 1.000000e+01 4.000000e+00 4.501372e-03 5.517889e+00 9.470760e-01 6.953546e+02 4.428272e-02 1.131227e-01 5.499535e-01
5.599999e-03 1.000000e+01 4.000000e+00 4.706611e-03 5.520373e+00 9.358459e-01 7.307258e+02 4.652927e-02 1.063126e-01 5.256937e-01
5.999999e-03 1.000000e+01 4.000000e+00 4.932246e-03 5.522935e+00 9.462842e-01 7.659968e+02 4.877314e-02 9.920382e-02 5.121204e-01
6.399998e-03 1.000000e+01 4.000000e+00 5.173576e-03 5.525338e+00 9.567650e-01 8.011184e+02 5.101355e-02 1.028563e-01 4.934266e-01
6.799998e-03 1.000000e+01 4.000000e+00 5.368019e-03 5.527857e+00 9.608423e-01 8.350107e+02 5.317123e-02 8.711326e-02 4.808505e-01
7.199998e-03 1.000000e+01 4.000000e+00 5.584775e-03 5.530322e+00 9.622511e-01 8.739808e+02 5.565149e-02 9.677231e-02 4.671179e-01
7.599998e-03 1.000000e+01 4.000000e+00 5.777501e-03 5.532726e+00 9.526547e-01 9.090826e+02 5.788625e-02 1.009328e-01 4.503258e-01
7.999998e-03 1.000000e+01 4.000000e+00 6.017076e-03 5.535334e+00 9.559698e-01 9.426784e+02 6.002102e-02 9.400415e-02 4.440269e-01
8.399998e-03 1.000000e+01 4.000000e+00 6.171752e-03 5.537864e+00 9.609736e-01 9.754211e+02 6.210070e-02 8.992946e-02 4.329188e-01
8.799998e-03 1.000000e+01 4.000000e+00 6.335075e-03 5.540549e+00 9.533322e-01 1.002881e+03 6.385612e-02 7.970333e-02 4.235159e-01
9.199998e-03 1.000000e+01 4.000000e+00 6.501961e-03 5.543164e+00 9.589243e-01 1.030953e+03 6.563850e-02 9.198689e-02 4.144349e-01
9.599999e-03 1.000000e+01 4.000000e+00 6.692061e-03 5.545932e+00 9.509057e-01 1.057353e+03 6.732310e-02 7.330537e-02 4.044176e-01
9.999999e-03 1.000000e+01 4.000000e+00 6.839892e-03 5.548827e+00 9.680272e-01 1.088759e+03 6.932477e-02 8.354783e-02 3.968786e-01
1.040000e-02 1.000000e+01 4.000000e+00 6.985524e-03 5.551748e+00 9.642476e-01 1.112130e+03 7.081725e-02 8.952284e-02 3.888218e-01
1.080000e-02 1.000000e+01 4.000000e+00 7.104831e-03 5.554853e+00 9.725311e-01 1.139153e+03 7.253084e-02 7.327890e-02 3.823991e-01
1.120000e-02 1.000000e+01 4.000000e+00 7.218454e-03 5.557970e+00 9.692475e-01 1.160523e+03 7.389999e-02 7.463825e-02 3.733222e-01
1.160000e-02 1.000000e+01 4.000000e+00 7.307577e-03 5.561246e+00 9.775639e-01 1.190308e+03 7.580014e-02 7.548690e-02 3.716902e-01
1.200000e-02 1.000000e+01 4.000000e+00 7.374896e-03 5.564769e+00 9.687394e-01 1.199273e+03 7.636428e-02 7.147872e-02 3.642039e-01
1.240000e-02 1.000000e+01 4.000000e+00 7.422756e-03 5.568227e+00 9.678498e-01 1.214034e+03 7.730325e-02 6.938791e-02 3.603985e-01
1.280000e-02 1.000000e+01 4.000000e+00 7.474972e-03 5.571568e+00 9.614394e-01 1.231796e+03 7.843841e-02 7.617748e-02 3.561376e-01
1.320000e-02 1.000000e+01 4.000000e+00 7.526972e-03 5.575498e+00 9.540166e-01 1.241397e+03 7.905377e-02 6.805491e-02 3.514655e-01
1.360000e-02 1.000000e+01 4.000000e+00 7.533490e-03 5.578988e+00 9.627388e-01 1.257000e+03 8.004639e-02 7.295501e-02 3.458722e-01
1.400000e-02 1.000000e+01 4.000000e+00 7.531032e-03 5.582910e+00 9.718435e-01 1.262697e+03 8.040962e-02 7.029760e-02 3.449606e-01
1.440000e-02 1.000000e+01 4.000000e+00 7.546642e-03 5.586674e+00 9.522098e-01 1.266293e+03 8.063117e-02 6.863046e-02 3.399148e-01
1.480000e-02 1.000000e+01 4.000000e+00 7.546262e-03 5.590410e+00 9.612882e-01 1.278303e+03 8.139957e-02 5.413473e-02 3.381366e-01
1.520000e-02 1.000000e+01 4.000000e+00 7.539340e-03 5.594323e+00 9.594041e-01 1.278598e+03 8.141989e-02 7.896078e-02 3.363291e-01
1.560000e-02 1.000000e+01 4.000000e+00 7.515123e-03 5.598121e+00 9.649809e-01 1.294811e+03 8.245307e-02 5.977476e-02 3.324282e-01
1.600000e-02 1.000000e+01 4.000000e+00 7.480770e-03 5.602046e+00 9.662132e-01 1.295769e+03 8.251759e-02 6.152380e-02 3.276436e-01
1.640000e-02 1.000000e+01 4.000000e+00 7.408969e-03 5.606196e+00 9.636229e-01 1.298272e+03 8.267283e-02 6.343913e-02 3.280325e-01
1.680000e-02 1.000000e+01 4.000000e+00 7.343459e-03 5.609963e+00 9.697704e-01 1.297681e+03 8.263060e-02 6.882167e-02 3.239219e-01
1.720000e-02 1.000000e+01 4.000000e+00 7.281276e-03 5.613770e+00 9.704589e-01 1.303639e+03 8.301280e-02 6.349289e-02 3.207959e-01
1.760000e-02 1.000000e+01 4.000000e+00 7.230548e-03 5.617541e+00 9.609388e-01 1.293641e+03 8.237961e-02 6.302381e-02 3.179179e-01
1.800000e-02 1.000000e+01 4.000000e+00 7.202758e-03 5.621454e+00 9.708739e-01 1.305313e+03 8.312098e-02 5.901754e-02 3.176823e-01
1.840000e-02 1.000000e+01 4.000000e+00 7.061052e-03 5.625325e+00 9.657610e-01 1.311350e+03 8.350670e-02 5.408442e-02 3.148084e-01
1.880000e-02 1.000000e+01 4.000000e+00 7.010215e-03 5.629181e+00 9.735019e-01 1.308445e+03 8.331744e-02 5.997038e-02 3.144637e-01
1.920000e-02 1.000000e+01 4.000000e+00 6.937400e-03 5.633080e+00 9.650567e-01 1.310729e+03 8.347218e-02 5.988419e-02 3.113179e-01
1.960000e-02 1.000000e+01 4.000000e+00 6.797058e-03 5.636904e+00 9.523840e-01 1.311758e+03 8.353078e-02 5.382252e-02 3.088406e-01
2.000000e-02 1.000000e+01 4.000000e+00 6.754156e-03 5.640590e+00 9.559153e-01 1.313212e+03 8.362860e-02 5.771017e-02 3.056060e-01
2.040000e-02 1.000000e+01 4.000000e+00 6.675864e-03 5.644192e+00 9.696786e-01 1.315414e+03 8.375849e-02 4.626524e-02 3.033017e-01
2.079999e-02 1.000000e+01 4.000000e+00 6.572212e-03 5.648151e+00 9.613879e-01 1.320493e+03 8.408704e-02 5.502903e-02 3.000902e-01
2.119999e-02 1.000000e+01 4.000000e+00 6.489254e-03 5.651720e+00 9.736885e-01 1.317072e+03 8.386974e-02 5.114233e-02 2.974330e-01
2.159999e-02 1.000000e+01 4.000000e+00 6.358499e-03 5.655480e+00 9.711494e-01 1.327714e+03 8.454315e-02 4.686391e-02 2.939953e-01
2.199999e-02 1.000000e+01 4.000000e+00 6.334969e-03 5.658627e+00 9.852934e-01 1.331216e+03 8.477137e-02 5.470181e-02 2.878164e-01
2.239999e-02 1.000000e+01 4.000000e+00 6.245815e-03 5.662089e+00 9.917360e-01 1.341832e+03 8.544499e-02 5.419433e-02 2.882351e-01
2.279999e-02 1.000000e+01 4.000000e+00 6.176019e-03 5.665409e+00 9.730841e-01 1.341450e+03 8.541984e-02 4.542303e-02 2.817115e-01
2.319999e-02 1.000000e+01 4.000000e+00 6.104148e-03 5.668520e+00 9.799762e-01 1.350711e+03 8.601250e-02 5.259001e-02 2.789674e-01
2.359999e-02 1.000000e+01 4.000000e+00 6.024818e-03 5.671475e+00 9.703307e-01 1.355870e+03 8.634485e-02 4.503715e-02 2.733958e-01
2.399999e-02 1.000000e+01 4.000000e+00 5.974322e-03 5.674404e+00 9.774021e-01 1.365076e+03 8.691983e-02 5.118835e-02 2.692157e-01
2.439999e-02 1.000000e+01 4.000000e+00 5.887539e-03 5.676773e+00 9.719988e-01 1.376154e+03 8.763323e-02 5.052137e-02 2.617102e-01
2.479999e-02 1.000000e+01 4.000000e+00 5.846437e-03 5.679158e+00 9.824688e-01 1.388714e+03 8.842796e-02 4.943311e-02 2.573196e-01
2.519999e-02 1.000000e+01 4.000000e+00 5.770859e-03 5.681393e+00 9.840591e-01 1.401135e+03 8.921587e-02 4.614151e-02 2.517320e-01
2.559999e-02 1.000000e+01 4.000000e+00 5.767002e-03 5.683496e+00 9.730604e-01 1.430902e+03 9.111559e-02 4.064703e-02 2.460722e-01
2.599999e-02 1.000000e+01 4.000000e+00 5.771285e-03 5.685408e+00 9.765641e-01 1.447275e+03 9.215847e-02 4.820216e-02 2.389954e-01
2.639998e-02 1.000000e+01 4.000000e+00 5.696113e-03 5.686942e+00 9.555110e-01 1.463285e+03 9.317626e-02 3.362286e-02 2.342790e-01
2.679998e-02 1.000000e+01 4.000000e+00 5.726969e-03 5.688231e+00 9.707405e-01 1.489179e+03 9.482838e-02 4.092717e-02 2.259758e-01
2.719998e-02 1.000000e+01 4.000000e+00 5.703508e-03 5.689477e+00 9.676021e-01 1.511006e+03 9.621278e-02 3.469348e-02 2.198241e-01
2.759998e-02 1.000000e+01 4.000000e+00 5.747332e-03 5.690401e+00 9.873902e-01 1.553717e+03 9.892835e-02 3.467941e-02 2.129282e-01
2.799998e-02 1.000000e+01 4.000000e+00 5.750469e-03 5.690933e+00 9.895070e-01 1.588194e+03 1.011294e-01 3.995299e-02 2.064819e-01
2.839998e-02 1.000000e+01 4.000000e+00 5.835636e-03 5.691087e+00 9.762486e-01 1.632015e+03 1.039199e-01 3.456366e-02 1.979711e-01
2.879998e-02 1.000000e+01 4.000000e+00 5.893603e-03 5.690996e+00 9.674159e-01 1.672621e+03 1.065059e-01 3.172135e-02 1.922023e-01
2.919998e-02 1.000000e+01 4.000000e+00 5.938329e-03 5.690886e+00 9.664252e-01 1.712303e+03 1.090277e-01 2.785957e-02 1.851994e-01
2.959998e-02 1.000000e+01 4.000000e+00 6.145683e-03 5.690083e+00 9.822323e-01 1.778616e+03 1.132565e-01 2.924967e-02 1.767992e-01
2.999998e-02 1.000000e+01 4.000000e+00 6.201183e-03 5.689137e+00 9.766232e-01 1.826172e+03 1.162789e-01 3.151441e-02 1.707034e-01
3.039998e-02 1.000000e+01 4.000000e+00 6.358154e-03 5.687834e+00 9.846565e-01 1.893681e+03 1.205792e-01 2.742994e-02 1.633469e-01
3.079998e-02 1.000000e+01 4.000000e+00 6.619041e-03 5.686181e+00 9.943013e-01 1.968038e+03 1.253121e-01 1.918256e-02 1.554332e-01
3.119998e-02 1.000000e+01 4.000000e+00 6.847062e-03 5.683913e+00 9.921893e-01 2.036293e+03 1.296597e-01 2.179897e-02 1.503205e-01
3.159998e-02 1.000000e+01 4.000000e+00 7.037808e-03 5.681426e+00 9.824556e-01 2.124972e+03 1.353041e-01 2.551079e-02 1.428787e-01
3.199998e-02 1.000000e+01 4.000000e+00 7.377252e-03 5.678441e+00 9.794191e-01 2.214178e+03 1.409895e-01 2.603090e-02 1.349972e-01
3.239997e-02 1.000000e+01 4.000000e+00 7.691086e-03 5.675175e+00 9.797814e-01 2.308025e+03 1.469611e-01 1.903558e-02 1.288480e-01
3.279997e-02 1.000000e+01 4.000000e+00 8.065741e-03 5.671205e+00 9.832281e-01 2.410811e+03 1.535102e-01 2.652705e-02 1.227329e-01
3.319997e-02 1.000000e+01 4.000000e+00 8.469947e-03 5.666995e+00 9.743059e-01 2.516276e+03 1.602036e-01 2.474952e-02 1.170477e-01
3.359997e-02 1.000000e+01 4.000000e+00 8.922823e-03 5.662219e+00 9.887076e-01 2.632753e+03 1.676135e-01 1.718915e-02 1.105976e-01
3.399997e-02 1.000000e+01 4.000000e+00 9.476502e-03 5.657071e+00 9.790115e-01 2.756046e+03 1.754580e-01 1.011097e-02 1.050552e-01
3.439997e-02 1.000000e+01 4.000000e+00 1.010240e-02 5.651372e+00 9.786698e-01 2.898991e+03 1.845464e-01 1.510227e-02 9.965491e-02
3.479997e-02 1.000000e+01 4.000000e+00 1.069231e-02 5.645646e+00 9.741696e-01 3.026209e+03 1.926316e-01 8.768320e-03 9.469163e-02
3.519997e-02 1.000000e+01 4.000000e+00 1.144257e-02 5.638982e+00 9.885194e-01 3.175388e+03 2.021235e-01 1.200438e-02 8.908772e-02
3.559997e-02 1.000000e+01 4.000000e+00 1.220043e-02 5.632193e+00 9.863386e-01 3.338109e+03 2.124677e-01 9.106278e-03 8.424628e-02
3.599997e-02 1.000000e+01 4.000000e+00 1.307405e-02 5.625251e+00 9.966013e-01 3.511445e+03 2.234826e-01 1.266611e-02 7.977760e-02
3.639997e-02 1.000000e+01 4.000000e+00 1.397955e-02 5.617560e+00 9.966196e-01 3.698143e+03 2.353681e-01 5.934238e-03 7.535219e-02
3.679997e-02 1.000000e+01 4.000000e+00 1.502390e-02 5.609396e+00 9.919539e-01 3.868788e+03 2.462134e-01 1.264298e-02 7.096612e-02
3.719997e-02 1.000000e+01 4.000000e+00 1.609575e-02 5.601490e+00 9.975346e-01 4.035884e+03 2.568147e-01 5.402088e-03 6.698287e-02
3.759997e-02 1.000000e+01 4.000000e+00 1.727567e-02 5.593173e+00 9.952739e-01 4.238583e+03 2.697189e-01 8.651733e-03 6.295514e-02
3.799997e-02 1.000000e+01 4.000000e+00 1.855863e-02 5.584711e+00 9.984082e-01 4.442584e+03 2.826807e-01 4.713774e-03 5.952573e-02
3.839996e-02 1.000000e+01 4.000000e+00 1.993112e-02 5.575610e+00 9.933513e-01 4.645023e+03 2.956426e-01 7.762194e-03 5.568552e-02
3.879996e-02 1.000000e+01 4.000000e+00 2.135027e-02 5.566684e+00 9.904355e-01 4.858648e+03 3.091521e-01 8.260965e-03 5.239069e-02
3.919996e-02 1.000000e+01 4.000000e+00 2.287490e-02 5.557305e+00 9.900137e-01 5.062723e+03 3.221694e-01 8.141518e-03 4.965591e-02
3.959996e-02 1.000000e+01 4.000000e+00 2.443652e-02 5.548104e+00 1.005346e+00 5.302553e+03 3.373918e-01 6.850123e-03 4.633951e-02
4.000000e-02 1.000000e+01 4.000000e+00 2.601407e-02 5.538447e+00 1.010763e+00 5.559670e+03 3.537743e-01 1.078129e-02 4.383004e-02
