#./munderdamped_3d --dev=2 --amp=120 --omega=1 --mass=0.01 --force=0 --Dg=0.01 --block=256 --paths=4096 --periods=1000 --trans=100 --samples=100 --spp=10000 --algorithm=euler --pav=1 --mode=moments --domain=1d --domainx=a:-1:3:300:1 --domainy=s:-1:2:100:1 --domainz=a:-1:2.5:100:1 --q=2 --eps=0 --phi=1.57079632679 --lambda=20.0 --zeta=0.05 --comp=0 --mean=1.0 --second=13.0 --skew=0.99 --distribution=s>> 1D_a:-1:3:300:1_13.0_20.0_0.99_1.0_0.01.dat
#a <<v>> <<v^2>> qnu(q) mu_q Dx Gx Gv EBx EBv
1.000000e-01 1.008740e+00 1.331801e+04 9.986233e-01 1.751117e+06 1.393532e+02 2.300739e-05 8.201005e+00 3.421307e-05 4.847777e-02
1.031177e-01 1.007729e+00 1.331808e+04 1.010576e+00 1.766109e+06 1.405520e+02 3.039074e-02 4.721586e+00 3.397465e-05 4.913926e-02
1.063327e-01 9.998330e-01 1.331558e+04 1.002393e+00 1.744613e+06 1.388353e+02 1.771331e-03 7.294833e+00 3.564358e-05 4.967940e-02
1.096478e-01 1.009484e+00 1.331986e+04 1.013319e+00 1.752987e+06 1.394987e+02 -1.988596e-02 6.958704e+00 3.504753e-05 4.854798e-02
1.130663e-01 1.009227e+00 1.331992e+04 1.008937e+00 1.763777e+06 1.403597e+02 1.893127e-02 1.005660e+01 3.230572e-05 4.836130e-02
1.165914e-01 1.009672e+00 1.331923e+04 1.017340e+00 1.765226e+06 1.404756e+02 5.070627e-02 5.678947e+00 3.552437e-05 4.866123e-02
1.202264e-01 1.013770e+00 1.332000e+04 1.010103e+00 1.860347e+06 1.480440e+02 3.239989e-03 5.239678e+00 3.468990e-05 5.130053e-02
1.239747e-01 1.010593e+00 1.331948e+04 9.973128e-01 1.747880e+06 1.390865e+02 -6.259024e-03 5.453265e+00 3.385544e-05 4.817605e-02
1.278399e-01 1.007733e+00 1.331779e+04 1.030438e+00 1.775850e+06 1.413226e+02 -2.378905e-02 7.162462e+00 3.778934e-05 4.934907e-02
1.318256e-01 1.003912e+00 1.331778e+04 1.017126e+00 1.832379e+06 1.458308e+02 3.389931e-02 5.788055e+00 3.838539e-05 5.182981e-02
1.359356e-01 1.018558e+00 1.331791e+04 1.024373e+00 1.817072e+06 1.445974e+02 -3.628880e-02 7.288208e+00 3.695488e-05 4.957831e-02
1.401737e-01 1.007503e+00 1.331904e+04 1.025887e+00 1.832163e+06 1.457952e+02 -2.485186e-02 6.066634e+00 3.337860e-05 5.050075e-02
1.445439e-01 1.011879e+00 1.331926e+04 1.054726e+00 1.855606e+06 1.476570e+02 1.108730e-02 5.467303e+00 3.874302e-05 5.120468e-02
1.490504e-01 1.013842e+00 1.332057e+04 1.014118e+00 1.761803e+06 1.401986e+02 1.237965e-02 6.899144e+00 3.385544e-05 4.875755e-02
1.536974e-01 1.005131e+00 1.331912e+04 1.018404e+00 1.769918e+06 1.408470e+02 -1.481342e-02 6.336917e+00 3.254414e-05 4.994929e-02
1.584892e-01 1.010410e+00 1.331977e+04 1.032632e+00 1.825142e+06 1.452489e+02 -1.942116e-02 5.832117e+00 3.814697e-05 5.036891e-02
1.634305e-01 1.007120e+00 1.331816e+04 1.013734e+00 1.815092e+06 1.444474e+02 -1.280922e-02 5.879829e+00 3.790855e-05 4.990876e-02
1.685258e-01 1.010936e+00 1.331810e+04 1.016840e+00 1.805035e+06 1.436520e+02 -3.678018e-02 6.273371e+00 3.969669e-05 4.959285e-02
1.737800e-01 1.010334e+00 1.331690e+04 9.980709e-01 1.808645e+06 1.439238e+02 4.292619e-02 5.800032e+00 3.600121e-05 4.942977e-02
1.791980e-01 1.008453e+00 1.332137e+04 1.038812e+00 1.797545e+06 1.430456e+02 -1.176476e-03 6.086327e+00 3.671646e-05 5.092406e-02
1.847849e-01 1.010734e+00 1.332011e+04 1.038983e+00 1.820165e+06 1.448495e+02 5.077434e-02 9.585837e+00 3.349781e-05 4.987895e-02
1.905460e-01 1.009428e+00 1.331888e+04 9.884633e-01 1.779198e+06 1.415995e+02 1.893437e-02 7.331786e+00 3.325939e-05 4.932547e-02
1.964867e-01 1.010060e+00 1.331918e+04 1.029748e+00 1.784718e+06 1.420213e+02 4.988194e-03 6.067885e+00 3.397465e-05 4.979539e-02
2.026126e-01 1.010833e+00 1.332003e+04 1.020013e+00 1.814612e+06 1.444131e+02 -7.185459e-03 4.668042e+00 3.576279e-05 5.021524e-02
2.089295e-01 1.013581e+00 1.332018e+04 1.046265e+00 1.812334e+06 1.442138e+02 -2.406251e-02 5.441537e+00 3.278255e-05 4.912829e-02
2.154433e-01 1.004500e+00 1.331824e+04 1.014737e+00 1.818868e+06 1.447505e+02 -1.560146e-02 5.435124e+00 3.874302e-05 5.117011e-02
2.221602e-01 1.012547e+00 1.331834e+04 1.039072e+00 1.836878e+06 1.461705e+02 1.764953e-02 6.638895e+00 3.361702e-05 4.936349e-02
2.290866e-01 1.006504e+00 1.331986e+04 1.034587e+00 1.869856e+06 1.487997e+02 2.692080e-02 1.122268e+01 3.528595e-05 5.151927e-02
2.362289e-01 1.013853e+00 1.331910e+04 1.053794e+00 1.837216e+06 1.461934e+02 -1.982093e-03 6.460947e+00 3.850460e-05 5.021822e-02
2.435938e-01 1.010099e+00 1.331814e+04 1.005270e+00 1.760389e+06 1.400844e+02 -5.831242e-03 7.060418e+00 3.671646e-05 4.906166e-02
2.511884e-01 1.011886e+00 1.332025e+04 1.023074e+00 1.838858e+06 1.463261e+02 -2.256078e-02 6.121673e+00 3.695488e-05 5.012500e-02
2.590198e-01 1.010681e+00 1.331908e+04 1.015630e+00 1.824580e+06 1.451977e+02 2.068830e-02 5.188234e+00 3.731251e-05 5.054581e-02
2.670953e-01 1.011935e+00 1.332043e+04 1.004595e+00 1.778806e+06 1.415483e+02 -9.408891e-03 4.634535e+00 3.397465e-05 4.889965e-02
2.754226e-01 1.009144e+00 1.331888e+04 1.001944e+00 1.772204e+06 1.410329e+02 2.703464e-02 6.764865e+00 3.480911e-05 4.899597e-02
2.840095e-01 1.011027e+00 1.331971e+04 1.000945e+00 1.723214e+06 1.371346e+02 1.834023e-02 9.300319e+00 3.468990e-05 4.765022e-02
2.928641e-01 1.011011e+00 1.332072e+04 1.037433e+00 1.855518e+06 1.476480e+02 2.293313e-02 4.855392e+00 3.290176e-05 5.178177e-02
3.019949e-01 1.004842e+00 1.332027e+04 9.933670e-01 1.761842e+06 1.401993e+02 9.584188e-03 4.365585e+00 3.767014e-05 4.827607e-02
3.114102e-01 1.006169e+00 1.331828e+04 9.880278e-01 1.746726e+06 1.389977e+02 -3.779161e-02 8.238833e+00 3.385544e-05 4.875541e-02
3.211191e-01 1.015493e+00 1.332144e+04 1.046201e+00 1.861315e+06 1.481115e+02 5.095255e-02 8.436036e+00 3.564358e-05 5.074668e-02
3.311307e-01 1.003947e+00 1.331753e+04 1.002152e+00 1.770463e+06 1.408846e+02 -7.281244e-03 8.074207e+00 3.492832e-05 4.919159e-02
3.414545e-01 1.012835e+00 1.332062e+04 1.006799e+00 1.761966e+06 1.402165e+02 -1.642275e-02 7.027634e+00 3.361702e-05 4.895949e-02
3.521001e-01 1.013425e+00 1.331956e+04 1.000759e+00 1.736601e+06 1.381952e+02 5.708826e-02 5.354900e+00 3.421307e-05 4.706478e-02
3.630776e-01 1.009612e+00 1.331716e+04 1.052288e+00 1.856120e+06 1.477031e+02 2.369070e-02 6.551623e+00 3.802776e-05 5.149639e-02
3.743974e-01 1.007104e+00 1.332070e+04 1.014471e+00 1.815013e+06 1.444373e+02 1.222134e-02 5.800633e+00 3.898144e-05 5.094779e-02
3.860700e-01 1.008189e+00 1.331830e+04 1.017558e+00 1.822876e+06 1.450624e+02 6.186378e-02 6.489054e+00 3.540516e-05 4.989958e-02
3.981066e-01 1.009862e+00 1.332008e+04 1.047815e+00 1.878285e+06 1.494646e+02 1.501071e-02 4.851923e+00 3.802776e-05 5.195117e-02
4.105185e-01 1.002494e+00 1.331779e+04 1.018918e+00 1.803636e+06 1.435294e+02 1.806939e-02 7.544122e+00 3.540516e-05 5.155957e-02
4.233173e-01 1.004913e+00 1.331925e+04 1.033609e+00 1.826034e+06 1.453005e+02 2.495646e-03 7.111451e+00 3.755093e-05 5.112290e-02
4.365152e-01 1.009742e+00 1.331882e+04 9.896870e-01 1.745605e+06 1.389003e+02 -3.320378e-02 8.552427e+00 3.385544e-05 4.877496e-02
4.501246e-01 1.008197e+00 1.332017e+04 9.934534e-01 1.782649e+06 1.418539e+02 2.872109e-03 7.301857e+00 3.874302e-05 4.973829e-02
4.641582e-01 1.009296e+00 1.331791e+04 1.022074e+00 1.878897e+06 1.495178e+02 3.562331e-03 5.481750e+00 3.731251e-05 5.077100e-02
4.786294e-01 1.012864e+00 1.332024e+04 1.004427e+00 1.742784e+06 1.386876e+02 -5.426586e-03 4.942063e+00 3.480911e-05 4.774129e-02
4.935517e-01 1.017623e+00 1.332100e+04 1.002897e+00 1.748239e+06 1.391167e+02 2.782476e-02 8.102324e+00 3.838539e-05 4.793954e-02
5.089393e-01 1.010398e+00 1.332024e+04 1.029659e+00 1.825856e+06 1.452989e+02 -2.654558e-02 5.012551e+00 3.683567e-05 5.097544e-02
5.248066e-01 1.008880e+00 1.331961e+04 1.019338e+00 1.850729e+06 1.472721e+02 9.244680e-04 7.819944e+00 3.564358e-05 5.147433e-02
5.411686e-01 1.006468e+00 1.331707e+04 9.912555e-01 1.747641e+06 1.390871e+02 -2.435571e-02 5.364090e+00 3.600121e-05 4.816186e-02
5.580408e-01 1.003276e+00 1.331944e+04 1.015985e+00 1.851910e+06 1.473625e+02 3.017068e-03 5.742399e+00 3.635883e-05 5.198061e-02
5.754390e-01 1.013759e+00 1.331738e+04 1.028642e+00 1.838470e+06 1.463045e+02 4.217982e-03 6.952754e+00 3.743172e-05 5.017257e-02
5.933796e-01 1.010490e+00 1.331595e+04 9.946768e-01 1.713543e+06 1.363598e+02 2.256465e-02 8.602861e+00 3.671646e-05 4.696929e-02
6.118796e-01 1.005660e+00 1.331904e+04 1.002176e+00 1.823407e+06 1.451137e+02 -1.291847e-02 7.197761e+00 3.385544e-05 5.173409e-02
6.309564e-01 1.006852e+00 1.331810e+04 1.045739e+00 1.888874e+06 1.503088e+02 -5.088997e-02 6.297283e+00 3.743172e-05 5.313170e-02
6.506279e-01 1.009535e+00 1.331800e+04 1.004865e+00 1.738932e+06 1.383964e+02 -1.503861e-02 6.465664e+00 3.123283e-05 4.776847e-02
6.709126e-01 1.011661e+00 1.331979e+04 1.049906e+00 1.853497e+06 1.474851e+02 -1.579726e-02 6.044927e+00 3.743172e-05 5.129504e-02
6.918299e-01 1.009648e+00 1.331715e+04 1.000266e+00 1.776778e+06 1.413939e+02 -1.253498e-02 8.466157e+00 3.516674e-05 4.965186e-02
7.133992e-01 1.011501e+00 1.331827e+04 9.850624e-01 1.734945e+06 1.380692e+02 -1.726681e-02 5.846907e+00 3.683567e-05 4.813302e-02
7.356411e-01 1.008612e+00 1.332010e+04 9.848914e-01 1.766818e+06 1.406134e+02 8.618951e-03 4.806569e+00 3.695488e-05 4.901576e-02
7.585764e-01 1.014173e+00 1.331946e+04 1.022073e+00 1.848616e+06 1.471130e+02 9.237051e-03 4.944089e+00 3.349781e-05 5.159569e-02
7.822267e-01 1.010814e+00 1.331836e+04 1.012913e+00 1.808715e+06 1.439362e+02 -1.259327e-03 5.966586e+00 3.385544e-05 4.973161e-02
8.066144e-01 1.014062e+00 1.332022e+04 1.006696e+00 1.730436e+06 1.377031e+02 1.728320e-02 1.039625e+01 3.278255e-05 4.785621e-02
8.317624e-01 1.009157e+00 1.331953e+04 9.880435e-01 1.778842e+06 1.415527e+02 -1.330495e-03 4.638147e+00 3.254414e-05 4.877484e-02
8.576946e-01 1.008192e+00 1.331817e+04 1.037776e+00 1.787061e+06 1.422119e+02 -1.634610e-02 4.993232e+00 3.755093e-05 5.035448e-02
8.844351e-01 1.006858e+00 1.331834e+04 1.020492e+00 1.795357e+06 1.428677e+02 -2.200794e-02 5.946342e+00 3.910065e-05 4.957855e-02
9.120094e-01 1.010770e+00 1.331679e+04 9.908057e-01 1.762583e+06 1.402769e+02 4.925251e-03 4.541141e+00 3.254414e-05 4.817748e-02
9.404434e-01 1.009503e+00 1.331849e+04 1.024631e+00 1.759689e+06 1.400439e+02 -4.586828e-02 7.760162e+00 3.147125e-05 4.958546e-02
9.697639e-01 1.017040e+00 1.332046e+04 1.031842e+00 1.833340e+06 1.458894e+02 -1.054347e-03 5.632571e+00 3.218651e-05 5.012596e-02
9.999985e-01 1.007680e+00 1.331999e+04 1.022764e+00 1.807267e+06 1.438181e+02 6.114602e-03 9.712612e+00 3.373623e-05 5.010939e-02
1.031176e+00 1.010899e+00 1.332043e+04 1.024616e+00 1.802559e+06 1.434374e+02 -3.702611e-02 5.593022e+00 3.874302e-05 4.926038e-02
1.063325e+00 1.014761e+00 1.331737e+04 1.015905e+00 1.842312e+06 1.466053e+02 -6.837368e-03 4.807487e+00 3.170967e-05 5.055058e-02
1.096476e+00 1.010149e+00 1.331714e+04 1.043931e+00 1.826726e+06 1.453635e+02 -3.091174e-02 4.967754e+00 3.671646e-05 5.120707e-02
1.130662e+00 1.014500e+00 1.331879e+04 9.864692e-01 1.741211e+06 1.385597e+02 2.527547e-02 7.761257e+00 3.540516e-05 4.764295e-02
1.165913e+00 1.014097e+00 1.332089e+04 1.036473e+00 1.770646e+06 1.408980e+02 8.413792e-03 4.418160e+00 3.564358e-05 4.913664e-02
1.202263e+00 1.010705e+00 1.331996e+04 1.022189e+00 1.820391e+06 1.448488e+02 -7.430613e-03 5.710948e+00 3.671646e-05 5.088568e-02
1.239746e+00 1.009279e+00 1.331986e+04 1.000907e+00 1.772317e+06 1.410367e+02 -3.189975e-02 5.582533e+00 4.100800e-05 4.986513e-02
1.278398e+00 1.014626e+00 1.331894e+04 1.000333e+00 1.764950e+06 1.404476e+02 -4.833418e-02 4.630832e+00 3.671646e-05 4.821777e-02
1.318255e+00 1.015636e+00 1.332026e+04 9.780815e-01 1.676780e+06 1.334339e+02 2.159178e-02 5.663232e+00 3.886223e-05 4.601109e-02
1.359354e+00 1.014715e+00 1.332064e+04 1.021469e+00 1.829162e+06 1.455561e+02 -2.652240e-02 6.686039e+00 3.612041e-05 5.004621e-02
1.401735e+00 1.011806e+00 1.331877e+04 1.015579e+00 1.782111e+06 1.418157e+02 -5.681694e-03 5.398678e+00 3.814697e-05 4.947817e-02
1.445438e+00 1.017884e+00 1.331981e+04 1.024395e+00 1.805537e+06 1.436762e+02 5.745053e-03 5.827000e+00 3.206730e-05 4.906762e-02
1.490502e+00 1.013883e+00 1.331855e+04 1.039944e+00 1.868489e+06 1.486803e+02 7.002831e-03 5.199171e+00 3.325939e-05 5.138707e-02
1.536972e+00 1.012673e+00 1.331990e+04 1.019650e+00 1.805365e+06 1.436787e+02 -2.410775e-02 5.842042e+00 3.254414e-05 4.966664e-02
1.584891e+00 1.019351e+00 1.331946e+04 9.953847e-01 1.730194e+06 1.376897e+02 6.742704e-02 6.513616e+00 3.397465e-05 4.730761e-02
1.634303e+00 1.015290e+00 1.331840e+04 1.011471e+00 1.755756e+06 1.397250e+02 -1.136434e-02 7.298375e+00 3.182888e-05 4.804301e-02
1.685256e+00 1.014562e+00 1.331965e+04 1.012111e+00 1.777619e+06 1.414684e+02 -2.627861e-02 5.174758e+00 3.540516e-05 4.952025e-02
1.737798e+00 1.019487e+00 1.332057e+04 1.062383e+00 1.835214e+06 1.460457e+02 1.974845e-02 4.964234e+00 4.076958e-05 5.062985e-02
1.791978e+00 1.021158e+00 1.331969e+04 1.049564e+00 1.833030e+06 1.458604e+02 -2.686125e-02 6.876462e+00 3.540516e-05 4.907823e-02
1.847847e+00 1.019952e+00 1.331845e+04 1.025848e+00 1.837320e+06 1.462090e+02 2.100754e-02 5.803066e+00 3.981590e-05 4.989243e-02
1.905458e+00 1.015095e+00 1.332080e+04 1.005493e+00 1.777094e+06 1.414085e+02 -3.600538e-02 6.527203e+00 3.433228e-05 4.881883e-02
1.964865e+00 1.019744e+00 1.331908e+04 1.035475e+00 1.800797e+06 1.432932e+02 -2.849215e-02 4.659572e+00 3.099442e-05 4.910052e-02
2.026124e+00 1.019120e+00 1.331952e+04 9.800771e-01 1.726502e+06 1.373956e+02 -2.333325e-02 8.473413e+00 3.385544e-05 4.645979e-02
2.089293e+00 1.016209e+00 1.331589e+04 9.940999e-01 1.722041e+06 1.370302e+02 1.507795e-02 6.039401e+00 3.910065e-05 4.767287e-02
2.154431e+00 1.018803e+00 1.331933e+04 1.052495e+00 1.808628e+06 1.439213e+02 -2.060115e-03 5.027880e+00 3.421307e-05 4.982364e-02
2.221600e+00 1.019448e+00 1.331915e+04 1.034312e+00 1.842492e+06 1.466228e+02 -1.346827e-02 1.076943e+01 3.623962e-05 4.994047e-02
2.290864e+00 1.016450e+00 1.331660e+04 9.842441e-01 1.729163e+06 1.376047e+02 -1.703167e-02 8.149731e+00 3.218651e-05 4.740405e-02
2.362287e+00 1.025892e+00 1.331762e+04 1.010050e+00 1.747274e+06 1.390435e+02 -5.397975e-03 9.789749e+00 3.492832e-05 4.630005e-02
2.435936e+00 1.018182e+00 1.331718e+04 1.032810e+00 1.829150e+06 1.455507e+02 2.460277e-02 6.236440e+00 2.992153e-05 4.989350e-02
2.511882e+00 1.019477e+00 1.331906e+04 1.017212e+00 1.805883e+06 1.437214e+02 1.513124e-03 5.662772e+00 3.361702e-05 4.830599e-02
2.590195e+00 1.022555e+00 1.331860e+04 1.003878e+00 1.783324e+06 1.419111e+02 -1.729238e-02 6.156756e+00 3.933907e-05 4.838479e-02
2.670950e+00 1.021579e+00 1.331831e+04 1.017942e+00 1.812505e+06 1.442339e+02 -8.417308e-03 5.916567e+00 3.612041e-05 4.904258e-02
2.754223e+00 1.022189e+00 1.331853e+04 1.024605e+00 1.825563e+06 1.452696e+02 1.314044e-02 5.135506e+00 4.041195e-05 4.801619e-02
2.840092e+00 1.020160e+00 1.331591e+04 1.019207e+00 1.826091e+06 1.453177e+02 -1.928508e-02 5.505751e+00 3.790855e-05 4.963195e-02
2.928639e+00 1.026740e+00 1.331802e+04 1.022042e+00 1.834176e+06 1.459741e+02 -1.857007e-02 4.589953e+00 3.683567e-05 4.898834e-02
3.019946e+00 1.028554e+00 1.331678e+04 1.018625e+00 1.808488e+06 1.439210e+02 -4.228991e-02 7.224573e+00 3.778934e-05 4.806209e-02
3.114099e+00 1.028595e+00 1.331794e+04 9.910727e-01 1.728080e+06 1.375159e+02 -2.560019e-02 4.934727e+00 3.564358e-05 4.546177e-02
3.211188e+00 1.026355e+00 1.331715e+04 1.006937e+00 1.769516e+06 1.408127e+02 -4.557163e-02 6.172885e+00 3.635883e-05 4.665732e-02
3.311304e+00 1.028551e+00 1.331830e+04 9.991484e-01 1.777834e+06 1.414811e+02 5.125999e-04 4.636997e+00 3.039837e-05 4.717290e-02
3.414541e+00 1.025695e+00 1.331858e+04 1.021017e+00 1.783664e+06 1.419401e+02 -1.628095e-02 4.919184e+00 3.945827e-05 4.794705e-02
3.520998e+00 1.031193e+00 1.331533e+04 1.040280e+00 1.848885e+06 1.471387e+02 3.010237e-02 6.406603e+00 3.373623e-05 4.953396e-02
3.630773e+00 1.031178e+00 1.331651e+04 1.044282e+00 1.808819e+06 1.439340e+02 -3.150958e-02 4.846998e+00 3.588200e-05 4.854310e-02
3.743970e+00 1.026882e+00 1.331593e+04 1.030790e+00 1.828237e+06 1.454823e+02 -2.319199e-02 1.136111e+01 3.755093e-05 4.851699e-02
3.860697e+00 1.036323e+00 1.331639e+04 1.029765e+00 1.855848e+06 1.476926e+02 -1.174098e-02 7.223597e+00 3.671646e-05 4.874766e-02
3.981063e+00 1.032054e+00 1.331557e+04 1.010576e+00 1.792672e+06 1.426506e+02 -4.560453e-02 7.019912e+00 3.826618e-05 4.748178e-02
4.105181e+00 1.045371e+00 1.331776e+04 1.008126e+00 1.781716e+06 1.417927e+02 -4.361278e-02 5.902743e+00 3.457069e-05 4.656374e-02
4.233170e+00 1.040351e+00 1.331592e+04 1.007217e+00 1.785100e+06 1.420394e+02 -2.854991e-02 6.769928e+00 3.969669e-05 4.643512e-02
4.365148e+00 1.041214e+00 1.331658e+04 1.012059e+00 1.799023e+06 1.431624e+02 -1.781362e-02 5.743638e+00 3.921986e-05 4.658449e-02
4.501241e+00 1.041982e+00 1.331745e+04 1.008096e+00 1.773517e+06 1.411313e+02 -2.661568e-02 5.090602e+00 3.480911e-05 4.596162e-02
4.641578e+00 1.047115e+00 1.331511e+04 1.032301e+00 1.809636e+06 1.440085e+02 1.057422e-02 6.806343e+00 4.041195e-05 4.648113e-02
4.786289e+00 1.048421e+00 1.331526e+04 9.992226e-01 1.770021e+06 1.408665e+02 -1.707488e-02 5.516487e+00 3.659725e-05 4.545820e-02
4.935513e+00 1.051184e+00 1.331550e+04 9.927592e-01 1.760764e+06 1.401111e+02 -2.507156e-02 6.921553e+00 3.647804e-05 4.502535e-02
5.089388e+00 1.054663e+00 1.331564e+04 1.001567e+00 1.790417e+06 1.424771e+02 -1.269090e-02 7.352733e+00 3.790855e-05 4.449010e-02
5.248061e+00 1.055759e+00 1.331429e+04 1.019719e+00 1.822880e+06 1.450624e+02 -2.529854e-02 7.479756e+00 3.182888e-05 4.542458e-02
5.411681e+00 1.060225e+00 1.331284e+04 1.009287e+00 1.813560e+06 1.443134e+02 -2.153891e-02 5.888820e+00 3.755093e-05 4.503548e-02
5.580403e+00 1.063643e+00 1.331468e+04 1.011890e+00 1.785627e+06 1.420926e+02 -2.876699e-02 8.040942e+00 3.445148e-05 4.475653e-02
5.754384e+00 1.065870e+00 1.331308e+04 1.059028e+00 1.863757e+06 1.483095e+02 -3.383905e-02 5.901743e+00 3.731251e-05 4.656553e-02
5.933790e+00 1.069882e+00 1.331293e+04 9.670876e-01 1.730625e+06 1.377187e+02 -5.917150e-02 6.483826e+00 3.397465e-05 4.297924e-02
6.118789e+00 1.074551e+00 1.331375e+04 9.861873e-01 1.737021e+06 1.382181e+02 -3.801584e-03 5.832694e+00 3.230572e-05 4.287231e-02
6.309556e+00 1.076152e+00 1.331070e+04 1.024195e+00 1.756797e+06 1.398033e+02 -9.105921e-03 6.153718e+00 3.111362e-05 4.298711e-02
6.506271e+00 1.083230e+00 1.331214e+04 1.020440e+00 1.826678e+06 1.453591e+02 -1.113063e-02 5.332660e+00 3.468990e-05 4.403031e-02
6.709118e+00 1.082601e+00 1.330979e+04 1.005404e+00 1.741781e+06 1.386068e+02 -3.650391e-02 6.732932e+00 3.397465e-05 4.197240e-02
6.918290e+00 1.082301e+00 1.330913e+04 1.010194e+00 1.764282e+06 1.404046e+02 -8.338213e-03 6.693236e+00 3.397465e-05 4.330766e-02
7.133984e+00 1.090186e+00 1.330900e+04 1.031639e+00 1.817579e+06 1.446346e+02 -4.037976e-02 5.733088e+00 3.588200e-05 4.307473e-02
7.356401e+00 1.097148e+00 1.330933e+04 1.002099e+00 1.763490e+06 1.403295e+02 -2.695072e-02 5.595235e+00 3.755093e-05 4.133046e-02
7.585754e+00 1.103728e+00 1.330747e+04 9.910580e-01 1.773609e+06 1.411310e+02 -3.181219e-02 5.845756e+00 3.552437e-05 4.076672e-02
7.822257e+00 1.105756e+00 1.330737e+04 1.053620e+00 1.840866e+06 1.464830e+02 3.212285e-02 5.584216e+00 3.468990e-05 4.256487e-02
8.066133e+00 1.104702e+00 1.330459e+04 1.002333e+00 1.780324e+06 1.416842e+02 -3.617102e-02 5.867362e+00 3.349781e-05 4.118848e-02
8.317613e+00 1.116749e+00 1.330644e+04 1.070214e+00 1.925686e+06 1.532369e+02 -7.196224e-02 6.702280e+00 3.588200e-05 4.352748e-02
8.576933e+00 1.125682e+00 1.330567e+04 1.015114e+00 1.856798e+06 1.477528e+02 -3.209466e-02 4.914927e+00 3.755093e-05 4.035425e-02
8.844338e+00 1.135823e+00 1.330492e+04 1.039249e+00 1.830292e+06 1.456662e+02 -3.696698e-02 5.418657e+00 3.588200e-05 3.968382e-02
9.120080e+00 1.135054e+00 1.330401e+04 1.014484e+00 1.800903e+06 1.433136e+02 -4.805046e-02 5.304712e+00 3.063679e-05 3.897095e-02
9.404419e+00 1.147963e+00 1.330665e+04 1.038211e+00 1.873317e+06 1.490811e+02 -4.925132e-02 5.658256e+00 3.635883e-05 3.933251e-02
9.697623e+00 1.154430e+00 1.330372e+04 1.052664e+00 1.806528e+06 1.437554e+02 -6.373864e-02 8.780912e+00 3.099442e-05 3.858864e-02
9.999969e+00 1.159059e+00 1.330118e+04 1.030869e+00 1.763221e+06 1.403062e+02 -2.630848e-02 8.012815e+00 3.576279e-05 3.724432e-02
1.031174e+01 1.170750e+00 1.330060e+04 1.021057e+00 1.821912e+06 1.449953e+02 -3.641981e-02 4.894427e+00 3.993511e-05 3.768325e-02
1.063323e+01 1.179846e+00 1.329957e+04 1.033836e+00 1.801932e+06 1.433983e+02 -6.718278e-02 9.362739e+00 3.552437e-05 3.683913e-02
1.096475e+01 1.191279e+00 1.329941e+04 1.029888e+00 1.814498e+06 1.443936e+02 -5.229074e-02 6.164855e+00 3.659725e-05 3.620613e-02
1.130660e+01 1.200364e+00 1.329847e+04 1.016180e+00 1.775845e+06 1.413159e+02 -1.909626e-02 4.996378e+00 3.266335e-05 3.517902e-02
1.165911e+01 1.213346e+00 1.329785e+04 1.012127e+00 1.806583e+06 1.437643e+02 -5.711615e-02 8.030450e+00 3.540516e-05 3.461921e-02
1.202261e+01 1.228160e+00 1.329574e+04 1.021860e+00 1.827136e+06 1.453712e+02 -3.155458e-02 6.983418e+00 3.445148e-05 3.425944e-02
1.239744e+01 1.237974e+00 1.329376e+04 9.905606e-01 1.714236e+06 1.364139e+02 -1.294369e-02 9.286093e+00 3.683567e-05 3.132534e-02
1.278396e+01 1.262137e+00 1.329634e+04 1.030959e+00 1.843049e+06 1.466766e+02 8.604527e-03 4.661819e+00 3.874302e-05 3.189206e-02
1.318252e+01 1.267260e+00 1.329289e+04 1.048348e+00 1.855806e+06 1.476796e+02 -2.963197e-02 5.883609e+00 3.325939e-05 3.225005e-02
1.359352e+01 1.277073e+00 1.329012e+04 1.023842e+00 1.837613e+06 1.462268e+02 -6.521761e-03 9.019957e+00 3.421307e-05 3.181684e-02
1.401733e+01 1.296335e+00 1.328872e+04 1.005564e+00 1.814550e+06 1.444048e+02 1.658201e-04 7.008155e+00 3.778934e-05 3.059554e-02
1.445435e+01 1.312870e+00 1.328956e+04 9.958292e-01 1.724198e+06 1.372151e+02 -4.593623e-02 6.704765e+00 3.480911e-05 2.801120e-02
1.490500e+01 1.323855e+00 1.328529e+04 1.039966e+00 1.846624e+06 1.469433e+02 -9.941459e-04 4.495569e+00 3.707409e-05 2.952707e-02
1.536969e+01 1.350392e+00 1.328647e+04 1.018422e+00 1.835114e+06 1.460552e+02 -2.787167e-02 6.415627e+00 3.969669e-05 2.851760e-02
1.584888e+01 1.355485e+00 1.328048e+04 1.006874e+00 1.815934e+06 1.445146e+02 6.872296e-03 6.304668e+00 4.136562e-05 2.792931e-02
1.634300e+01 1.381163e+00 1.327935e+04 1.045035e+00 1.839343e+06 1.463602e+02 3.211248e-02 4.956070e+00 3.671646e-05 2.736866e-02
1.685253e+01 1.397601e+00 1.327904e+04 1.028621e+00 1.807998e+06 1.438538e+02 2.574027e-02 8.782181e+00 3.874302e-05 2.614820e-02
1.737795e+01 1.423753e+00 1.327875e+04 1.033168e+00 1.849080e+06 1.471496e+02 3.821099e-02 6.590328e+00 3.480911e-05 2.552271e-02
1.791974e+01 1.439306e+00 1.327290e+04 1.014668e+00 1.825105e+06 1.452327e+02 -1.753110e-02 6.136094e+00 3.266335e-05 2.456605e-02
1.847843e+01 1.472136e+00 1.327397e+04 1.029459e+00 1.861992e+06 1.481790e+02 -1.488358e-02 4.875818e+00 3.600121e-05 2.399194e-02
1.905454e+01 1.490491e+00 1.327057e+04 1.000251e+00 1.717472e+06 1.366734e+02 1.490593e-03 3.581687e+00 3.540516e-05 2.199292e-02
1.964861e+01 1.516495e+00 1.326739e+04 1.029731e+00 1.791357e+06 1.425201e+02 -3.140384e-02 5.688267e+00 4.076958e-05 2.168345e-02
2.026120e+01 1.540795e+00 1.326680e+04 1.046664e+00 1.851996e+06 1.473896e+02 2.594388e-02 4.810987e+00 3.981590e-05 2.191687e-02
2.089288e+01 1.563289e+00 1.326224e+04 1.024682e+00 1.855761e+06 1.476913e+02 2.845526e-03 7.610889e+00 3.182888e-05 2.131045e-02
2.154427e+01 1.599699e+00 1.326039e+04 1.024175e+00 1.779910e+06 1.416415e+02 1.150823e-02 8.382107e+00 3.790855e-05 1.954913e-02
2.221596e+01 1.631267e+00 1.325768e+04 1.042310e+00 1.893504e+06 1.507083e+02 3.773212e-02 8.619361e+00 3.731251e-05 1.974726e-02
2.290859e+01 1.660972e+00 1.325391e+04 1.059111e+00 1.861208e+06 1.481109e+02 5.719662e-03 5.511877e+00 3.337860e-05 1.890528e-02
2.362282e+01 1.689225e+00 1.325212e+04 1.011333e+00 1.808624e+06 1.439417e+02 1.382589e-03 7.384208e+00 3.993511e-05 1.791966e-02
2.435931e+01 1.731248e+00 1.325152e+04 1.011398e+00 1.732804e+06 1.378810e+02 1.011755e-01 9.091710e+00 3.576279e-05 1.603317e-02
2.511877e+01 1.760788e+00 1.324913e+04 1.006111e+00 1.723327e+06 1.371413e+02 5.039060e-02 6.616816e+00 3.373623e-05 1.572621e-02
2.590190e+01 1.797723e+00 1.324380e+04 1.003744e+00 1.761430e+06 1.402066e+02 4.192233e-02 7.396074e+00 3.170967e-05 1.528966e-02
2.670945e+01 1.845279e+00 1.324335e+04 1.014048e+00 1.780754e+06 1.416969e+02 -1.394153e-04 7.373071e+00 4.053116e-05 1.474822e-02
2.754218e+01 1.873421e+00 1.323838e+04 1.019607e+00 1.796061e+06 1.429084e+02 5.710196e-02 7.789400e+00 3.695488e-05 1.450360e-02
2.840087e+01 1.920834e+00 1.323722e+04 1.038852e+00 1.746978e+06 1.390098e+02 -1.416922e-03 6.090270e+00 3.445148e-05 1.329732e-02
2.928633e+01 1.965088e+00 1.323387e+04 1.027174e+00 1.783361e+06 1.419115e+02 4.354393e-02 6.591255e+00 3.325939e-05 1.299560e-02
3.019939e+01 2.015225e+00 1.323091e+04 1.013748e+00 1.740965e+06 1.385819e+02 8.168161e-02 5.056097e+00 3.504753e-05 1.211345e-02
3.114093e+01 2.069358e+00 1.323012e+04 1.016231e+00 1.711890e+06 1.362086e+02 -5.880058e-03 5.663612e+00 4.017353e-05 1.117742e-02
3.211182e+01 2.118918e+00 1.322533e+04 1.009143e+00 1.698725e+06 1.352040e+02 -1.083267e-02 5.119022e+00 3.874302e-05 1.087701e-02
3.311298e+01 2.162841e+00 1.322431e+04 1.001791e+00 1.707690e+06 1.358878e+02 -6.701827e-03 5.388287e+00 3.921986e-05 1.045716e-02
3.414534e+01 2.221333e+00 1.322331e+04 1.005997e+00 1.682779e+06 1.339117e+02 -6.867290e-03 4.782855e+00 3.612041e-05 9.656668e-03
3.520990e+01 2.279404e+00 1.322188e+04 1.041309e+00 1.737248e+06 1.382522e+02 1.935184e-02 6.736100e+00 3.802776e-05 9.481072e-03
3.630765e+01 2.333414e+00 1.321840e+04 9.623756e-01 1.608570e+06 1.279924e+02 -2.087128e-02 6.040456e+00 3.910065e-05 8.300185e-03
3.743962e+01 2.397407e+00 1.321811e+04 1.034886e+00 1.719708e+06 1.368618e+02 2.385807e-02 5.278006e+00 3.564358e-05 8.350253e-03
3.860689e+01 2.459259e+00 1.321269e+04 1.020090e+00 1.664780e+06 1.324908e+02 8.300233e-02 7.018986e+00 3.468990e-05 7.881641e-03
3.981054e+01 2.529350e+00 1.321177e+04 9.835453e-01 1.635674e+06 1.301964e+02 2.700877e-02 5.386737e+00 3.218651e-05 7.146478e-03
4.105173e+01 2.598588e+00 1.321003e+04 1.036907e+00 1.674301e+06 1.332764e+02 2.802920e-02 4.819856e+00 3.659725e-05 7.027626e-03
4.233161e+01 2.666066e+00 1.320783e+04 9.966565e-01 1.646764e+06 1.311208e+02 -1.640534e-02 6.942509e+00 3.457069e-05 6.550789e-03
4.365139e+01 2.738984e+00 1.320541e+04 9.804252e-01 1.598168e+06 1.271915e+02 -1.746094e-02 5.560533e+00 3.457069e-05 6.012440e-03
4.501232e+01 2.820882e+00 1.320339e+04 1.043034e+00 1.684576e+06 1.341358e+02 5.506516e-02 6.917093e+00 3.588200e-05 5.918264e-03
4.641568e+01 2.899670e+00 1.320274e+04 1.003358e+00 1.653885e+06 1.316173e+02 -1.132411e-02 4.276201e+00 3.516674e-05 5.584478e-03
4.786279e+01 2.982599e+00 1.320268e+04 1.018177e+00 1.671749e+06 1.330637e+02 -3.393644e-02 8.549330e+00 4.029274e-05 5.253196e-03
4.935502e+01 3.066278e+00 1.321292e+04 1.004519e+00 1.707583e+06 1.357375e+02 1.232910e-02 4.395493e+00 3.528595e-05 5.018353e-03
5.089378e+01 3.146980e+00 1.321576e+04 1.003873e+00 1.648230e+06 1.312404e+02 1.422763e-02 5.811306e+00 3.361702e-05 4.668474e-03
5.248050e+01 3.242528e+00 1.322076e+04 1.043303e+00 1.683141e+06 1.339754e+02 1.471543e-02 6.007308e+00 3.302097e-05 4.569173e-03
5.411670e+01 3.337601e+00 1.322755e+04 1.007316e+00 1.645440e+06 1.309323e+02 -1.767659e-02 7.269475e+00 3.445148e-05 4.192472e-03
5.580391e+01 3.436045e+00 1.322832e+04 1.025529e+00 1.658067e+06 1.318949e+02 5.207062e-04 5.858004e+00 4.053116e-05 3.971219e-03
5.754372e+01 3.537927e+00 1.323241e+04 1.041571e+00 1.676737e+06 1.334737e+02 -1.876324e-02 7.588144e+00 4.124641e-05 3.773093e-03
5.933778e+01 3.641014e+00 1.323229e+04 1.033412e+00 1.618894e+06 1.289588e+02 2.503049e-02 4.705643e+00 3.278255e-05 3.405690e-03
6.118777e+01 3.753556e+00 1.323535e+04 1.040774e+00 1.653181e+06 1.314900e+02 6.869102e-02 6.293700e+00 3.743172e-05 3.289580e-03
6.309543e+01 3.862795e+00 1.323927e+04 1.042725e+00 1.650394e+06 1.314543e+02 -3.292352e-02 6.379073e+00 3.468990e-05 3.112316e-03
6.506258e+01 3.973191e+00 1.323870e+04 1.014699e+00 1.572208e+06 1.250423e+02 -2.778053e-03 7.943380e+00 3.612041e-05 2.787352e-03
6.709105e+01 4.091928e+00 1.324328e+04 1.013198e+00 1.571882e+06 1.252358e+02 -4.628980e-02 9.463464e+00 3.778934e-05 2.624154e-03
6.918276e+01 4.220328e+00 1.325399e+04 1.039695e+00 1.641186e+06 1.305987e+02 -3.391910e-02 8.995228e+00 3.719330e-05 2.559304e-03
7.133969e+01 4.349205e+00 1.327413e+04 1.016191e+00 1.651350e+06 1.316581e+02 -2.864677e-02 5.074581e+00 3.087521e-05 2.422214e-03
7.356387e+01 4.477781e+00 1.330279e+04 1.028590e+00 1.575148e+06 1.252970e+02 -5.303860e-02 5.014501e+00 3.004074e-05 2.226114e-03
7.585738e+01 4.611379e+00 1.332406e+04 1.014222e+00 1.523514e+06 1.210596e+02 1.747918e-02 5.664270e+00 3.504753e-05 2.038598e-03
7.822240e+01 4.746181e+00 1.334324e+04 1.005058e+00 1.494781e+06 1.189155e+02 -5.353296e-02 4.526288e+00 3.445148e-05 1.850486e-03
8.066116e+01 4.877058e+00 1.335773e+04 1.019526e+00 1.515060e+06 1.204128e+02 1.003945e-02 4.771480e+00 3.695488e-05 1.797199e-03
8.317596e+01 5.027083e+00 1.337555e+04 1.022443e+00 1.542124e+06 1.224500e+02 -5.551016e-02 7.577901e+00 3.480911e-05 1.704931e-03
8.576916e+01 5.177032e+00 1.339030e+04 1.013081e+00 1.482108e+06 1.181312e+02 -2.661175e-02 9.109814e+00 3.862381e-05 1.571417e-03
8.844320e+01 5.328094e+00 1.340318e+04 1.020291e+00 1.457834e+06 1.161908e+02 -5.955660e-02 6.552016e+00 3.576279e-05 1.467347e-03
9.120061e+01 5.480144e+00 1.341806e+04 1.014587e+00 1.395399e+06 1.110978e+02 -4.244888e-02 4.197922e+00 3.540516e-05 1.330495e-03
9.404400e+01 5.635463e+00 1.343379e+04 1.004215e+00 1.383003e+06 1.100283e+02 -9.906793e-02 6.198942e+00 3.528595e-05 1.229286e-03
9.697604e+01 5.808193e+00 1.344840e+04 1.007445e+00 1.389462e+06 1.105376e+02 -9.027123e-02 6.064955e+00 3.588200e-05 1.157403e-03
9.999948e+01 5.966009e+00 1.345796e+04 9.749280e-01 1.333948e+06 1.059743e+02 -7.329357e-02 7.825808e+00 3.504753e-05 1.039267e-03
1.031172e+02 6.136833e+00 1.346971e+04 9.844185e-01 1.321585e+06 1.054039e+02 -5.165923e-02 7.092461e+00 3.838539e-05 9.818077e-04
1.063321e+02 6.299783e+00 1.347318e+04 9.748719e-01 1.317255e+06 1.049251e+02 -8.580512e-02 5.730270e+00 3.480911e-05 9.366274e-04
1.096473e+02 6.475521e+00 1.348343e+04 9.767487e-01 1.266220e+06 1.015027e+02 -7.656163e-02 6.168403e+00 3.051758e-05 8.488894e-04
1.130658e+02 6.644457e+00 1.348475e+04 9.393279e-01 1.219917e+06 9.699030e+01 -6.077951e-02 7.265879e+00 3.588200e-05 7.920265e-04
1.165908e+02 6.820860e+00 1.349567e+04 1.008379e+00 1.298800e+06 1.034787e+02 -4.145503e-02 4.874470e+00 3.528595e-05 7.901192e-04
1.202258e+02 6.994014e+00 1.350127e+04 1.024761e+00 1.323967e+06 1.052714e+02 -5.804789e-02 5.805723e+00 3.337860e-05 7.587671e-04
1.239741e+02 7.160916e+00 1.351143e+04 1.020936e+00 1.286575e+06 1.021240e+02 -3.934896e-02 6.047500e+00 3.671646e-05 7.146597e-04
1.278393e+02 7.328644e+00 1.352020e+04 9.750509e-01 1.202068e+06 9.569669e+01 -1.798409e-02 6.102512e+00 3.314018e-05 6.310940e-04
1.318250e+02 7.500759e+00 1.352897e+04 9.914325e-01 1.209221e+06 9.635877e+01 -1.085973e-02 5.988471e+00 3.468990e-05 6.021261e-04
1.359349e+02 7.668041e+00 1.354722e+04 1.004001e+00 1.192914e+06 9.430122e+01 -2.264398e-02 6.923517e+00 3.588200e-05 5.797148e-04
1.401730e+02 7.840884e+00 1.357170e+04 1.015058e+00 1.165252e+06 9.281407e+01 -1.017189e-02 9.643678e+00 3.421307e-05 5.389452e-04
1.445432e+02 7.992577e+00 1.358905e+04 9.751796e-01 1.122799e+06 8.837302e+01 -3.566235e-02 5.720598e+00 3.242493e-05 4.997253e-04
1.490497e+02 8.145256e+00 1.360967e+04 9.811921e-01 1.089353e+06 8.723219e+01 -1.749188e-02 5.659794e+00 3.504753e-05 4.647970e-04
1.536966e+02 8.292005e+00 1.362660e+04 1.015429e+00 1.152668e+06 9.193809e+01 -2.845883e-03 4.354758e+00 3.516674e-05 4.630089e-04
1.584885e+02 8.434416e+00 1.364689e+04 9.898894e-01 1.076919e+06 8.556170e+01 -4.079032e-02 4.735972e+00 3.695488e-05 4.281998e-04
1.634297e+02 8.564457e+00 1.366192e+04 1.047708e+00 1.099506e+06 8.692661e+01 -3.674781e-02 4.471237e+00 3.910065e-05 4.247427e-04
1.685250e+02 8.690927e+00 1.367939e+04 1.041539e+00 1.111118e+06 8.849525e+01 -7.170725e-02 4.858564e+00 3.552437e-05 4.104376e-04
1.737791e+02 8.806374e+00 1.369464e+04 1.021905e+00 1.089419e+06 8.637657e+01 -7.643080e-02 7.473558e+00 4.017353e-05 3.896952e-04
1.791971e+02 8.902908e+00 1.371089e+04 9.937603e-01 9.836474e+05 7.898160e+01 -8.021170e-02 5.144320e+00 3.850460e-05 3.521442e-04
1.847840e+02 8.999904e+00 1.373528e+04 1.026945e+00 9.724166e+05 7.724999e+01 -2.489054e-02 6.378005e+00 3.623962e-05 3.373623e-04
1.905450e+02 9.084755e+00 1.376344e+04 1.013508e+00 9.758664e+05 7.800375e+01 -4.532790e-02 5.359245e+00 3.635883e-05 3.238916e-04
1.964857e+02 9.158375e+00 1.379154e+04 1.028177e+00 9.587654e+05 7.598694e+01 -6.885666e-02 7.230898e+00 3.600121e-05 3.249645e-04
2.026116e+02 9.222610e+00 1.382116e+04 1.032374e+00 9.967226e+05 7.951127e+01 -8.026791e-02 6.454602e+00 3.659725e-05 3.237724e-04
2.089284e+02 9.273873e+00 1.384319e+04 1.035737e+00 9.478358e+05 7.582397e+01 -3.068894e-02 4.717752e+00 3.576279e-05 3.137589e-04
2.154422e+02 9.318198e+00 1.387205e+04 1.005568e+00 8.942446e+05 7.148476e+01 -1.825321e-02 4.250813e+00 3.755093e-05 2.872944e-04
2.221591e+02 9.354110e+00 1.390124e+04 1.004780e+00 8.805303e+05 6.926424e+01 -3.232336e-02 5.051147e+00 3.314018e-05 2.875328e-04
2.290854e+02 9.373984e+00 1.393282e+04 1.023594e+00 8.772312e+05 6.961056e+01 1.888752e-02 8.250536e+00 3.683567e-05 2.853870e-04
2.362277e+02 9.394983e+00 1.397832e+04 1.035011e+00 8.985906e+05 7.095509e+01 -5.257350e-02 4.128816e+00 3.528595e-05 2.853870e-04
2.435926e+02 9.403755e+00 1.402110e+04 1.028816e+00 8.790610e+05 7.136253e+01 4.637837e-03 6.765193e+00 3.588200e-05 2.769232e-04
2.511872e+02 9.402457e+00 1.406343e+04 1.022438e+00 8.263561e+05 6.521024e+01 3.418601e-02 4.668886e+00 3.123283e-05 2.619028e-04
2.590185e+02 9.390889e+00 1.410594e+04 1.025445e+00 8.137727e+05 6.435462e+01 -7.199448e-02 4.551508e+00 3.015995e-05 2.613068e-04
2.670940e+02 9.379867e+00 1.415399e+04 1.042262e+00 8.302101e+05 6.600474e+01 -2.748328e-02 5.358919e+00 3.099442e-05 2.619028e-04
2.754212e+02 9.355706e+00 1.420055e+04 9.997374e-01 7.548581e+05 6.021914e+01 3.452575e-02 3.515762e+00 3.325939e-05 2.413988e-04
2.840081e+02 9.332054e+00 1.425474e+04 1.017702e+00 7.467613e+05 6.013765e+01 -1.073009e-02 3.784304e+00 3.683567e-05 2.474785e-04
2.928627e+02 9.293095e+00 1.430202e+04 1.029047e+00 7.307658e+05 5.810047e+01 5.605340e-03 4.624593e+00 3.385544e-05 2.372265e-04
3.019933e+02 9.255054e+00 1.435531e+04 9.798210e-01 7.025869e+05 5.667444e+01 -1.376355e-02 4.932471e+00 3.349781e-05 2.278090e-04
3.114087e+02 9.210593e+00 1.441190e+04 1.014286e+00 7.158061e+05 5.577808e+01 4.623425e-02 3.740986e+00 3.063679e-05 2.374649e-04
3.211176e+02 9.166591e+00 1.447156e+04 9.775754e-01 6.733920e+05 5.374090e+01 -6.533504e-03 4.061595e+00 3.564358e-05 2.219677e-04
3.311291e+02 9.106631e+00 1.452873e+04 9.900326e-01 6.652386e+05 5.335383e+01 -2.282560e-03 6.656396e+00 3.373623e-05 2.254248e-04
3.414528e+02 9.051929e+00 1.459542e+04 9.545763e-01 6.332681e+05 5.090921e+01 -3.036582e-02 5.018861e+00 3.385544e-05 2.174377e-04
3.520984e+02 8.988409e+00 1.466582e+04 9.741407e-01 6.337904e+05 5.013508e+01 -6.024045e-02 6.086389e+00 3.218651e-05 2.223253e-04
3.630758e+02 8.918936e+00 1.473806e+04 9.980032e-01 6.416237e+05 5.037954e+01 -1.276058e-02 5.931634e+00 3.111362e-05 2.230406e-04
3.743955e+02 8.844804e+00 1.481771e+04 1.003986e+00 6.183993e+05 4.832199e+01 -5.168617e-02 4.443247e+00 3.135204e-05 2.256632e-04
3.860681e+02 8.769231e+00 1.490539e+04 9.787098e-01 5.854508e+05 4.622369e+01 -6.994939e-02 5.084032e+00 3.170967e-05 2.145767e-04
3.981047e+02 8.686878e+00 1.499501e+04 1.006739e+00 5.894913e+05 4.687559e+01 -6.128001e-02 4.496420e+00 3.075600e-05 2.232790e-04
4.105165e+02 8.601487e+00 1.508777e+04 9.699193e-01 5.735258e+05 4.601997e+01 -1.121541e-01 5.923351e+00 2.992153e-05 2.169609e-04
4.233152e+02 8.512683e+00 1.518829e+04 1.038008e+00 5.950374e+05 4.738488e+01 -3.554022e-02 4.148474e+00 3.147125e-05 2.305508e-04
4.365131e+02 8.420412e+00 1.529544e+04 1.018181e+00 5.638754e+05 4.477729e+01 -3.165752e-02 5.118920e+00 3.063679e-05 2.263784e-04
4.501223e+02 8.320161e+00 1.540232e+04 1.007588e+00 5.473037e+05 4.400316e+01 -5.973029e-02 6.955654e+00 3.004074e-05 2.248287e-04
4.641559e+02 8.221341e+00 1.551596e+04 1.029750e+00 5.500593e+05 4.355498e+01 -1.170474e-01 3.687193e+00 3.063679e-05 2.322197e-04
4.786270e+02 8.115685e+00 1.563396e+04 1.008975e+00 5.234792e+05 4.180300e+01 -1.404504e-01 5.230681e+00 3.314018e-05 2.274513e-04
4.935493e+02 8.013083e+00 1.576310e+04 9.930202e-01 5.027105e+05 4.056032e+01 -1.261692e-01 4.257042e+00 3.015995e-05 2.191067e-04
5.089368e+02 7.901953e+00 1.589925e+04 9.800366e-01 4.793837e+05 3.844165e+01 -1.239623e-01 4.400471e+00 3.194809e-05 2.149343e-04
5.248040e+02 7.789041e+00 1.604541e+04 1.012383e+00 4.873094e+05 3.866574e+01 -7.217151e-02 3.755939e+00 3.242493e-05 2.294779e-04
5.411660e+02 7.675972e+00 1.620001e+04 1.043634e+00 4.852517e+05 3.876760e+01 -1.262663e-01 3.052223e+00 2.646446e-05 2.347231e-04
5.580380e+02 7.565495e+00 1.636995e+04 9.711858e-01 4.385157e+05 3.471360e+01 -7.688296e-02 5.242481e+00 3.135204e-05 2.195835e-04
5.754362e+02 7.448016e+00 1.654495e+04 9.761481e-01 4.355840e+05 3.479509e+01 -4.011673e-02 3.739178e+00 3.063679e-05 2.213717e-04
5.933766e+02 7.326013e+00 1.672686e+04 9.893743e-01 4.451908e+05 3.599703e+01 -3.713489e-03 2.730604e+00 2.896786e-05 2.338886e-04
6.118765e+02 7.209359e+00 1.693075e+04 9.713135e-01 4.217075e+05 3.368483e+01 -7.718265e-03 2.950593e+00 2.467632e-05 2.251863e-04
6.309531e+02 7.088074e+00 1.714205e+04 9.798878e-01 4.037788e+05 3.222824e+01 -5.105382e-02 5.782416e+00 2.837181e-05 2.219677e-04
6.506245e+02 6.963904e+00 1.737005e+04 1.016692e+00 4.222413e+05 3.408208e+01 -6.647092e-02 3.035411e+00 2.431870e-05 2.415180e-04
6.709092e+02 6.840933e+00 1.761532e+04 1.016835e+00 4.049224e+05 3.237084e+01 -2.649403e-02 3.751942e+00 2.503395e-05 2.416372e-04
6.918263e+02 6.711297e+00 1.788070e+04 1.029275e+00 3.959738e+05 3.217731e+01 -3.646177e-02 5.345821e+00 2.992153e-05 2.530813e-04
7.133955e+02 6.587946e+00 1.816552e+04 1.017817e+00 3.878924e+05 3.166801e+01 -4.317504e-02 2.554096e+00 2.765656e-05 2.430677e-04
7.356372e+02 6.459869e+00 1.846389e+04 9.793606e-01 3.534036e+05 2.849001e+01 -6.053448e-04 3.087587e+00 2.622604e-05 2.408028e-04
7.585724e+02 6.328044e+00 1.879283e+04 9.814990e-01 3.377577e+05 2.704361e+01 1.146770e-02 2.652383e+00 2.551079e-05 2.377033e-04
7.822225e+02 6.199818e+00 1.914782e+04 9.824466e-01 3.416801e+05 2.695193e+01 2.789545e-02 2.420105e+00 2.622604e-05 2.521276e-04
8.066101e+02 6.073530e+00 1.953214e+04 9.683812e-01 3.263472e+05 2.610650e+01 5.869031e-03 1.695836e+00 2.622604e-05 2.492666e-04
8.317580e+02 5.947700e+00 1.994444e+04 9.545926e-01 3.022158e+05 2.432397e+01 -1.133084e-02 2.834957e+00 2.443790e-05 2.397299e-04
8.576899e+02 5.822642e+00 2.039669e+04 9.560036e-01 3.013448e+05 2.390635e+01 -7.550538e-03 2.461303e+00 2.312660e-05 2.452135e-04
8.844303e+02 5.694942e+00 2.088489e+04 9.302776e-01 2.964948e+05 2.342761e+01 4.366708e-02 1.972395e+00 2.086163e-05 2.571344e-04
9.120044e+02 5.575946e+00 2.142522e+04 9.687033e-01 2.835354e+05 2.238865e+01 -3.343147e-02 2.223822e+00 2.312660e-05 2.592802e-04
9.404382e+02 5.446990e+00 2.201079e+04 9.650551e-01 2.876648e+05 2.258218e+01 -3.834081e-02 1.594585e+00 2.789497e-05 2.661943e-04
9.697585e+02 5.326150e+00 2.265806e+04 9.417859e-01 2.695544e+05 2.126819e+01 -5.729562e-02 2.056253e+00 2.193451e-05 2.676249e-04
