#./munderdamped_3d --dev=2 --amp=120 --omega=1 --mass=0.03 --force=0 --Dg=0.01 --block=256 --paths=4096 --periods=1000 --trans=100 --samples=100 --spp=10000 --algorithm=euler --pav=1 --mode=moments --domain=1d --domainx=a:-1:3:300:1 --domainy=s:-1:2:100:1 --domainz=a:-1:2.5:100:1 --q=2 --eps=0 --phi=1.57079632679 --lambda=20.0 --zeta=0.05 --comp=0 --mean=1.0 --second=13.0 --skew=0.99 --distribution=s>> 1D_a:-1:3:300:1_13.0_20.0_0.99_1.0_0.03.dat
#a <<v>> <<v^2>> qnu(q) mu_q Dx Gx Gv EBx EBv
1.000000e-01 1.005128e+00 4.320634e+03 1.008766e+00 1.783285e+06 1.419223e+02 2.909553e-02 1.792538e+00 4.220009e-05 4.985797e-02
1.031177e-01 1.004956e+00 4.320207e+03 9.985198e-01 1.779034e+06 1.415670e+02 -4.413903e-03 2.286056e+00 4.541874e-05 4.970181e-02
1.063327e-01 1.010316e+00 4.320557e+03 9.977588e-01 1.782639e+06 1.418624e+02 -2.119511e-02 2.279037e+00 4.136562e-05 4.875088e-02
1.096478e-01 1.008744e+00 4.320104e+03 1.018703e+00 1.799126e+06 1.431694e+02 8.175850e-03 1.834375e+00 3.755093e-05 4.969227e-02
1.130663e-01 1.006187e+00 4.319686e+03 1.047257e+00 1.789588e+06 1.424109e+02 -5.933046e-03 2.042511e+00 4.637241e-05 5.096364e-02
1.165914e-01 1.010639e+00 4.320031e+03 1.039621e+00 1.823978e+06 1.451420e+02 1.371419e-02 1.639313e+00 4.410744e-05 5.043674e-02
1.202264e-01 1.007237e+00 4.320821e+03 9.970493e-01 1.749761e+06 1.392364e+02 -2.911389e-02 2.177837e+00 4.363060e-05 4.865396e-02
1.239747e-01 1.009632e+00 4.320124e+03 1.012005e+00 1.764992e+06 1.404479e+02 -1.691818e-02 1.997242e+00 4.208088e-05 4.855978e-02
1.278399e-01 1.007075e+00 4.319558e+03 1.022077e+00 1.773452e+06 1.411205e+02 2.167284e-02 1.696964e+00 4.327297e-05 4.943800e-02
1.318256e-01 1.010661e+00 4.320180e+03 1.031383e+00 1.822779e+06 1.450554e+02 3.519297e-03 2.007816e+00 3.790855e-05 5.146623e-02
1.359356e-01 1.009262e+00 4.319611e+03 1.031841e+00 1.810115e+06 1.440375e+02 1.565707e-02 2.006382e+00 4.339218e-05 5.008090e-02
1.401737e-01 1.007340e+00 4.320127e+03 1.019181e+00 1.784738e+06 1.420175e+02 -1.446408e-02 2.172278e+00 3.957748e-05 4.980242e-02
1.445439e-01 1.009687e+00 4.319671e+03 1.006909e+00 1.758263e+06 1.399185e+02 -3.067315e-03 2.080463e+00 3.969669e-05 4.806650e-02
1.490504e-01 1.008742e+00 4.320107e+03 1.004177e+00 1.792110e+06 1.426296e+02 -2.922297e-03 3.897391e+00 4.005432e-05 4.945672e-02
1.536974e-01 1.010369e+00 4.320115e+03 1.025321e+00 1.782086e+06 1.418316e+02 8.713126e-03 1.969933e+00 4.160404e-05 4.976821e-02
1.584892e-01 1.012407e+00 4.320022e+03 1.018815e+00 1.792553e+06 1.426563e+02 3.336024e-02 2.263569e+00 4.184246e-05 4.930699e-02
1.634305e-01 1.008161e+00 4.319919e+03 1.004502e+00 1.740614e+06 1.385052e+02 -3.749996e-02 3.820604e+00 4.267693e-05 4.897201e-02
1.685258e-01 1.017051e+00 4.320258e+03 1.022481e+00 1.806236e+06 1.437258e+02 4.729164e-02 2.176249e+00 4.076958e-05 4.849494e-02
1.737800e-01 1.010703e+00 4.320478e+03 1.018372e+00 1.761192e+06 1.401442e+02 1.137364e-02 2.498645e+00 4.255772e-05 4.875517e-02
1.791980e-01 1.010789e+00 4.320740e+03 1.032363e+00 1.810582e+06 1.440887e+02 4.474056e-02 1.714566e+00 4.279613e-05 5.013585e-02
1.847849e-01 1.005799e+00 4.319222e+03 1.008636e+00 1.754612e+06 1.396298e+02 -3.511769e-02 2.261845e+00 4.148483e-05 4.902649e-02
1.905460e-01 1.006418e+00 4.320198e+03 1.013066e+00 1.768879e+06 1.407640e+02 -1.323199e-02 2.045998e+00 4.327297e-05 4.955721e-02
1.964867e-01 1.006906e+00 4.319790e+03 1.012382e+00 1.782542e+06 1.418488e+02 -6.205440e-03 1.754754e+00 4.351139e-05 4.936743e-02
2.026126e-01 1.007179e+00 4.320413e+03 1.027691e+00 1.849765e+06 1.472050e+02 5.150437e-03 2.013190e+00 4.076958e-05 5.148530e-02
2.089295e-01 1.006199e+00 4.320092e+03 1.018610e+00 1.795194e+06 1.428562e+02 -3.290617e-02 2.183769e+00 4.184246e-05 5.015540e-02
2.154433e-01 1.007582e+00 4.320181e+03 1.022908e+00 1.782190e+06 1.418236e+02 1.954973e-02 2.298313e+00 4.029274e-05 5.036128e-02
2.221602e-01 1.008573e+00 4.319785e+03 9.842346e-01 1.721442e+06 1.369907e+02 -2.824372e-02 1.681101e+00 4.374981e-05 4.908168e-02
2.290866e-01 1.014650e+00 4.320176e+03 1.047207e+00 1.779548e+06 1.416097e+02 5.142045e-02 1.788123e+00 4.363060e-05 4.889023e-02
2.362289e-01 1.011871e+00 4.319970e+03 1.008290e+00 1.759790e+06 1.400535e+02 2.395713e-02 2.377981e+00 4.351139e-05 4.861939e-02
2.435938e-01 1.010915e+00 4.319885e+03 1.029003e+00 1.843346e+06 1.466826e+02 -1.077574e-02 1.724373e+00 4.255772e-05 5.086625e-02
2.511884e-01 1.011264e+00 4.320614e+03 9.761246e-01 1.744872e+06 1.388506e+02 -7.166207e-03 2.321521e+00 4.458427e-05 4.774249e-02
2.590198e-01 1.012786e+00 4.320381e+03 9.713722e-01 1.756977e+06 1.398106e+02 -1.687944e-02 1.714138e+00 3.993511e-05 4.785907e-02
2.670953e-01 1.016348e+00 4.320522e+03 1.009582e+00 1.742904e+06 1.386949e+02 -1.416737e-02 1.956613e+00 4.303455e-05 4.792821e-02
2.754226e-01 1.005588e+00 4.319662e+03 9.627683e-01 1.680040e+06 1.337016e+02 -2.046722e-02 1.956546e+00 4.351139e-05 4.762232e-02
2.840095e-01 1.014638e+00 4.320749e+03 9.777244e-01 1.762004e+06 1.402149e+02 -1.697326e-02 2.682454e+00 4.184246e-05 4.838705e-02
2.928641e-01 1.013922e+00 4.320333e+03 1.042896e+00 1.857654e+06 1.478371e+02 2.531528e-02 2.387121e+00 3.993511e-05 5.070078e-02
3.019949e-01 1.004414e+00 4.320532e+03 1.044923e+00 1.899117e+06 1.511355e+02 6.536603e-03 2.440646e+00 3.874302e-05 5.254877e-02
3.114102e-01 1.013142e+00 4.320026e+03 1.021602e+00 1.839720e+06 1.464044e+02 -8.432329e-03 3.121625e+00 4.410744e-05 5.033445e-02
3.211191e-01 1.007595e+00 4.320334e+03 1.053029e+00 1.917754e+06 1.525974e+02 -7.461309e-04 2.321807e+00 4.386902e-05 5.239809e-02
3.311307e-01 1.010196e+00 4.320210e+03 1.016640e+00 1.802356e+06 1.434218e+02 -2.192616e-03 2.294945e+00 4.088879e-05 4.979396e-02
3.414545e-01 1.008683e+00 4.319355e+03 1.043932e+00 1.852918e+06 1.474453e+02 1.160979e-03 1.734122e+00 4.398823e-05 5.216050e-02
3.521001e-01 1.004975e+00 4.319298e+03 9.989141e-01 1.758082e+06 1.399064e+02 9.595037e-03 2.391741e+00 4.148483e-05 4.968679e-02
3.630776e-01 1.013774e+00 4.320386e+03 1.027314e+00 1.795023e+06 1.428406e+02 4.945970e-02 2.603864e+00 4.386902e-05 5.002069e-02
3.743974e-01 1.010610e+00 4.320029e+03 1.063735e+00 1.912593e+06 1.522008e+02 -2.882361e-03 1.752138e+00 4.374981e-05 5.186284e-02
3.860700e-01 1.007132e+00 4.319500e+03 1.012426e+00 1.779076e+06 1.415699e+02 1.586270e-02 2.265305e+00 4.208088e-05 4.936206e-02
3.981066e-01 1.012761e+00 4.320798e+03 1.023816e+00 1.791102e+06 1.425373e+02 -2.156967e-02 1.898690e+00 4.386902e-05 4.852676e-02
4.105185e-01 1.014058e+00 4.320454e+03 1.009140e+00 1.791133e+06 1.425293e+02 -1.076043e-02 2.183076e+00 4.208088e-05 4.940319e-02
4.233173e-01 1.016691e+00 4.320907e+03 1.046480e+00 1.821765e+06 1.449660e+02 -8.667707e-03 2.001883e+00 4.398823e-05 4.977119e-02
4.365152e-01 1.010224e+00 4.319876e+03 1.006311e+00 1.809830e+06 1.440164e+02 -1.199311e-02 1.926156e+00 4.518032e-05 4.988503e-02
4.501246e-01 1.008869e+00 4.320002e+03 1.024761e+00 1.785258e+06 1.420649e+02 -5.753005e-02 2.051006e+00 4.160404e-05 4.889894e-02
4.641582e-01 1.008234e+00 4.320354e+03 1.023015e+00 1.810654e+06 1.440858e+02 3.569365e-03 2.528526e+00 4.446507e-05 5.025923e-02
4.786294e-01 1.014600e+00 4.320749e+03 1.014999e+00 1.779330e+06 1.415989e+02 -2.435768e-02 1.970534e+00 4.339218e-05 4.874551e-02
4.935517e-01 1.010398e+00 4.320464e+03 9.953045e-01 1.786805e+06 1.421814e+02 8.882165e-03 2.679705e+00 4.279613e-05 4.925728e-02
5.089393e-01 1.016425e+00 4.320308e+03 1.019206e+00 1.800676e+06 1.433136e+02 -2.289850e-02 2.059413e+00 4.768372e-05 4.963803e-02
5.248066e-01 1.009531e+00 4.320320e+03 1.048846e+00 1.875371e+06 1.492285e+02 6.633043e-03 1.648081e+00 4.208088e-05 5.165648e-02
5.411686e-01 1.013191e+00 4.320331e+03 1.020927e+00 1.760495e+06 1.401006e+02 -1.768470e-04 1.792528e+00 4.041195e-05 4.817283e-02
5.580408e-01 1.010348e+00 4.320182e+03 1.050449e+00 1.812557e+06 1.442475e+02 4.937649e-03 1.926596e+00 4.482269e-05 5.101871e-02
5.754390e-01 1.007563e+00 4.319990e+03 1.016051e+00 1.773344e+06 1.411201e+02 3.830433e-02 2.325451e+00 4.637241e-05 4.954088e-02
5.933796e-01 1.011717e+00 4.319566e+03 1.019376e+00 1.748095e+06 1.391116e+02 -4.211694e-02 1.647243e+00 4.243851e-05 4.831314e-02
6.118796e-01 1.017526e+00 4.319900e+03 1.022864e+00 1.768015e+06 1.406901e+02 -2.201247e-02 2.630507e+00 4.434586e-05 4.809105e-02
6.309564e-01 1.004134e+00 4.320220e+03 9.974164e-01 1.806792e+06 1.437812e+02 -3.608072e-02 2.183965e+00 4.518032e-05 5.005074e-02
6.506279e-01 1.010879e+00 4.319875e+03 1.017346e+00 1.827477e+06 1.454262e+02 -3.089398e-02 1.944436e+00 4.148483e-05 4.971933e-02
6.709126e-01 1.008176e+00 4.320135e+03 1.014453e+00 1.768005e+06 1.407025e+02 9.280324e-03 2.359115e+00 4.422665e-05 4.923964e-02
6.918299e-01 1.009230e+00 4.319909e+03 9.931964e-01 1.812237e+06 1.442116e+02 -1.458138e-02 1.687546e+00 4.231930e-05 4.958308e-02
7.133992e-01 1.004712e+00 4.318981e+03 1.009608e+00 1.835165e+06 1.460438e+02 -1.111925e-02 1.788857e+00 4.279613e-05 5.067444e-02
7.356411e-01 1.014787e+00 4.320252e+03 1.035075e+00 1.826931e+06 1.453823e+02 6.841183e-03 2.457616e+00 4.506111e-05 5.001211e-02
7.585764e-01 1.009261e+00 4.320164e+03 1.017853e+00 1.807754e+06 1.438563e+02 4.438162e-03 2.007805e+00 4.005432e-05 5.021954e-02
7.822267e-01 1.009531e+00 4.320299e+03 9.959922e-01 1.729863e+06 1.376547e+02 -1.730782e-02 2.297239e+00 4.231930e-05 4.853404e-02
8.066144e-01 1.013355e+00 4.319726e+03 1.009763e+00 1.834595e+06 1.459919e+02 -1.678509e-02 2.104639e+00 4.196167e-05 5.003774e-02
8.317624e-01 1.009611e+00 4.320056e+03 9.911248e-01 1.774984e+06 1.412605e+02 -1.697952e-02 1.620172e+00 4.196167e-05 4.841244e-02
8.576946e-01 1.008379e+00 4.320121e+03 1.027384e+00 1.807813e+06 1.438688e+02 -2.887148e-02 2.292712e+00 4.076958e-05 4.985130e-02
8.844351e-01 1.014869e+00 4.320136e+03 1.021873e+00 1.777305e+06 1.414330e+02 -1.559001e-02 2.393821e+00 4.661083e-05 4.864109e-02
9.120094e-01 1.012516e+00 4.320390e+03 1.004587e+00 1.781202e+06 1.417386e+02 3.694427e-02 2.072502e+00 4.184246e-05 4.959881e-02
9.404434e-01 1.012619e+00 4.319877e+03 1.021994e+00 1.858342e+06 1.478747e+02 -7.481992e-03 2.586574e+00 3.874302e-05 5.017412e-02
9.697639e-01 1.011214e+00 4.319586e+03 1.009282e+00 1.815378e+06 1.444707e+02 1.621246e-04 2.186225e+00 4.196167e-05 4.990470e-02
9.999985e-01 1.016292e+00 4.320582e+03 1.029690e+00 1.811236e+06 1.441269e+02 -6.446373e-02 2.183196e+00 4.601479e-05 5.058467e-02
1.031176e+00 1.013732e+00 4.320402e+03 1.041034e+00 1.803837e+06 1.435511e+02 -1.211804e-02 1.807652e+00 4.124641e-05 4.933298e-02
1.063325e+00 1.013359e+00 4.320274e+03 1.039621e+00 1.824983e+06 1.452228e+02 -1.648754e-02 1.888710e+00 4.196167e-05 5.098438e-02
1.096476e+00 1.018352e+00 4.319922e+03 1.021932e+00 1.866136e+06 1.484849e+02 -2.991527e-02 1.857195e+00 4.398823e-05 5.032647e-02
1.130662e+00 1.016264e+00 4.320231e+03 1.025351e+00 1.786150e+06 1.421343e+02 -5.820423e-02 1.934296e+00 4.255772e-05 4.815507e-02
1.165913e+00 1.016219e+00 4.319562e+03 1.021674e+00 1.784788e+06 1.420337e+02 4.078305e-02 2.789551e+00 4.637241e-05 4.910576e-02
1.202263e+00 1.016293e+00 4.320091e+03 1.010367e+00 1.797497e+06 1.430364e+02 -4.350424e-03 1.684406e+00 4.124641e-05 4.921591e-02
1.239746e+00 1.015190e+00 4.320323e+03 1.015954e+00 1.858103e+06 1.478674e+02 -1.638228e-02 2.409688e+00 4.410744e-05 5.080152e-02
1.278398e+00 1.013143e+00 4.319769e+03 1.011945e+00 1.782672e+06 1.418542e+02 3.125751e-02 1.992852e+00 4.792213e-05 4.893315e-02
1.318255e+00 1.015126e+00 4.319960e+03 1.032156e+00 1.787603e+06 1.422613e+02 -1.924205e-02 1.815838e+00 4.148483e-05 4.909945e-02
1.359354e+00 1.014403e+00 4.319705e+03 1.001899e+00 1.787222e+06 1.422231e+02 -7.897496e-03 1.904186e+00 4.160404e-05 4.838061e-02
1.401735e+00 1.018810e+00 4.320170e+03 1.017244e+00 1.850602e+06 1.472648e+02 4.641294e-03 1.650419e+00 3.850460e-05 4.991901e-02
1.445438e+00 1.015022e+00 4.320243e+03 1.022259e+00 1.795727e+06 1.428938e+02 -8.175075e-03 2.512360e+00 4.518032e-05 4.837191e-02
1.490502e+00 1.011341e+00 4.319646e+03 1.036368e+00 1.797376e+06 1.430357e+02 -4.272223e-03 2.389562e+00 4.029274e-05 4.982281e-02
1.536972e+00 1.015798e+00 4.319572e+03 1.046430e+00 1.840789e+06 1.464929e+02 2.681041e-02 2.195507e+00 4.076958e-05 5.080712e-02
1.584891e+00 1.010944e+00 4.319718e+03 9.931399e-01 1.774357e+06 1.411898e+02 9.438872e-03 2.185332e+00 4.291534e-05 4.888618e-02
1.634303e+00 1.020249e+00 4.320300e+03 1.025229e+00 1.807499e+06 1.438442e+02 2.181864e-02 2.108933e+00 4.017353e-05 4.828036e-02
1.685256e+00 1.014372e+00 4.319804e+03 1.060195e+00 1.907711e+06 1.518173e+02 3.065825e-02 2.137438e+00 4.136562e-05 5.194557e-02
1.737798e+00 1.025953e+00 4.320364e+03 1.021482e+00 1.804546e+06 1.435912e+02 -4.872680e-03 2.319467e+00 4.208088e-05 4.794145e-02
1.791978e+00 1.021762e+00 4.320305e+03 1.041352e+00 1.863850e+06 1.483139e+02 1.779032e-02 1.701462e+00 4.255772e-05 4.978371e-02
1.847847e+00 1.020033e+00 4.319694e+03 1.020916e+00 1.816175e+06 1.445222e+02 -3.993648e-02 2.315757e+00 4.220009e-05 4.972136e-02
1.905458e+00 1.021367e+00 4.319853e+03 1.016846e+00 1.836132e+06 1.461077e+02 1.993155e-02 1.795087e+00 3.695488e-05 4.893148e-02
1.964865e+00 1.016352e+00 4.320303e+03 1.020774e+00 1.772813e+06 1.410794e+02 -5.056447e-02 2.117804e+00 4.231930e-05 4.921627e-02
2.026124e+00 1.022618e+00 4.319676e+03 1.036799e+00 1.827479e+06 1.454145e+02 4.221797e-03 2.183093e+00 4.100800e-05 4.908490e-02
2.089293e+00 1.023089e+00 4.320012e+03 9.848131e-01 1.754816e+06 1.396349e+02 -1.893824e-02 1.581479e+00 3.695488e-05 4.709721e-02
2.154431e+00 1.024011e+00 4.320692e+03 1.045021e+00 1.856763e+06 1.477499e+02 1.350296e-02 2.243090e+00 4.160404e-05 4.988611e-02
2.221600e+00 1.027678e+00 4.319642e+03 1.035323e+00 1.777166e+06 1.414194e+02 -2.255857e-03 2.065814e+00 3.767014e-05 4.769313e-02
2.290864e+00 1.027794e+00 4.320390e+03 1.040812e+00 1.805637e+06 1.436940e+02 -1.187271e-02 1.666679e+00 4.410744e-05 4.870570e-02
2.362287e+00 1.024377e+00 4.320378e+03 1.004613e+00 1.779059e+06 1.415753e+02 2.712274e-02 1.813122e+00 4.267693e-05 4.765320e-02
2.435936e+00 1.023835e+00 4.318977e+03 1.007591e+00 1.774898e+06 1.412519e+02 -5.753571e-02 2.191778e+00 3.826618e-05 4.735768e-02
2.511882e+00 1.029396e+00 4.319910e+03 1.006533e+00 1.788304e+06 1.423103e+02 3.718090e-02 2.093121e+00 4.339218e-05 4.709637e-02
2.590195e+00 1.025153e+00 4.320095e+03 1.027171e+00 1.865272e+06 1.484273e+02 -3.334028e-02 2.227189e+00 4.184246e-05 4.988301e-02
2.670950e+00 1.024912e+00 4.319179e+03 1.027162e+00 1.790516e+06 1.424898e+02 -4.618520e-02 1.999701e+00 4.303455e-05 4.892790e-02
2.754223e+00 1.033234e+00 4.319333e+03 1.020081e+00 1.763168e+06 1.403148e+02 4.833460e-03 1.852868e+00 4.374981e-05 4.597938e-02
2.840092e+00 1.030435e+00 4.320250e+03 1.035307e+00 1.776627e+06 1.413821e+02 1.555860e-02 2.162342e+00 4.315376e-05 4.747295e-02
2.928639e+00 1.036216e+00 4.320015e+03 1.041319e+00 1.843785e+06 1.467386e+02 -5.888879e-03 2.310162e+00 4.363060e-05 4.864001e-02
3.019946e+00 1.038797e+00 4.319488e+03 1.022835e+00 1.799208e+06 1.431803e+02 -4.307491e-02 3.161839e+00 4.196167e-05 4.679620e-02
3.114099e+00 1.040313e+00 4.320277e+03 1.021034e+00 1.768747e+06 1.407487e+02 1.801407e-02 1.817668e+00 4.506111e-05 4.597270e-02
3.211188e+00 1.037210e+00 4.320140e+03 1.048870e+00 1.845488e+06 1.468640e+02 -2.887064e-02 1.847755e+00 4.506111e-05 4.837894e-02
3.311304e+00 1.038963e+00 4.320042e+03 1.035098e+00 1.893068e+06 1.506430e+02 -4.877317e-02 2.127930e+00 4.100800e-05 4.970467e-02
3.414541e+00 1.039287e+00 4.319622e+03 1.038635e+00 1.809145e+06 1.439582e+02 -2.546233e-02 2.285849e+00 4.351139e-05 4.729664e-02
3.520998e+00 1.043918e+00 4.319549e+03 1.027880e+00 1.764942e+06 1.404393e+02 -3.350496e-03 1.677134e+00 4.363060e-05 4.573560e-02
3.630773e+00 1.049680e+00 4.320027e+03 1.037490e+00 1.855832e+06 1.476780e+02 -3.061962e-02 2.127834e+00 4.780293e-05 4.751706e-02
3.743970e+00 1.045329e+00 4.319627e+03 1.011345e+00 1.780822e+06 1.417323e+02 1.059294e-03 2.083699e+00 4.184246e-05 4.650283e-02
3.860697e+00 1.041868e+00 4.318504e+03 1.013950e+00 1.825883e+06 1.452906e+02 4.744530e-04 2.075490e+00 4.267693e-05 4.789710e-02
3.981063e+00 1.045948e+00 4.319808e+03 1.063273e+00 1.827831e+06 1.454581e+02 -2.034885e-02 2.460676e+00 3.945827e-05 4.771066e-02
4.105181e+00 1.051374e+00 4.319540e+03 1.017173e+00 1.766625e+06 1.405870e+02 3.347492e-02 2.561594e+00 4.780293e-05 4.515374e-02
4.233170e+00 1.050138e+00 4.318737e+03 1.040273e+00 1.839147e+06 1.463637e+02 -4.755211e-02 2.167467e+00 4.518032e-05 4.720938e-02
4.365148e+00 1.056562e+00 4.318757e+03 1.004367e+00 1.764499e+06 1.404246e+02 -3.151983e-02 2.260718e+00 3.945827e-05 4.479277e-02
4.501241e+00 1.065879e+00 4.319841e+03 1.032136e+00 1.767721e+06 1.406809e+02 1.977384e-02 2.023142e+00 4.458427e-05 4.413557e-02
4.641578e+00 1.063364e+00 4.319090e+03 1.017604e+00 1.814716e+06 1.444124e+02 2.816987e-02 2.108663e+00 4.136562e-05 4.456377e-02
4.786289e+00 1.064539e+00 4.319033e+03 9.736719e-01 1.706840e+06 1.358314e+02 -1.509029e-02 2.218692e+00 4.267693e-05 4.245985e-02
4.935513e+00 1.067075e+00 4.318112e+03 1.038266e+00 1.825172e+06 1.452404e+02 -2.590197e-02 2.126173e+00 4.351139e-05 4.469371e-02
5.089388e+00 1.075258e+00 4.318844e+03 1.035421e+00 1.878505e+06 1.494949e+02 -5.281723e-02 1.914111e+00 4.923344e-05 4.575551e-02
5.248061e+00 1.079447e+00 4.318815e+03 1.000174e+00 1.760160e+06 1.400761e+02 -9.853005e-03 2.969098e+00 4.196167e-05 4.316163e-02
5.411681e+00 1.075898e+00 4.317833e+03 1.021129e+00 1.809637e+06 1.440177e+02 -3.614080e-02 2.190735e+00 4.172325e-05 4.366279e-02
5.580403e+00 1.086571e+00 4.318580e+03 1.027373e+00 1.851391e+06 1.473329e+02 1.798987e-02 1.993197e+00 4.208088e-05 4.429603e-02
5.754384e+00 1.092350e+00 4.317899e+03 1.034382e+00 1.779281e+06 1.415811e+02 3.056324e-02 1.535546e+00 4.553795e-05 4.252756e-02
5.933790e+00 1.091867e+00 4.317583e+03 1.015969e+00 1.741077e+06 1.385466e+02 -4.303831e-02 2.334520e+00 4.506111e-05 4.212272e-02
6.118789e+00 1.100105e+00 4.318161e+03 9.839928e-01 1.696764e+06 1.350153e+02 -2.947867e-03 2.071239e+00 4.553795e-05 3.991127e-02
6.309556e+00 1.113922e+00 4.318514e+03 1.023989e+00 1.772574e+06 1.410469e+02 -5.133086e-02 1.766004e+00 4.458427e-05 4.021871e-02
6.506271e+00 1.113317e+00 4.318539e+03 1.018963e+00 1.834364e+06 1.459763e+02 -4.787201e-02 1.934040e+00 4.839897e-05 4.192412e-02
6.709118e+00 1.122262e+00 4.318068e+03 9.868757e-01 1.668640e+06 1.327798e+02 -5.877495e-03 2.713655e+00 4.374981e-05 3.760612e-02
6.918290e+00 1.124881e+00 4.317878e+03 1.017698e+00 1.806571e+06 1.437602e+02 -4.898691e-02 2.564474e+00 3.516674e-05 4.050827e-02
7.133984e+00 1.134226e+00 4.317921e+03 1.018677e+00 1.796850e+06 1.429905e+02 -1.786596e-02 1.946428e+00 4.339218e-05 3.925943e-02
7.356401e+00 1.141764e+00 4.317651e+03 9.743699e-01 1.744094e+06 1.387869e+02 -5.783635e-02 2.444927e+00 4.065037e-05 3.757918e-02
7.585754e+00 1.150126e+00 4.317099e+03 9.945920e-01 1.761637e+06 1.401904e+02 -4.805219e-02 1.838016e+00 4.267693e-05 3.772664e-02
7.822257e+00 1.154442e+00 4.317406e+03 9.831966e-01 1.706267e+06 1.357748e+02 1.529670e-02 2.303491e+00 4.553795e-05 3.627646e-02
8.066133e+00 1.163552e+00 4.316559e+03 1.009423e+00 1.747244e+06 1.390346e+02 -5.712861e-02 2.531071e+00 3.921986e-05 3.609216e-02
8.317613e+00 1.176673e+00 4.317206e+03 1.040540e+00 1.798662e+06 1.431252e+02 -2.942157e-02 1.684359e+00 4.518032e-05 3.683186e-02
8.576933e+00 1.192499e+00 4.316685e+03 1.044831e+00 1.868847e+06 1.487300e+02 -3.575885e-02 2.073256e+00 4.291534e-05 3.722310e-02
8.844338e+00 1.198970e+00 4.317456e+03 1.000724e+00 1.778458e+06 1.415231e+02 -6.511301e-02 1.704362e+00 4.744530e-05 3.524315e-02
9.120080e+00 1.204358e+00 4.317220e+03 1.039056e+00 1.811101e+06 1.441193e+02 -2.507120e-02 2.592234e+00 4.529953e-05 3.512955e-02
9.404419e+00 1.219267e+00 4.316371e+03 1.008258e+00 1.799638e+06 1.432229e+02 -4.255068e-02 1.618165e+00 4.351139e-05 3.430045e-02
9.697623e+00 1.227985e+00 4.316340e+03 1.011535e+00 1.840026e+06 1.464299e+02 -1.317084e-03 1.796372e+00 4.386902e-05 3.398120e-02
9.999969e+00 1.245244e+00 4.316260e+03 9.984695e-01 1.737544e+06 1.382512e+02 -2.533573e-02 2.160295e+00 4.160404e-05 3.140759e-02
1.031174e+01 1.254318e+00 4.315775e+03 1.017985e+00 1.725200e+06 1.372778e+02 -2.150267e-02 1.963223e+00 4.088879e-05 3.103387e-02
1.063323e+01 1.271551e+00 4.315258e+03 1.044775e+00 1.816311e+06 1.445455e+02 -3.423995e-02 2.323857e+00 4.148483e-05 3.193486e-02
1.096475e+01 1.284919e+00 4.314694e+03 1.013895e+00 1.743373e+06 1.387290e+02 -3.744328e-02 1.875125e+00 4.327297e-05 2.976823e-02
1.130660e+01 1.295229e+00 4.314390e+03 1.043559e+00 1.813098e+06 1.442861e+02 -3.694457e-02 1.791918e+00 4.422665e-05 3.041124e-02
1.165911e+01 1.319893e+00 4.313939e+03 1.016934e+00 1.787647e+06 1.422654e+02 -2.455461e-02 2.068266e+00 4.649162e-05 2.867281e-02
1.202261e+01 1.334292e+00 4.313636e+03 9.979923e-01 1.727688e+06 1.374895e+02 -5.775559e-02 3.202234e+00 4.279613e-05 2.729964e-02
1.239744e+01 1.352420e+00 4.313754e+03 1.038755e+00 1.748684e+06 1.391479e+02 -4.946667e-02 1.885051e+00 4.220009e-05 2.699077e-02
1.278396e+01 1.383240e+00 4.313702e+03 1.021090e+00 1.687299e+06 1.342612e+02 -4.823208e-03 1.597166e+00 4.160404e-05 2.503335e-02
1.318252e+01 1.394997e+00 4.313191e+03 1.030275e+00 1.714966e+06 1.364945e+02 -5.022568e-02 2.066433e+00 4.506111e-05 2.509487e-02
1.359352e+01 1.417435e+00 4.312903e+03 9.941267e-01 1.717038e+06 1.366593e+02 -4.726881e-02 3.569242e+00 4.041195e-05 2.410018e-02
1.401733e+01 1.443882e+00 4.312069e+03 1.029786e+00 1.692214e+06 1.346495e+02 1.774073e-03 2.094243e+00 4.482269e-05 2.286756e-02
1.445435e+01 1.461500e+00 4.312096e+03 1.003444e+00 1.651485e+06 1.314225e+02 -2.669239e-02 1.664413e+00 4.374981e-05 2.218914e-02
1.490500e+01 1.493585e+00 4.311958e+03 1.010870e+00 1.761175e+06 1.401372e+02 -5.629283e-02 1.863921e+00 4.255772e-05 2.191257e-02
1.536969e+01 1.514802e+00 4.311269e+03 1.024839e+00 1.733321e+06 1.379230e+02 1.074195e-02 1.807182e+00 4.374981e-05 2.121007e-02
1.584888e+01 1.546381e+00 4.310837e+03 1.002041e+00 1.752600e+06 1.394503e+02 1.376688e-02 2.401240e+00 4.351139e-05 2.077413e-02
1.634300e+01 1.575475e+00 4.310101e+03 1.016590e+00 1.713808e+06 1.363920e+02 -1.185596e-02 2.405835e+00 4.243851e-05 1.939142e-02
1.685253e+01 1.607832e+00 4.310547e+03 1.003602e+00 1.668559e+06 1.327760e+02 -5.926216e-02 2.312223e+00 4.017353e-05 1.839495e-02
1.737795e+01 1.639397e+00 4.309293e+03 1.002702e+00 1.647257e+06 1.311118e+02 1.650488e-02 3.005949e+00 4.494190e-05 1.751101e-02
1.791974e+01 1.675284e+00 4.309481e+03 1.023479e+00 1.714969e+06 1.364512e+02 -2.573097e-02 2.200462e+00 4.124641e-05 1.741624e-02
1.847843e+01 1.709209e+00 4.309521e+03 1.023935e+00 1.744818e+06 1.388519e+02 -7.021880e-02 1.874652e+00 4.160404e-05 1.686203e-02
1.905454e+01 1.740429e+00 4.308257e+03 1.031455e+00 1.710535e+06 1.361049e+02 -2.539074e-02 1.945655e+00 4.243851e-05 1.578856e-02
1.964861e+01 1.783906e+00 4.307830e+03 1.021605e+00 1.707596e+06 1.359100e+02 -6.753039e-02 2.248914e+00 4.303455e-05 1.483476e-02
2.026120e+01 1.824597e+00 4.308015e+03 1.010836e+00 1.647594e+06 1.311099e+02 -2.047640e-02 2.273363e+00 4.327297e-05 1.397479e-02
2.089288e+01 1.872701e+00 4.307818e+03 1.011625e+00 1.617634e+06 1.287029e+02 -5.497706e-02 2.102647e+00 4.804134e-05 1.314497e-02
2.154427e+01 1.912873e+00 4.307814e+03 1.000755e+00 1.675641e+06 1.333336e+02 -3.214008e-02 2.188301e+00 3.981590e-05 1.270759e-02
2.221596e+01 1.959647e+00 4.306971e+03 1.029364e+00 1.694611e+06 1.348208e+02 -4.390895e-02 2.176153e+00 4.351139e-05 1.239359e-02
2.290859e+01 2.014294e+00 4.306920e+03 1.010270e+00 1.669530e+06 1.328880e+02 -3.759921e-02 2.404495e+00 4.851818e-05 1.141870e-02
2.362282e+01 2.055442e+00 4.305904e+03 1.018658e+00 1.675058e+06 1.332955e+02 -1.706344e-02 2.006558e+00 4.303455e-05 1.116419e-02
2.435931e+01 2.108819e+00 4.305468e+03 1.020768e+00 1.667518e+06 1.326907e+02 -2.556020e-02 1.894964e+00 4.267693e-05 1.058042e-02
2.511877e+01 2.171043e+00 4.306434e+03 1.003924e+00 1.641116e+06 1.305236e+02 -3.187156e-02 2.298395e+00 4.303455e-05 9.831667e-03
2.590190e+01 2.221127e+00 4.305501e+03 1.011295e+00 1.629180e+06 1.296336e+02 -3.070623e-02 2.116003e+00 3.850460e-05 9.256005e-03
2.670945e+01 2.290172e+00 4.306410e+03 1.000526e+00 1.614788e+06 1.284762e+02 -6.381726e-02 1.755477e+00 4.422665e-05 8.731961e-03
2.754218e+01 2.349816e+00 4.306964e+03 1.009719e+00 1.653710e+06 1.315791e+02 -2.226382e-02 1.841374e+00 4.684925e-05 8.423328e-03
2.840087e+01 2.409319e+00 4.306285e+03 9.958161e-01 1.573339e+06 1.251747e+02 -6.166732e-02 2.022623e+00 4.339218e-05 7.760048e-03
2.928633e+01 2.477638e+00 4.306487e+03 1.046568e+00 1.672905e+06 1.331045e+02 -5.333567e-02 2.136487e+00 4.410744e-05 7.623434e-03
3.019939e+01 2.548239e+00 4.306990e+03 1.023443e+00 1.641013e+06 1.305312e+02 -2.337062e-02 2.074361e+00 4.410744e-05 7.151604e-03
3.114093e+01 2.616580e+00 4.306414e+03 1.055731e+00 1.650489e+06 1.314289e+02 -8.104509e-02 1.902941e+00 4.255772e-05 6.844878e-03
3.211182e+01 2.689255e+00 4.306272e+03 1.012727e+00 1.583526e+06 1.260915e+02 -1.388007e-02 2.547397e+00 4.863739e-05 6.139040e-03
3.311298e+01 2.765011e+00 4.306326e+03 1.038852e+00 1.627339e+06 1.295852e+02 -6.620705e-03 2.120698e+00 4.053116e-05 6.015539e-03
3.414534e+01 2.845495e+00 4.306348e+03 1.053813e+00 1.624806e+06 1.292338e+02 -5.856365e-02 1.548383e+00 4.577637e-05 5.607247e-03
3.520990e+01 2.922087e+00 4.306779e+03 1.049061e+00 1.611076e+06 1.281643e+02 -2.344614e-02 2.295558e+00 4.470348e-05 5.318284e-03
3.630765e+01 3.017251e+00 4.309164e+03 1.016859e+00 1.542798e+06 1.227479e+02 -4.564410e-02 2.445547e+00 4.351139e-05 4.756212e-03
3.743962e+01 3.090590e+00 4.309061e+03 1.033999e+00 1.558809e+06 1.241052e+02 -6.303966e-02 2.575175e+00 4.744530e-05 4.573464e-03
3.860689e+01 3.178255e+00 4.310705e+03 9.966933e-01 1.490292e+06 1.186456e+02 -1.257376e-01 2.169631e+00 4.327297e-05 4.176736e-03
3.981054e+01 3.263564e+00 4.313073e+03 1.009284e+00 1.465643e+06 1.165804e+02 -7.469416e-02 2.030961e+00 4.172325e-05 3.868699e-03
4.105173e+01 3.362249e+00 4.315283e+03 1.030498e+00 1.489110e+06 1.186303e+02 -6.134099e-02 1.951246e+00 3.981590e-05 3.701806e-03
4.233161e+01 3.453720e+00 4.317243e+03 1.008191e+00 1.476901e+06 1.175149e+02 -5.724776e-02 1.612434e+00 4.184246e-05 3.550172e-03
4.365139e+01 3.543823e+00 4.319681e+03 1.022576e+00 1.431883e+06 1.140339e+02 -7.111490e-02 1.913212e+00 4.982948e-05 3.224492e-03
4.501232e+01 3.643746e+00 4.321062e+03 1.011578e+00 1.376854e+06 1.095241e+02 -9.330666e-02 2.428246e+00 4.625320e-05 2.960563e-03
4.641568e+01 3.730946e+00 4.322783e+03 9.673076e-01 1.400905e+06 1.113168e+02 -8.646494e-02 1.900311e+00 4.649162e-05 2.825737e-03
4.786279e+01 3.830518e+00 4.324852e+03 9.939165e-01 1.435669e+06 1.144235e+02 -1.006665e-01 1.771552e+00 4.673004e-05 2.724767e-03
4.935502e+01 3.930494e+00 4.326119e+03 1.025800e+00 1.432862e+06 1.140415e+02 -9.310013e-02 2.169256e+00 4.637241e-05 2.616882e-03
5.089378e+01 4.030884e+00 4.328308e+03 1.016893e+00 1.453945e+06 1.160278e+02 -7.720691e-02 2.219706e+00 4.577637e-05 2.492428e-03
5.248050e+01 4.130861e+00 4.330778e+03 1.063881e+00 1.413473e+06 1.124525e+02 -3.344488e-02 1.987142e+00 4.303455e-05 2.319098e-03
5.411670e+01 4.229741e+00 4.332133e+03 1.012001e+00 1.366275e+06 1.084902e+02 -9.131670e-02 1.861042e+00 4.255772e-05 2.151728e-03
5.580391e+01 4.325048e+00 4.333467e+03 1.051002e+00 1.418198e+06 1.127479e+02 -8.795434e-02 2.155521e+00 4.374981e-05 2.136111e-03
5.754372e+01 4.423173e+00 4.335371e+03 1.026746e+00 1.376772e+06 1.095801e+02 -3.232080e-02 1.900401e+00 4.529953e-05 1.967311e-03
5.933778e+01 4.519350e+00 4.338102e+03 1.047327e+00 1.347287e+06 1.073290e+02 -7.211840e-02 1.651445e+00 4.422665e-05 1.860619e-03
6.118777e+01 4.621110e+00 4.341030e+03 1.035466e+00 1.312580e+06 1.042427e+02 -1.165579e-01 1.447876e+00 4.339218e-05 1.743555e-03
6.309543e+01 4.716370e+00 4.341869e+03 1.013365e+00 1.292864e+06 1.028116e+02 -4.424155e-02 1.762321e+00 4.625320e-05 1.640201e-03
6.506258e+01 4.816051e+00 4.344688e+03 1.014170e+00 1.249860e+06 9.985254e+01 -6.716275e-02 1.517083e+00 5.209446e-05 1.501560e-03
6.709105e+01 4.920684e+00 4.347922e+03 1.014565e+00 1.267577e+06 1.010137e+02 -6.751561e-02 2.060216e+00 4.541874e-05 1.432061e-03
6.918276e+01 5.001057e+00 4.348416e+03 9.958246e-01 1.217646e+06 9.685788e+01 -9.387064e-02 1.914742e+00 4.172325e-05 1.367927e-03
7.133969e+01 5.094640e+00 4.351801e+03 1.005293e+00 1.194771e+06 9.509572e+01 -9.589678e-02 1.992302e+00 4.315376e-05 1.316309e-03
7.356387e+01 5.184852e+00 4.353606e+03 1.008878e+00 1.179963e+06 9.407204e+01 -2.972656e-02 1.861084e+00 4.887581e-05 1.219988e-03
7.585738e+01 5.266840e+00 4.358183e+03 1.024190e+00 1.160889e+06 9.235571e+01 -1.084590e-01 2.230261e+00 5.054474e-05 1.193881e-03
7.822240e+01 5.353035e+00 4.361442e+03 1.002262e+00 1.141151e+06 9.083801e+01 -6.502825e-02 3.031067e+00 4.780293e-05 1.118660e-03
8.066116e+01 5.441618e+00 4.364931e+03 1.010539e+00 1.094550e+06 8.687569e+01 -1.145588e-01 2.260254e+00 4.482269e-05 1.039863e-03
8.317596e+01 5.516076e+00 4.368533e+03 1.015550e+00 1.110499e+06 8.809799e+01 -1.219769e-01 1.994248e+00 4.553795e-05 1.018286e-03
8.576916e+01 5.589494e+00 4.371317e+03 9.731889e-01 1.039844e+06 8.294392e+01 -9.678054e-02 1.608296e+00 4.255772e-05 9.344816e-04
8.844320e+01 5.661182e+00 4.374624e+03 1.008457e+00 1.034917e+06 8.243462e+01 -1.358827e-01 2.029306e+00 4.470348e-05 9.287596e-04
9.120061e+01 5.731727e+00 4.377960e+03 9.932221e-01 1.007111e+06 7.988815e+01 -1.071638e-01 2.821471e+00 4.613400e-05 8.574724e-04
9.404400e+01 5.792676e+00 4.381393e+03 9.571902e-01 9.449962e+05 7.539616e+01 -1.220201e-01 1.620445e+00 4.494190e-05 7.832050e-04
9.697604e+01 5.856802e+00 4.384184e+03 1.008142e+00 9.314507e+05 7.432664e+01 -8.618164e-02 1.880062e+00 4.541874e-05 7.814169e-04
9.999948e+01 5.915717e+00 4.388659e+03 9.424225e-01 8.956954e+05 7.117918e+01 -5.852741e-02 2.021179e+00 4.529953e-05 7.232428e-04
1.031172e+02 5.962534e+00 4.392024e+03 9.940104e-01 8.787822e+05 7.025227e+01 -1.084439e-01 1.870358e+00 4.482269e-05 7.083416e-04
1.063321e+02 6.017326e+00 4.395935e+03 9.560766e-01 8.589208e+05 6.807248e+01 -6.576884e-02 1.776639e+00 4.708767e-05 6.608963e-04
1.096473e+02 6.062797e+00 4.399900e+03 9.707693e-01 8.978076e+05 7.116900e+01 -1.432764e-01 1.719063e+00 4.601479e-05 6.891489e-04
1.130658e+02 6.097292e+00 4.405554e+03 1.019323e+00 9.221988e+05 7.316544e+01 -1.025826e-01 1.849125e+00 4.446507e-05 6.961823e-04
1.165908e+02 6.136724e+00 4.410501e+03 1.022787e+00 8.890906e+05 7.071063e+01 -7.841492e-02 2.330127e+00 4.220009e-05 6.474257e-04
1.202258e+02 6.168379e+00 4.415841e+03 1.018436e+00 8.401804e+05 6.752245e+01 -9.100455e-02 2.502968e+00 4.458427e-05 6.142855e-04
1.239741e+02 6.198317e+00 4.421785e+03 1.030493e+00 8.739866e+05 6.911144e+01 -9.447771e-02 2.703313e+00 4.291534e-05 6.282330e-04
1.278393e+02 6.216975e+00 4.427994e+03 1.020049e+00 8.530305e+05 6.777709e+01 -6.479388e-02 1.471889e+00 4.720688e-05 6.200075e-04
1.318250e+02 6.239026e+00 4.434113e+03 9.903257e-01 8.017933e+05 6.418147e+01 -3.699392e-02 2.007787e+00 4.363060e-05 5.711317e-04
1.359349e+02 6.248912e+00 4.440480e+03 1.003426e+00 8.175808e+05 6.511857e+01 -7.604754e-02 1.816839e+00 4.231930e-05 5.819798e-04
1.401730e+02 6.258365e+00 4.448358e+03 1.028546e+00 8.153756e+05 6.463983e+01 -6.540716e-02 1.893236e+00 3.933907e-05 5.847216e-04
1.445432e+02 6.264007e+00 4.455259e+03 9.940817e-01 8.109249e+05 6.436481e+01 -4.939032e-02 1.629896e+00 4.243851e-05 5.699396e-04
1.490497e+02 6.261538e+00 4.463358e+03 1.002715e+00 7.877116e+05 6.246004e+01 -4.049551e-02 2.133361e+00 4.541874e-05 5.745888e-04
1.536966e+02 6.248880e+00 4.471114e+03 9.828640e-01 7.137083e+05 5.630775e+01 4.573107e-03 1.454241e+00 3.933907e-05 5.149841e-04
1.584885e+02 6.246821e+00 4.479943e+03 9.798472e-01 7.029670e+05 5.649109e+01 -9.313458e-02 1.778508e+00 4.589558e-05 5.103350e-04
1.634297e+02 6.230685e+00 4.488362e+03 9.930486e-01 7.177756e+05 5.729578e+01 -9.068233e-02 1.988331e+00 4.136562e-05 5.254745e-04
1.685250e+02 6.207098e+00 4.496892e+03 9.573440e-01 6.377330e+05 5.065456e+01 -1.070037e-01 1.533602e+00 4.148483e-05 4.689693e-04
1.737791e+02 6.183813e+00 4.506864e+03 9.848179e-01 6.340587e+05 5.020638e+01 -8.079326e-02 1.137989e+00 4.148483e-05 4.650354e-04
1.791971e+02 6.156169e+00 4.517068e+03 9.599381e-01 6.085969e+05 4.859701e+01 -1.121047e-01 2.246027e+00 3.945827e-05 4.504919e-04
1.847840e+02 6.124906e+00 4.528404e+03 9.785567e-01 6.207891e+05 4.914705e+01 -9.916753e-02 1.754848e+00 3.874302e-05 4.696846e-04
1.905450e+02 6.089970e+00 4.539746e+03 9.550844e-01 5.886221e+05 4.632555e+01 -1.141170e-01 2.206491e+00 4.875660e-05 4.526377e-04
1.964857e+02 6.047819e+00 4.551311e+03 9.886802e-01 5.988751e+05 4.783307e+01 -1.326668e-01 1.239184e+00 4.279613e-05 4.658699e-04
2.026116e+02 6.001035e+00 4.564670e+03 9.858289e-01 5.757305e+05 4.564309e+01 -1.395079e-01 1.579797e+00 4.041195e-05 4.553795e-04
2.089284e+02 5.949727e+00 4.576991e+03 9.707957e-01 5.270905e+05 4.201691e+01 -1.388375e-01 1.573206e+00 3.969669e-05 4.247427e-04
2.154422e+02 5.892443e+00 4.591553e+03 9.767523e-01 5.330817e+05 4.280122e+01 -1.330740e-01 1.485024e+00 4.053116e-05 4.348755e-04
2.221591e+02 5.838018e+00 4.606202e+03 9.798338e-01 4.835274e+05 3.843147e+01 -1.568378e-01 2.058557e+00 3.612041e-05 3.993511e-04
2.290854e+02 5.770573e+00 4.620589e+03 9.500002e-01 4.652924e+05 3.704618e+01 -8.686411e-02 2.828879e+00 3.993511e-05 3.983974e-04
2.362277e+02 5.701925e+00 4.636055e+03 1.002200e+00 4.826336e+05 3.881853e+01 -1.418242e-01 1.290587e+00 4.136562e-05 4.153252e-04
2.435926e+02 5.624584e+00 4.652596e+03 1.026615e+00 4.779998e+05 3.798328e+01 -9.963036e-02 1.749518e+00 4.017353e-05 4.190207e-04
2.511872e+02 5.553671e+00 4.669858e+03 1.018353e+00 4.533329e+05 3.613963e+01 -1.239219e-01 1.469053e+00 3.612041e-05 4.149675e-04
2.590185e+02 5.472317e+00 4.688261e+03 1.002941e+00 4.359538e+05 3.495807e+01 -1.127969e-01 1.447494e+00 3.910065e-05 4.088879e-04
2.670940e+02 5.393894e+00 4.708145e+03 9.910975e-01 4.068579e+05 3.238103e+01 -1.015272e-01 1.174239e+00 3.445148e-05 3.923178e-04
2.754212e+02 5.308004e+00 4.728685e+03 9.751334e-01 3.781331e+05 3.011976e+01 -1.022397e-01 1.368944e+00 3.874302e-05 3.736019e-04
2.840081e+02 5.218457e+00 4.750898e+03 9.641870e-01 3.792227e+05 3.033366e+01 -9.268922e-02 1.752537e+00 3.528595e-05 3.911257e-04
2.928627e+02 5.129659e+00 4.772757e+03 1.009455e+00 3.795677e+05 3.020124e+01 -5.365497e-02 1.395356e+00 3.921986e-05 4.040003e-04
3.019933e+02 5.033398e+00 4.797703e+03 1.026653e+00 3.818442e+05 3.055266e+01 -6.815606e-02 1.944890e+00 3.516674e-05 4.197359e-04
3.114087e+02 4.937133e+00 4.821432e+03 1.019401e+00 3.644896e+05 2.893819e+01 -5.931568e-02 1.824856e+00 3.933907e-05 4.198551e-04
3.211176e+02 4.845080e+00 4.848914e+03 1.029924e+00 3.649056e+05 2.898912e+01 -2.972752e-02 1.846817e+00 3.647804e-05 4.302263e-04
3.311291e+02 4.746455e+00 4.877411e+03 1.035992e+00 3.476530e+05 2.799599e+01 -5.348212e-02 1.380714e+00 3.850460e-05 4.385710e-04
3.414528e+02 4.640237e+00 4.905591e+03 9.909188e-01 3.124962e+05 2.489947e+01 -7.510036e-02 1.196240e+00 3.623962e-05 4.086494e-04
3.520984e+02 4.534000e+00 4.936894e+03 1.014626e+00 3.089298e+05 2.462955e+01 -7.448971e-03 1.385489e+00 3.373623e-05 4.129410e-04
3.630758e+02 4.428684e+00 4.968816e+03 1.040401e+00 3.376603e+05 2.690101e+01 -9.005821e-02 1.457944e+00 3.612041e-05 4.731417e-04
3.743955e+02 4.323427e+00 5.003118e+03 1.042576e+00 3.277536e+05 2.587732e+01 -4.007804e-02 1.288012e+00 3.266335e-05 4.814863e-04
3.860681e+02 4.216047e+00 5.040300e+03 1.002510e+00 2.970009e+05 2.357021e+01 -7.047814e-02 1.707270e+00 3.850460e-05 4.628897e-04
3.981047e+02 4.112717e+00 5.078625e+03 1.017402e+00 2.990239e+05 2.369753e+01 -1.921749e-02 1.048772e+00 3.314018e-05 4.854202e-04
4.105165e+02 4.002846e+00 5.119265e+03 1.002006e+00 2.902076e+05 2.330029e+01 -5.632973e-02 1.117853e+00 3.373623e-05 4.987717e-04
4.233152e+02 3.893358e+00 5.161015e+03 1.029437e+00 2.782905e+05 2.230206e+01 -5.241865e-02 1.073169e+00 3.361702e-05 5.133152e-04
4.365131e+02 3.784101e+00 5.205438e+03 1.053831e+00 2.812692e+05 2.219511e+01 -6.233561e-02 1.058946e+00 3.349781e-05 5.418062e-04
4.501223e+02 3.670693e+00 5.252267e+03 1.044349e+00 2.674291e+05 2.130384e+01 -1.845497e-02 1.304693e+00 3.516674e-05 5.513430e-04
4.641559e+02 3.561270e+00 5.301619e+03 1.066800e+00 2.785203e+05 2.217729e+01 1.914370e-02 1.011026e+00 3.564358e-05 6.108284e-04
4.786270e+02 3.457088e+00 5.355482e+03 1.065863e+00 2.577720e+05 2.039985e+01 6.118894e-02 8.815206e-01 3.743172e-05 5.993843e-04
4.935493e+02 3.349338e+00 5.410944e+03 1.033093e+00 2.343458e+05 1.862240e+01 7.729435e-02 7.494593e-01 3.385544e-05 5.762577e-04
5.089368e+02 3.242117e+00 5.471052e+03 1.073722e+00 2.435201e+05 1.939653e+01 1.894681e-01 1.046323e+00 3.743172e-05 6.381273e-04
5.248040e+02 3.130779e+00 5.532673e+03 1.061837e+00 2.366360e+05 1.883885e+01 7.372952e-02 8.833977e-01 4.088879e-05 6.695986e-04
5.411660e+02 3.028099e+00 5.600591e+03 1.099652e+00 2.248432e+05 1.793231e+01 7.875443e-02 1.025855e+00 3.993511e-05 6.788969e-04
5.580380e+02 2.923057e+00 5.670276e+03 1.129073e+00 2.202517e+05 1.763437e+01 -1.349819e-02 1.275293e+00 3.838539e-05 7.182360e-04
5.754362e+02 2.820514e+00 5.746941e+03 1.075207e+00 2.100060e+05 1.669217e+01 -4.243302e-02 9.036402e-01 4.065037e-05 7.256269e-04
5.933766e+02 2.722127e+00 5.827444e+03 1.017007e+00 1.839395e+05 1.456841e+01 -6.962031e-02 7.661687e-01 3.635883e-05 6.957054e-04
6.118765e+02 2.620061e+00 5.912080e+03 1.015997e+00 1.723407e+05 1.371024e+01 4.005134e-02 8.674450e-01 3.874302e-05 7.013083e-04
6.309531e+02 2.523290e+00 6.003377e+03 1.078838e+00 1.856534e+05 1.470974e+01 9.464860e-03 9.389315e-01 3.612041e-05 8.119345e-04
6.506245e+02 2.431636e+00 6.101346e+03 1.053379e+00 1.704896e+05 1.363512e+01 -3.133893e-03 8.001320e-01 3.421307e-05 8.031130e-04
6.709092e+02 2.339962e+00 6.205684e+03 1.076049e+00 1.619422e+05 1.293611e+01 7.125235e-02 7.373589e-01 3.480911e-05 8.165836e-04
6.918263e+02 2.248404e+00 6.316427e+03 1.035892e+00 1.462030e+05 1.155465e+01 5.887640e-02 1.008593e+00 3.635883e-05 8.089542e-04
7.133955e+02 2.159881e+00 6.435294e+03 1.086261e+00 1.592312e+05 1.271075e+01 1.554251e-03 6.748090e-01 3.802776e-05 9.436607e-04
7.356372e+02 2.075980e+00 6.564256e+03 1.038971e+00 1.407248e+05 1.123379e+01 -5.829930e-04 7.092242e-01 3.707409e-05 9.101629e-04
7.585724e+02 1.991919e+00 6.700551e+03 1.041775e+00 1.334369e+05 1.062773e+01 -3.453672e-02 7.361487e-01 3.898144e-05 9.199381e-04
7.822225e+02 1.915894e+00 6.847916e+03 9.898993e-01 1.207395e+05 9.642243e+00 5.646908e-02 5.526564e-01 3.373623e-05 9.061098e-04
8.066101e+02 1.841231e+00 7.005905e+03 1.038875e+00 1.215903e+05 9.692536e+00 -2.287447e-02 6.055775e-01 3.516674e-05 1.026392e-03
8.317580e+02 1.766610e+00 7.179145e+03 1.040177e+00 1.172662e+05 9.346215e+00 1.489663e-02 6.858732e-01 3.206730e-05 1.052260e-03
8.576899e+02 1.695498e+00 7.366903e+03 1.085390e+00 1.247765e+05 9.936362e+00 -2.090073e-02 4.928502e-01 3.421307e-05 1.193881e-03
8.844303e+02 1.626727e+00 7.568247e+03 1.017802e+00 1.069289e+05 8.509697e+00 2.227032e-02 3.889292e-01 3.302097e-05 1.128435e-03
9.120044e+02 1.565164e+00 7.786542e+03 1.007681e+00 1.015868e+05 8.059607e+00 -3.322369e-02 5.135844e-01 3.707409e-05 1.151323e-03
9.404382e+02 1.505922e+00 8.019929e+03 9.871785e-01 9.928428e+04 7.889629e+00 -7.623851e-03 7.753229e-01 3.850460e-05 1.227260e-03
9.697585e+02 1.447665e+00 8.276942e+03 9.995022e-01 9.822616e+04 7.824057e+00 7.503700e-02 3.946611e-01 3.957748e-05 1.335025e-03
