#./overdamped_3d --dev=2 --amp=120 --omega=1 --force=0 --Dg=0.01 --block=256 --paths=4096 --periods=1000 --trans=100 --samples=100 --spp=10000 --algorithm=euler --pav=1 --mode=moments --domain=1d --domainx=a:-1:3:300:1 --domainy=s:-1:2:100:1 --domainz=a:-1:2.5:100:1 --q=2 --eps=0 --phi=1.57079632679 --lambda=20.0 --zeta=0.05 --comp=0 --mean=1.0 --second=13.0 --skew=0.99 --distribution=s>> 1D_a:-1:3:300:1_13.0_20.0_0.99_1.0_over.dat
#a <<v>> qnu(q) mu_q Dx Gx EBx
1.000000e-01 1.012365e+00 9.762774e-01 1.723556e+06 1.371521e+02 -4.330862e-02 5.316734e-05
1.031177e-01 1.008860e+00 1.032107e+00 1.845459e+06 1.468593e+02 2.631950e-02 5.316734e-05
1.063327e-01 1.001868e+00 1.017767e+00 1.801472e+06 1.433614e+02 -2.844095e-03 5.161762e-05
1.096478e-01 1.015396e+00 1.028641e+00 1.764003e+06 1.403689e+02 3.959656e-02 4.875660e-05
1.130663e-01 1.005721e+00 1.031967e+00 1.856262e+06 1.477260e+02 8.172989e-04 5.269051e-05
1.165914e-01 1.011013e+00 1.020247e+00 1.829649e+06 1.455927e+02 1.146901e-02 4.863739e-05
1.202264e-01 1.013494e+00 1.009017e+00 1.762848e+06 1.402712e+02 1.750803e-02 4.947186e-05
1.239747e-01 1.008110e+00 1.022494e+00 1.806370e+06 1.437446e+02 1.181185e-02 5.471706e-05
1.278399e-01 1.012405e+00 1.009991e+00 1.800705e+06 1.432939e+02 3.566170e-02 5.209446e-05
1.318256e-01 1.006311e+00 1.001113e+00 1.758394e+06 1.399297e+02 -2.571642e-03 5.507469e-05
1.359356e-01 1.009672e+00 1.034961e+00 1.815248e+06 1.444424e+02 2.537358e-02 5.376339e-05
1.401737e-01 1.010416e+00 1.035884e+00 1.805326e+06 1.436539e+02 -2.850133e-02 4.982948e-05
1.445439e-01 1.009878e+00 1.004232e+00 1.787750e+06 1.422533e+02 1.493728e-02 5.042553e-05
1.490504e-01 1.008045e+00 1.031469e+00 1.876599e+06 1.493309e+02 -3.266329e-02 5.292892e-05
1.536974e-01 1.010922e+00 1.025137e+00 1.817946e+06 1.446817e+02 -2.083778e-02 5.865097e-05
1.584892e-01 1.017051e+00 1.017380e+00 1.743065e+06 1.387175e+02 2.765715e-02 5.221367e-05
1.634305e-01 1.012668e+00 1.037606e+00 1.847808e+06 1.470299e+02 -3.149146e-02 5.459785e-05
1.685258e-01 1.009374e+00 1.007999e+00 1.770346e+06 1.408699e+02 -4.679716e-02 5.495548e-05
1.737800e-01 1.009148e+00 1.058658e+00 1.841192e+06 1.465270e+02 8.917809e-03 5.829334e-05
1.791980e-01 1.012075e+00 1.022439e+00 1.790840e+06 1.425207e+02 1.533043e-02 5.316734e-05
1.847849e-01 1.010037e+00 1.004773e+00 1.739282e+06 1.384072e+02 -6.779194e-03 5.435944e-05
1.905460e-01 1.011474e+00 1.013216e+00 1.773317e+06 1.411039e+02 2.487707e-02 5.388260e-05
1.964867e-01 1.008879e+00 1.024866e+00 1.820819e+06 1.449001e+02 -1.166648e-02 5.459785e-05
2.026126e-01 1.003701e+00 1.005345e+00 1.809699e+06 1.440005e+02 -5.154610e-02 5.400181e-05
2.089295e-01 1.008030e+00 1.011649e+00 1.764328e+06 1.403988e+02 -1.487207e-02 5.578995e-05
2.154433e-01 1.007133e+00 9.833468e-01 1.720122e+06 1.368844e+02 5.617738e-03 5.185604e-05
2.221602e-01 1.006032e+00 9.988439e-01 1.768051e+06 1.406942e+02 2.291679e-02 5.590916e-05
2.290866e-01 1.014009e+00 1.035961e+00 1.802679e+06 1.434543e+02 -1.072836e-02 5.578995e-05
2.362289e-01 1.011874e+00 1.045337e+00 1.816613e+06 1.445643e+02 -1.345086e-02 5.626678e-05
2.435938e-01 1.012877e+00 1.032126e+00 1.825304e+06 1.452518e+02 -1.383978e-02 5.507469e-05
2.511884e-01 1.005670e+00 1.013474e+00 1.810338e+06 1.440632e+02 -9.941638e-03 5.280972e-05
2.590198e-01 1.008014e+00 1.001239e+00 1.770045e+06 1.408671e+02 -2.588803e-02 4.982948e-05
2.670953e-01 1.016020e+00 1.036714e+00 1.810416e+06 1.440696e+02 -3.830606e-02 5.531311e-05
2.754226e-01 1.004655e+00 1.019348e+00 1.784591e+06 1.420057e+02 2.766705e-02 5.233288e-05
2.840095e-01 1.014642e+00 1.033187e+00 1.813436e+06 1.443122e+02 7.896662e-03 4.792213e-05
2.928641e-01 1.015080e+00 1.039703e+00 1.833274e+06 1.459034e+02 2.353430e-03 4.959106e-05
3.019949e-01 1.006616e+00 1.010811e+00 1.808872e+06 1.439544e+02 -3.699833e-02 5.471706e-05
3.114102e-01 1.012581e+00 1.005394e+00 1.771788e+06 1.410017e+02 1.433015e-03 5.352497e-05
3.211191e-01 1.015931e+00 1.017795e+00 1.791792e+06 1.425783e+02 5.750585e-02 5.578995e-05
3.311307e-01 1.009610e+00 9.997821e-01 1.774652e+06 1.412284e+02 -6.547272e-03 5.757809e-05
3.414545e-01 1.015310e+00 1.021297e+00 1.805724e+06 1.436965e+02 1.004779e-02 5.483627e-05
3.521001e-01 1.010803e+00 1.006930e+00 1.784883e+06 1.420375e+02 -7.006407e-03 5.376339e-05
3.630776e-01 1.009815e+00 1.014105e+00 1.759339e+06 1.399933e+02 2.965808e-03 5.364418e-05
3.743974e-01 1.010026e+00 9.962932e-01 1.753082e+06 1.395101e+02 -1.681846e-02 5.352497e-05
3.860700e-01 1.009298e+00 9.788024e-01 1.714886e+06 1.364754e+02 5.996227e-03 5.376339e-05
3.981066e-01 1.001780e+00 1.024902e+00 1.780822e+06 1.416947e+02 -3.594607e-02 5.543232e-05
4.105185e-01 1.006628e+00 9.947244e-01 1.749453e+06 1.392087e+02 -2.283037e-02 4.899502e-05
4.233173e-01 1.013594e+00 9.708872e-01 1.736650e+06 1.382012e+02 -1.551831e-02 5.006790e-05
4.365152e-01 1.009445e+00 1.008753e+00 1.799025e+06 1.431643e+02 -1.869863e-02 5.114079e-05
4.501246e-01 1.006194e+00 1.005349e+00 1.853335e+06 1.474956e+02 -2.865851e-03 5.602837e-05
4.641582e-01 1.010592e+00 1.028210e+00 1.811026e+06 1.441097e+02 -2.644283e-02 5.865097e-05
4.786294e-01 1.002537e+00 1.009298e+00 1.805338e+06 1.436724e+02 9.340882e-03 5.435944e-05
4.935517e-01 1.004275e+00 9.942279e-01 1.771630e+06 1.409715e+02 1.421690e-03 5.614758e-05
5.089393e-01 1.007312e+00 1.016143e+00 1.790227e+06 1.424564e+02 6.596208e-03 5.412102e-05
5.248066e-01 1.006084e+00 1.043829e+00 1.871827e+06 1.489461e+02 -1.531583e-02 5.543232e-05
5.411686e-01 1.003998e+00 9.987406e-01 1.762340e+06 1.402381e+02 -7.474124e-03 5.483627e-05
5.580408e-01 1.012717e+00 1.041057e+00 1.876866e+06 1.493564e+02 -9.131610e-03 5.364418e-05
5.754390e-01 1.009459e+00 9.981658e-01 1.787222e+06 1.422234e+02 -3.039837e-06 5.340576e-05
5.933796e-01 1.007983e+00 1.025058e+00 1.748978e+06 1.391826e+02 -3.059864e-03 5.626678e-05
6.118796e-01 1.013876e+00 1.015327e+00 1.757227e+06 1.398316e+02 3.550422e-02 5.733967e-05
6.309564e-01 1.008419e+00 1.011586e+00 1.825305e+06 1.452642e+02 1.414967e-02 5.459785e-05
6.506279e-01 1.005166e+00 1.011322e+00 1.796817e+06 1.429848e+02 1.935983e-02 5.030632e-05
6.709126e-01 1.013696e+00 1.025656e+00 1.800927e+06 1.433228e+02 2.180851e-02 5.292892e-05
6.918299e-01 1.007291e+00 1.023354e+00 1.807883e+06 1.438662e+02 -9.330332e-03 5.555153e-05
7.133992e-01 1.011799e+00 1.025764e+00 1.759463e+06 1.400108e+02 2.986729e-02 5.626678e-05
7.356411e-01 1.009145e+00 1.025437e+00 1.789312e+06 1.423838e+02 -3.680706e-03 5.054474e-05
7.585764e-01 1.017126e+00 9.967816e-01 1.779606e+06 1.416183e+02 -1.584905e-02 5.638599e-05
7.822267e-01 1.008960e+00 9.884193e-01 1.728054e+06 1.375156e+02 8.641005e-03 5.388260e-05
8.066144e-01 1.011933e+00 9.998177e-01 1.725623e+06 1.373227e+02 2.412713e-02 5.066395e-05
8.317624e-01 1.011602e+00 1.013555e+00 1.794198e+06 1.427712e+02 3.099489e-02 5.102158e-05
8.576946e-01 1.009458e+00 1.018360e+00 1.819060e+06 1.447549e+02 -2.670419e-02 5.328655e-05
8.844351e-01 1.008704e+00 1.032292e+00 1.833544e+06 1.459164e+02 -4.340917e-02 5.531311e-05
9.120094e-01 1.009679e+00 1.029801e+00 1.841463e+06 1.465451e+02 -7.429540e-03 5.769730e-05
9.404434e-01 1.012989e+00 1.039891e+00 1.823185e+06 1.450666e+02 3.847837e-03 5.805492e-05
9.697639e-01 1.009860e+00 1.059693e+00 1.917452e+06 1.525809e+02 -2.534437e-02 5.018711e-05
9.999985e-01 1.010378e+00 1.017107e+00 1.821149e+06 1.449230e+02 -6.265402e-02 5.424023e-05
1.031176e+00 1.013549e+00 1.051264e+00 1.872584e+06 1.490193e+02 1.127005e-03 5.078316e-05
1.063325e+00 1.008041e+00 1.016093e+00 1.847752e+06 1.470222e+02 -9.679496e-03 5.400181e-05
1.096476e+00 1.020009e+00 1.006923e+00 1.820433e+06 1.448549e+02 -3.560781e-04 5.722046e-05
1.130662e+00 1.013138e+00 1.011501e+00 1.806580e+06 1.437653e+02 5.686510e-02 5.054474e-05
1.165913e+00 1.006204e+00 1.015553e+00 1.780404e+06 1.416874e+02 -6.165326e-03 5.376339e-05
1.202263e+00 1.004928e+00 1.034418e+00 1.843021e+06 1.466552e+02 1.185775e-03 5.185604e-05
1.239746e+00 1.006110e+00 1.040973e+00 1.791497e+06 1.425723e+02 -2.867579e-04 5.030632e-05
1.278398e+00 1.012388e+00 9.963328e-01 1.795205e+06 1.428632e+02 -2.594054e-03 5.495548e-05
1.318255e+00 1.003896e+00 1.051238e+00 1.848512e+06 1.471091e+02 3.441572e-03 5.543232e-05
1.359354e+00 1.007206e+00 1.027902e+00 1.784471e+06 1.420070e+02 1.209486e-02 5.602837e-05
1.401735e+00 1.009087e+00 9.866049e-01 1.710758e+06 1.361450e+02 6.381631e-03 4.923344e-05
1.445438e+00 1.006897e+00 1.056093e+00 1.826250e+06 1.453355e+02 -5.922914e-03 5.400181e-05
1.490502e+00 1.000579e+00 1.030608e+00 1.809275e+06 1.439875e+02 -4.010940e-02 5.555153e-05
1.536972e+00 1.008299e+00 1.022977e+00 1.795713e+06 1.429030e+02 -2.103657e-02 5.710125e-05
1.584891e+00 1.001280e+00 1.022076e+00 1.759247e+06 1.400010e+02 -1.218516e-02 5.340576e-05
1.634303e+00 1.006124e+00 1.008707e+00 1.737936e+06 1.383044e+02 -3.842676e-02 5.614758e-05
1.685256e+00 1.015112e+00 9.894865e-01 1.694111e+06 1.347979e+02 -2.963984e-02 5.388260e-05
1.737798e+00 1.008174e+00 1.015552e+00 1.750108e+06 1.392558e+02 2.670419e-02 5.567074e-05
1.791978e+00 1.009054e+00 1.003425e+00 1.819963e+06 1.448170e+02 1.506639e-02 5.364418e-05
1.847847e+00 1.008814e+00 1.004665e+00 1.805924e+06 1.437179e+02 -5.444723e-02 5.590916e-05
1.905458e+00 1.012006e+00 1.003121e+00 1.795369e+06 1.428696e+02 -7.298887e-03 5.280972e-05
1.964865e+00 1.011877e+00 1.033607e+00 1.819884e+06 1.448307e+02 -2.244830e-02 5.269051e-05
2.026124e+00 1.006693e+00 1.040238e+00 1.845510e+06 1.468497e+02 1.288199e-02 5.352497e-05
2.089293e+00 1.013694e+00 1.038148e+00 1.818582e+06 1.447225e+02 -5.021948e-02 5.447865e-05
2.154431e+00 1.017552e+00 1.041129e+00 1.828189e+06 1.454781e+02 1.989007e-03 5.614758e-05
2.221600e+00 1.013573e+00 1.054217e+00 1.832187e+06 1.457952e+02 -1.430196e-02 5.841255e-05
2.290864e+00 1.012074e+00 9.940352e-01 1.772570e+06 1.410501e+02 -1.012832e-02 5.924702e-05
2.362287e+00 1.009512e+00 1.025471e+00 1.820706e+06 1.448899e+02 -1.954854e-03 5.424023e-05
2.435936e+00 1.007869e+00 1.016151e+00 1.771141e+06 1.409568e+02 -1.721328e-02 5.674362e-05
2.511882e+00 1.012729e+00 1.033810e+00 1.831656e+06 1.457525e+02 -1.364946e-02 5.745888e-05
2.590195e+00 1.010224e+00 1.007610e+00 1.832596e+06 1.458432e+02 2.633262e-02 5.185604e-05
2.670950e+00 1.012448e+00 1.013685e+00 1.884318e+06 1.499504e+02 -3.238046e-02 5.304813e-05
2.754223e+00 1.011272e+00 9.780431e-01 1.752776e+06 1.394850e+02 3.941298e-03 5.388260e-05
2.840092e+00 1.010375e+00 1.010160e+00 1.802387e+06 1.434266e+02 -2.142417e-02 5.435944e-05
2.928639e+00 1.009431e+00 1.029849e+00 1.805326e+06 1.436574e+02 1.128161e-02 5.745888e-05
3.019946e+00 1.012017e+00 1.009770e+00 1.809570e+06 1.439939e+02 2.278066e-02 5.412102e-05
3.114099e+00 1.007180e+00 9.969065e-01 1.745075e+06 1.388598e+02 3.617752e-02 5.352497e-05
3.211188e+00 1.015131e+00 1.024148e+00 1.796150e+06 1.429272e+02 -2.116370e-02 5.555153e-05
3.311304e+00 1.017152e+00 1.022792e+00 1.789365e+06 1.423902e+02 -1.193362e-02 5.614758e-05
3.414541e+00 1.008152e+00 9.996569e-01 1.769416e+06 1.408088e+02 -1.810789e-04 5.316734e-05
3.520998e+00 1.004484e+00 9.987924e-01 1.775708e+06 1.413064e+02 -4.008353e-03 5.507469e-05
3.630773e+00 1.010038e+00 1.035877e+00 1.837466e+06 1.462137e+02 1.367152e-02 5.495548e-05
3.743970e+00 1.007065e+00 1.005033e+00 1.797239e+06 1.430354e+02 -2.643913e-02 5.304813e-05
3.860697e+00 1.008157e+00 1.030439e+00 1.814859e+06 1.444242e+02 -5.761385e-03 5.877018e-05
3.981063e+00 1.004371e+00 1.022484e+00 1.835383e+06 1.460508e+02 1.973701e-02 5.424023e-05
4.105181e+00 1.012524e+00 1.014618e+00 1.817987e+06 1.446684e+02 -3.804904e-02 5.090237e-05
4.233170e+00 1.010915e+00 1.026814e+00 1.807619e+06 1.438474e+02 -2.930534e-02 5.149841e-05
4.365148e+00 1.008495e+00 1.023320e+00 1.811915e+06 1.441858e+02 -1.530784e-02 5.543232e-05
4.501241e+00 1.009173e+00 1.049737e+00 1.862787e+06 1.482401e+02 2.222061e-03 5.435944e-05
4.641578e+00 1.008547e+00 1.000954e+00 1.772811e+06 1.410708e+02 1.732302e-02 5.400181e-05
4.786289e+00 1.008738e+00 1.015021e+00 1.834827e+06 1.460046e+02 -3.254646e-02 5.257130e-05
4.935513e+00 1.009097e+00 1.004566e+00 1.780151e+06 1.416514e+02 -6.272572e-02 5.316734e-05
5.089388e+00 1.012038e+00 1.019132e+00 1.767169e+06 1.406242e+02 -4.238820e-02 5.280972e-05
5.248061e+00 1.013478e+00 1.005195e+00 1.845667e+06 1.468787e+02 -2.784026e-02 5.388260e-05
5.411681e+00 1.003738e+00 1.001049e+00 1.769706e+06 1.408302e+02 -5.508173e-02 5.090237e-05
5.580403e+00 1.006532e+00 1.025104e+00 1.831347e+06 1.457360e+02 -5.501670e-02 5.376339e-05
5.754384e+00 1.008381e+00 1.052387e+00 1.826054e+06 1.453015e+02 -3.485745e-02 5.781651e-05
5.933790e+00 1.005696e+00 9.985588e-01 1.759958e+06 1.400544e+02 -3.674036e-02 5.269051e-05
6.118789e+00 1.007553e+00 1.006078e+00 1.831012e+06 1.457137e+02 -2.916914e-02 5.674362e-05
6.309556e+00 1.010881e+00 1.048301e+00 1.863718e+06 1.482974e+02 -2.292955e-02 5.257130e-05
6.506271e+00 1.015619e+00 1.038885e+00 1.853488e+06 1.474911e+02 -2.458102e-02 5.388260e-05
6.709118e+00 1.013313e+00 9.794942e-01 1.733391e+06 1.379348e+02 -4.990381e-02 5.424023e-05
6.918290e+00 1.005509e+00 1.010207e+00 1.774075e+06 1.411800e+02 -3.398782e-02 5.102158e-05
7.133984e+00 1.009602e+00 1.037115e+00 1.869947e+06 1.488032e+02 -7.331574e-02 5.185604e-05
7.356401e+00 1.005128e+00 1.046138e+00 1.816971e+06 1.445983e+02 -3.624529e-02 5.614758e-05
7.585754e+00 1.004527e+00 1.038007e+00 1.816559e+06 1.445487e+02 4.289150e-04 5.173683e-05
7.822257e+00 1.006649e+00 1.055228e+00 1.894813e+06 1.507748e+02 9.033442e-03 5.412102e-05
8.066133e+00 1.009262e+00 1.030070e+00 1.769682e+06 1.408143e+02 -4.433811e-02 5.292892e-05
8.317613e+00 1.008078e+00 1.017570e+00 1.776592e+06 1.413700e+02 -3.127623e-02 5.114079e-05
8.576933e+00 1.000463e+00 1.033523e+00 1.840165e+06 1.464276e+02 -5.933070e-02 5.340576e-05
8.844338e+00 1.003179e+00 9.808426e-01 1.800571e+06 1.432853e+02 3.539574e-02 5.495548e-05
9.120080e+00 1.000872e+00 1.003999e+00 1.821470e+06 1.449453e+02 -1.249862e-02 5.042553e-05
9.404419e+00 1.004785e+00 1.051786e+00 1.839152e+06 1.463557e+02 -1.982951e-02 5.173683e-05
9.697623e+00 9.998245e-01 1.038620e+00 1.843215e+06 1.466769e+02 1.004672e-02 5.638599e-05
9.999969e+00 9.978078e-01 1.019840e+00 1.890166e+06 1.504205e+02 -2.487242e-03 5.447865e-05
1.031174e+01 9.948699e-01 1.013915e+00 1.769151e+06 1.407891e+02 -4.055560e-02 5.602837e-05
1.063323e+01 9.960608e-01 1.046216e+00 1.910403e+06 1.520194e+02 -2.423608e-02 5.614758e-05
1.096475e+01 1.001157e+00 1.002606e+00 1.891823e+06 1.505536e+02 -6.321138e-02 5.280972e-05
1.130660e+01 9.957522e-01 1.033263e+00 1.840431e+06 1.464639e+02 -2.841598e-02 4.959106e-05
1.165911e+01 9.904535e-01 1.038406e+00 1.860759e+06 1.480720e+02 -2.223676e-02 5.972385e-05
1.202261e+01 9.927004e-01 1.001619e+00 1.790818e+06 1.425172e+02 -2.361810e-02 5.698204e-05
1.239744e+01 9.867809e-01 1.019367e+00 1.798454e+06 1.431233e+02 -2.968395e-02 5.269051e-05
1.278396e+01 9.953262e-01 1.041475e+00 1.938214e+06 1.542316e+02 -5.320591e-02 5.471706e-05
1.318252e+01 9.951458e-01 1.000285e+00 1.841949e+06 1.465763e+02 -2.862364e-02 5.340576e-05
1.359352e+01 9.880253e-01 1.037548e+00 1.920766e+06 1.528607e+02 4.607797e-03 5.257130e-05
1.401733e+01 9.958509e-01 1.045576e+00 1.881241e+06 1.496954e+02 -2.598232e-02 4.935265e-05
1.445435e+01 9.884566e-01 1.015914e+00 1.855647e+06 1.476554e+02 -2.311486e-02 5.257130e-05
1.490500e+01 9.827538e-01 1.000535e+00 1.863218e+06 1.482812e+02 -3.293818e-02 5.543232e-05
1.536969e+01 9.817097e-01 9.832709e-01 1.767853e+06 1.406850e+02 8.744478e-03 5.400181e-05
1.584888e+01 9.838718e-01 1.024491e+00 1.918645e+06 1.526840e+02 2.277374e-02 5.054474e-05
1.634300e+01 9.768582e-01 1.028327e+00 1.926830e+06 1.533353e+02 1.545894e-02 5.269051e-05
1.685253e+01 9.730008e-01 1.018617e+00 1.866375e+06 1.485240e+02 3.280437e-02 4.839897e-05
1.737795e+01 9.719031e-01 1.037050e+00 1.899067e+06 1.511300e+02 1.884913e-02 5.233288e-05
1.791974e+01 9.686158e-01 9.912332e-01 1.842109e+06 1.465827e+02 3.086483e-02 5.590916e-05
1.847843e+01 9.646701e-01 9.971908e-01 1.803158e+06 1.434919e+02 -2.841383e-02 5.352497e-05
1.905454e+01 9.574592e-01 9.903451e-01 1.836026e+06 1.461068e+02 -2.909499e-02 5.745888e-05
1.964861e+01 9.642097e-01 1.039430e+00 1.940476e+06 1.544185e+02 -3.898209e-02 5.304813e-05
2.026120e+01 9.555362e-01 9.983214e-01 1.818482e+06 1.447135e+02 -1.283008e-02 5.066395e-05
2.089288e+01 9.495031e-01 9.791161e-01 1.825576e+06 1.452903e+02 -2.150130e-02 5.388260e-05
2.154427e+01 9.502329e-01 1.045034e+00 1.910031e+06 1.519939e+02 -3.542399e-02 5.209446e-05
2.221596e+01 9.445063e-01 1.008034e+00 1.867419e+06 1.485947e+02 -1.468009e-02 5.018711e-05
2.290859e+01 9.491346e-01 1.003487e+00 1.830895e+06 1.457041e+02 -4.743481e-02 5.388260e-05
2.362282e+01 9.375402e-01 9.944705e-01 1.834943e+06 1.460145e+02 -1.104200e-02 5.030632e-05
2.435931e+01 9.308501e-01 9.894039e-01 1.793670e+06 1.427384e+02 -3.270853e-02 5.209446e-05
2.511877e+01 9.223809e-01 1.016107e+00 1.903415e+06 1.514659e+02 2.947688e-03 4.947186e-05
2.590190e+01 9.204283e-01 9.978322e-01 1.780829e+06 1.417152e+02 -1.464486e-04 5.185604e-05
2.670945e+01 9.176163e-01 9.761180e-01 1.826137e+06 1.453190e+02 3.953087e-02 5.030632e-05
2.754218e+01 9.039177e-01 1.004053e+00 1.871872e+06 1.489499e+02 4.740775e-02 5.197525e-05
2.840087e+01 8.982083e-01 9.936993e-01 1.871475e+06 1.489270e+02 1.607990e-02 4.780293e-05
2.928633e+01 8.946573e-01 9.811641e-01 1.837808e+06 1.462516e+02 1.205325e-03 4.398823e-05
3.019939e+01 8.929958e-01 1.023269e+00 1.874842e+06 1.491963e+02 5.231023e-03 4.816055e-05
3.114093e+01 8.796229e-01 9.712773e-01 1.848023e+06 1.470604e+02 1.846564e-02 4.887581e-05
3.211182e+01 8.810629e-01 9.872529e-01 1.873200e+06 1.490679e+02 8.229852e-03 4.887581e-05
3.311298e+01 8.683516e-01 9.942049e-01 1.899994e+06 1.511953e+02 7.602346e-02 4.816055e-05
3.414534e+01 8.731454e-01 9.647653e-01 1.876576e+06 1.493351e+02 5.582178e-02 5.161762e-05
3.520990e+01 8.620371e-01 9.991949e-01 1.949072e+06 1.550987e+02 3.225815e-02 4.935265e-05
3.630765e+01 8.547049e-01 9.968132e-01 1.920150e+06 1.527950e+02 6.682193e-02 4.565716e-05
3.743962e+01 8.448848e-01 9.878935e-01 1.905493e+06 1.516326e+02 5.084515e-03 4.768372e-05
3.860689e+01 8.364022e-01 1.002115e+00 1.872500e+06 1.490036e+02 1.278940e-01 4.768372e-05
3.981054e+01 8.335564e-01 9.952247e-01 1.918576e+06 1.526751e+02 2.059686e-02 5.412102e-05
4.105173e+01 8.204183e-01 9.552380e-01 1.880591e+06 1.496438e+02 6.423450e-02 5.125999e-05
4.233161e+01 8.148862e-01 9.951175e-01 1.962844e+06 1.562050e+02 4.719079e-02 4.768372e-05
4.365139e+01 8.042799e-01 9.720328e-01 1.917573e+06 1.525928e+02 2.313614e-02 5.102158e-05
4.501232e+01 7.926688e-01 9.839149e-01 1.894092e+06 1.507302e+02 -2.251905e-02 5.054474e-05
4.641568e+01 7.895628e-01 1.014649e+00 1.986137e+06 1.580495e+02 -6.817663e-02 4.947186e-05
4.786279e+01 7.791570e-01 9.997715e-01 1.966837e+06 1.565138e+02 1.433623e-02 4.291534e-05
4.935502e+01 7.700447e-01 1.054204e+00 2.037235e+06 1.621171e+02 -8.288503e-03 4.982948e-05
5.089378e+01 7.589923e-01 1.006913e+00 1.960267e+06 1.559972e+02 9.278893e-03 4.613400e-05
5.248050e+01 7.576992e-01 1.037416e+00 2.051641e+06 1.632618e+02 6.840348e-03 4.649162e-05
5.411670e+01 7.442982e-01 9.787452e-01 1.975904e+06 1.572352e+02 -1.662230e-02 4.327297e-05
5.580391e+01 7.299258e-01 1.014109e+00 1.996264e+06 1.588627e+02 -2.554506e-02 4.494190e-05
5.754372e+01 7.277545e-01 1.014400e+00 2.047759e+06 1.629470e+02 -9.316444e-03 4.839897e-05
5.933778e+01 7.143820e-01 9.991935e-01 1.974567e+06 1.571243e+02 -5.011469e-02 4.839897e-05
6.118777e+01 6.976469e-01 1.012797e+00 2.093000e+06 1.665604e+02 -4.896915e-02 4.434586e-05
6.309543e+01 6.952387e-01 9.895881e-01 2.007124e+06 1.597250e+02 -5.596960e-02 5.149841e-05
6.506258e+01 6.747101e-01 1.006559e+00 1.990667e+06 1.584087e+02 -2.161562e-02 5.161762e-05
6.709105e+01 6.714172e-01 1.012718e+00 2.070277e+06 1.647496e+02 -5.427116e-02 4.661083e-05
6.918276e+01 6.566058e-01 9.723027e-01 2.009142e+06 1.598851e+02 -7.445186e-02 4.398823e-05
7.133969e+01 6.506136e-01 9.944087e-01 2.034237e+06 1.618797e+02 -2.586204e-02 4.363060e-05
7.356387e+01 6.353154e-01 1.017323e+00 2.084192e+06 1.658544e+02 -6.449038e-02 4.923344e-05
7.585738e+01 6.340359e-01 1.007324e+00 2.095972e+06 1.667959e+02 -2.054715e-02 4.553795e-05
7.822240e+01 6.269888e-01 9.849536e-01 2.037751e+06 1.621620e+02 -2.211869e-02 4.613400e-05
8.066116e+01 6.074350e-01 1.026673e+00 2.104134e+06 1.674387e+02 -6.824630e-02 4.529953e-05
8.317596e+01 5.924121e-01 1.001234e+00 2.099243e+06 1.670532e+02 -4.034585e-02 4.446507e-05
8.576916e+01 5.769178e-01 9.706240e-01 1.984572e+06 1.579267e+02 -3.430080e-02 4.303455e-05
8.844320e+01 5.745404e-01 1.053668e+00 2.241365e+06 1.783595e+02 -1.089405e-01 4.887581e-05
9.120061e+01 5.614406e-01 1.015075e+00 2.123875e+06 1.690115e+02 -5.626690e-02 4.863739e-05
9.404400e+01 5.568411e-01 1.007285e+00 2.143312e+06 1.705582e+02 -4.339641e-02 4.494190e-05
9.697604e+01 5.412312e-01 1.004927e+00 2.094901e+06 1.667100e+02 -5.506665e-02 4.577637e-05
9.999948e+01 5.281603e-01 1.045951e+00 2.226748e+06 1.771984e+02 -5.601782e-02 4.231930e-05
1.031172e+02 5.153817e-01 9.937712e-01 2.164294e+06 1.722294e+02 -7.032311e-02 4.684925e-05
1.063321e+02 5.193534e-01 1.020919e+00 2.173629e+06 1.729720e+02 -4.913086e-02 4.577637e-05
1.096473e+02 4.953563e-01 1.009977e+00 2.151347e+06 1.712016e+02 -4.442185e-02 4.553795e-05
1.130658e+02 4.872005e-01 1.008402e+00 2.168086e+06 1.725296e+02 -4.182053e-02 4.518032e-05
1.165908e+02 4.699756e-01 1.026862e+00 2.248620e+06 1.789398e+02 -6.270301e-02 4.518032e-05
1.202258e+02 4.693092e-01 1.043492e+00 2.291130e+06 1.823219e+02 -4.733813e-02 4.220009e-05
1.239741e+02 4.601082e-01 1.022798e+00 2.280812e+06 1.815002e+02 -4.446679e-02 4.863739e-05
1.278393e+02 4.459769e-01 1.033441e+00 2.318615e+06 1.845096e+02 -4.466569e-02 4.470348e-05
1.318250e+02 4.353457e-01 1.004345e+00 2.167623e+06 1.724946e+02 -5.438083e-02 4.351139e-05
1.359349e+02 4.242088e-01 1.036722e+00 2.263964e+06 1.801590e+02 -7.139045e-02 4.661083e-05
1.401730e+02 4.184377e-01 1.036691e+00 2.292277e+06 1.824103e+02 -7.621872e-02 4.649162e-05
1.445432e+02 4.120126e-01 1.032131e+00 2.212400e+06 1.760577e+02 -6.462198e-02 4.220009e-05
1.490497e+02 3.972625e-01 1.021549e+00 2.228793e+06 1.773624e+02 -7.033116e-02 4.661083e-05
1.536966e+02 3.829667e-01 1.014223e+00 2.229143e+06 1.773918e+02 -6.015432e-02 3.731251e-05
1.584885e+02 3.853038e-01 1.023015e+00 2.286962e+06 1.819936e+02 -1.000293e-01 4.434586e-05
1.634297e+02 3.705991e-01 1.051699e+00 2.324572e+06 1.849832e+02 -1.078361e-01 4.434586e-05
1.685250e+02 3.594342e-01 1.038721e+00 2.313310e+06 1.840876e+02 -9.328091e-02 4.422665e-05
1.737791e+02 3.434498e-01 1.034286e+00 2.263409e+06 1.801158e+02 -5.657870e-02 4.756451e-05
1.791971e+02 3.449032e-01 1.051542e+00 2.341034e+06 1.862938e+02 -8.994126e-02 4.398823e-05
1.847840e+02 3.348041e-01 1.030235e+00 2.269980e+06 1.806396e+02 -8.570206e-02 4.959106e-05
1.905450e+02 3.312253e-01 1.026426e+00 2.275911e+06 1.811124e+02 -6.228089e-02 4.565716e-05
1.964857e+02 3.161061e-01 1.030613e+00 2.267425e+06 1.804371e+02 -7.917756e-02 4.625320e-05
2.026116e+02 3.098164e-01 1.020448e+00 2.268034e+06 1.804844e+02 -2.815056e-02 4.816055e-05
2.089284e+02 2.985935e-01 1.025966e+00 2.236475e+06 1.779734e+02 -1.916546e-02 4.708767e-05
2.154422e+02 2.958333e-01 1.020072e+00 2.229168e+06 1.773920e+02 -4.686624e-02 4.565716e-05
2.221591e+02 2.765666e-01 1.037743e+00 2.260530e+06 1.798860e+02 -5.868906e-02 5.018711e-05
2.290854e+02 2.711982e-01 1.009681e+00 2.268243e+06 1.805006e+02 -1.382041e-02 4.732609e-05
2.362277e+02 2.656873e-01 9.950252e-01 2.204008e+06 1.753891e+02 -4.094994e-02 4.732609e-05
2.435926e+02 2.633388e-01 1.030545e+00 2.267836e+06 1.804692e+02 -2.552766e-02 4.827976e-05
2.511872e+02 2.460840e-01 9.963959e-01 2.206582e+06 1.755948e+02 -5.404878e-02 4.708767e-05
2.590185e+02 2.540410e-01 1.007579e+00 2.299859e+06 1.830172e+02 -3.077024e-02 4.887581e-05
2.670940e+02 2.337333e-01 9.864905e-01 2.179530e+06 1.734415e+02 -2.158678e-02 4.768372e-05
2.754212e+02 2.346844e-01 1.038125e+00 2.325700e+06 1.850730e+02 -2.304614e-02 5.161762e-05
2.840081e+02 2.220847e-01 1.030124e+00 2.299462e+06 1.829857e+02 9.752870e-03 4.398823e-05
2.928627e+02 2.151952e-01 1.038099e+00 2.288738e+06 1.821316e+02 -5.706567e-02 4.994869e-05
3.019933e+02 2.079667e-01 1.034976e+00 2.315293e+06 1.842453e+02 -9.222567e-03 4.303455e-05
3.114087e+02 1.962862e-01 1.023192e+00 2.329665e+06 1.853887e+02 -3.943491e-02 4.911423e-05
3.211176e+02 1.939629e-01 1.044057e+00 2.375681e+06 1.890504e+02 -3.860408e-02 4.410744e-05
3.311291e+02 1.912823e-01 1.033427e+00 2.353903e+06 1.873176e+02 -4.125392e-02 4.589558e-05
3.414528e+02 1.825581e-01 9.799696e-01 2.226608e+06 1.771875e+02 -6.069070e-02 4.661083e-05
3.520984e+02 1.804710e-01 1.011685e+00 2.317677e+06 1.844352e+02 -2.449656e-02 5.233288e-05
3.630758e+02 1.672629e-01 1.009860e+00 2.294096e+06 1.825584e+02 -5.964881e-02 4.732609e-05
3.743955e+02 1.731948e-01 1.042222e+00 2.366745e+06 1.883396e+02 -4.075456e-02 4.899502e-05
3.860681e+02 1.660087e-01 1.018676e+00 2.269770e+06 1.806224e+02 -2.317727e-02 5.173683e-05
3.981047e+02 1.629457e-01 9.990990e-01 2.364083e+06 1.881277e+02 -6.797105e-02 5.066395e-05
4.105165e+02 1.547358e-01 1.038914e+00 2.409130e+06 1.917131e+02 -6.682903e-02 4.911423e-05
4.233152e+02 1.473631e-01 1.012984e+00 2.343806e+06 1.865143e+02 -3.953135e-02 5.245209e-05
4.365131e+02 1.334388e-01 1.011390e+00 2.375695e+06 1.890520e+02 -8.628422e-02 5.507469e-05
4.501223e+02 1.380954e-01 1.014469e+00 2.328240e+06 1.852754e+02 -7.128716e-02 5.340576e-05
4.641559e+02 1.421441e-01 1.011083e+00 2.315452e+06 1.842584e+02 -2.991158e-02 4.577637e-05
4.786270e+02 1.332107e-01 1.028484e+00 2.361193e+06 1.878979e+02 -5.131036e-02 5.328655e-05
4.935493e+02 1.241839e-01 1.017585e+00 2.384717e+06 1.897699e+02 -5.259788e-02 5.316734e-05
5.089368e+02 1.231408e-01 9.977210e-01 2.392155e+06 1.903615e+02 -8.716178e-02 5.018711e-05
5.248040e+02 1.156611e-01 1.012539e+00 2.356742e+06 1.875437e+02 -3.979397e-02 5.328655e-05
5.411660e+02 1.170858e-01 1.040684e+00 2.385848e+06 1.898596e+02 -1.814038e-02 5.066395e-05
5.580380e+02 1.086787e-01 1.046937e+00 2.450904e+06 1.950360e+02 -8.091271e-03 4.804134e-05
5.754362e+02 1.067550e-01 9.947627e-01 2.344815e+06 1.865941e+02 -1.912892e-02 4.673004e-05
5.933766e+02 1.068657e-01 1.082050e+00 2.421867e+06 1.927260e+02 -4.310149e-02 4.792213e-05
6.118765e+02 9.666847e-02 1.029567e+00 2.353499e+06 1.872856e+02 -3.516579e-02 4.732609e-05
6.309531e+02 9.577041e-02 1.029953e+00 2.405179e+06 1.913981e+02 -3.547442e-02 4.458427e-05
6.506245e+02 9.203444e-02 9.950072e-01 2.447546e+06 1.947696e+02 -4.990041e-02 4.816055e-05
6.709092e+02 8.840010e-02 1.006660e+00 2.359764e+06 1.877839e+02 -3.629762e-02 5.483627e-05
6.918263e+02 8.599538e-02 9.959456e-01 2.368071e+06 1.884450e+02 -4.395276e-02 4.720688e-05
7.133955e+02 8.586937e-02 1.022664e+00 2.374067e+06 1.889222e+02 -6.071442e-02 5.424023e-05
7.356372e+02 7.298645e-02 1.039009e+00 2.425386e+06 1.930063e+02 -4.746056e-02 4.661083e-05
7.585724e+02 7.663786e-02 1.014696e+00 2.399340e+06 1.909340e+02 -1.963556e-02 4.601479e-05
7.822225e+02 6.790406e-02 1.003141e+00 2.372262e+06 1.887788e+02 -5.494338e-02 4.994869e-05
8.066101e+02 7.092638e-02 9.916684e-01 2.323622e+06 1.849080e+02 -4.821599e-02 5.042553e-05
8.317580e+02 6.425992e-02 1.014613e+00 2.393381e+06 1.904595e+02 -2.512157e-02 5.102158e-05
8.576899e+02 6.175008e-02 1.015554e+00 2.377184e+06 1.891709e+02 -3.303510e-02 4.994869e-05
8.844303e+02 5.880694e-02 1.018214e+00 2.399028e+06 1.909077e+02 -2.199578e-02 4.649162e-05
9.120044e+02 5.467886e-02 1.034121e+00 2.423714e+06 1.928731e+02 -8.192283e-02 4.947186e-05
9.404382e+02 5.147301e-02 1.020498e+00 2.438664e+06 1.940623e+02 -9.048522e-02 4.327297e-05
9.697585e+02 5.405005e-02 1.017665e+00 2.374556e+06 1.889613e+02 -6.203359e-02 5.102158e-05
