#./underdamped_3d_var --dev=3 --amp=0 --omega=1.59 --force=0 --gam=0.03183 --Dg=1 --block=256 --paths=16384 --periods=1000000 --trans=100000 --samples=100 --spp=100 --algorithm=predcorr --icav=1 --pav=1 --mode=moments --domain=1d --domainx=a:0:35:100:0 --domainy= --domainz= --q=2 --eps=0 --phi=0 --lambda=0 --Dp=0 --comp=0 --mean=0 >> fig1_omega1.59_Dg1.dat
#a <<v>> <<v^2>> atav2 qnu(q) mu_q Dx Gx Gv EBx EBv
0.000000e+00 5.825424e-04 7.678381e-01 3.707048e-06 9.902025e-01 4.689538e+07 5.933598e+00 1.442158e-02 4.506588e-03 2.348423e-05 9.923786e+00
3.500000e-01 4.645326e-04 8.287786e-01 4.106554e-06 9.962533e-01 5.454682e+07 6.901727e+00 1.385868e-02 -2.688152e-02 2.717972e-05 1.803027e+01
7.000000e-01 3.985258e-04 1.019938e+00 5.262396e-06 1.006868e+00 7.233749e+07 9.152746e+00 5.759478e-03 -6.861383e-02 9.655952e-06 3.213375e+01
1.050000e+00 3.872764e-04 1.315369e+00 6.155220e-06 1.003002e+00 8.447278e+07 1.068816e+01 -5.549848e-03 -1.347586e-01 1.692772e-05 4.003944e+01
1.400000e+00 3.791503e-04 1.580177e+00 6.746183e-06 1.009391e+00 9.251863e+07 1.170623e+01 2.151024e-02 -1.748613e-01 6.437302e-06 4.592836e+01
1.750000e+00 3.597707e-04 1.852806e+00 7.150612e-06 1.006681e+00 9.899942e+07 1.252621e+01 -6.446004e-03 -2.004737e-01 -1.013279e-06 5.424483e+01
2.100000e+00 3.431201e-04 2.255032e+00 7.940986e-06 9.841339e-01 1.099868e+08 1.391637e+01 8.276820e-03 -1.966943e-01 7.152557e-06 6.645002e+01
2.450000e+00 3.383072e-04 2.776045e+00 9.807782e-06 1.008509e+00 1.348515e+08 1.706257e+01 -7.264137e-03 -1.923778e-01 1.060963e-05 8.469358e+01
2.800000e+00 3.163007e-04 3.158172e+00 1.209941e-05 9.981034e-01 1.683681e+08 2.130333e+01 3.635287e-03 -1.966519e-01 1.049042e-05 1.199383e+02
3.150000e+00 2.768459e-04 3.610403e+00 1.595023e-05 9.999815e-01 2.204430e+08 2.789222e+01 3.234148e-03 -1.942485e-01 5.125999e-06 2.071090e+02
3.500000e+00 1.580254e-04 4.253290e+00 2.054083e-05 9.970574e-01 2.888705e+08 3.655025e+01 1.103258e-02 -1.963247e-01 -1.966953e-06 8.215540e+02
3.849999e+00 1.017108e-04 5.020721e+00 2.625572e-05 9.944354e-01 3.690403e+08 4.669398e+01 3.343832e-02 -1.942943e-01 2.980232e-06 2.536989e+03
4.199999e+00 1.043214e-04 5.849755e+00 3.400999e-05 9.974782e-01 4.764397e+08 6.028271e+01 7.581353e-03 -2.111878e-01 -2.324581e-06 3.124070e+03
4.549999e+00 1.185579e-04 6.231672e+00 4.503427e-05 1.005557e+00 6.302390e+08 7.974306e+01 -1.524121e-02 -2.080702e-01 5.960464e-06 3.202925e+03
4.899999e+00 6.423048e-05 6.694874e+00 6.077154e-05 9.935923e-01 8.488879e+08 1.074082e+02 -6.194115e-04 -2.161420e-01 1.549721e-06 1.472951e+04
5.249999e+00 3.090125e-05 7.299298e+00 8.371590e-05 9.713615e-01 1.182982e+09 1.496810e+02 -3.495812e-04 -2.205307e-01 -1.132488e-06 8.766996e+04
5.599999e+00 -1.156448e-04 8.018932e+00 1.209393e-04 1.001214e+00 1.690994e+09 2.139595e+02 -1.385683e-02 -2.342316e-01 -3.039837e-06 9.042060e+03
5.949999e+00 -3.475118e-04 8.840139e+00 1.593527e-04 9.983599e-01 2.246643e+09 2.842625e+02 2.110481e-03 -2.241411e-01 -2.980232e-06 1.318533e+03
6.299999e+00 -4.683732e-04 9.746933e+00 1.732361e-04 1.002253e+00 2.435922e+09 3.082120e+02 -7.215261e-03 -2.319648e-01 -6.437302e-06 7.886858e+02
6.649999e+00 -4.624217e-04 1.069647e+01 1.581255e-04 1.002243e+00 2.213823e+09 2.801117e+02 -1.328486e-02 -2.451474e-01 -7.152557e-07 7.384786e+02
6.999999e+00 -2.785281e-04 1.163437e+01 1.380158e-04 1.004306e+00 1.932256e+09 2.444842e+02 -1.199794e-02 -2.407242e-01 4.529953e-06 1.778062e+03
7.349998e+00 -1.037838e-04 1.211890e+01 1.283456e-04 9.964979e-01 1.808713e+09 2.288527e+02 2.385378e-03 -2.500764e-01 2.741814e-06 1.191475e+04
7.699998e+00 -6.266897e-05 1.243924e+01 1.245238e-04 1.012158e+00 1.747486e+09 2.211063e+02 1.274526e-02 -2.636564e-01 1.239777e-05 3.170541e+04
8.049998e+00 -1.568796e-05 1.272589e+01 1.196441e-04 9.929224e-01 1.688735e+09 2.136728e+02 5.607247e-03 -2.688085e-01 5.960464e-07 4.861355e+05
8.399999e+00 -1.820165e-05 1.288475e+01 1.144947e-04 1.010055e+00 1.623523e+09 2.054214e+02 -1.864725e-02 -2.924802e-01 2.384186e-06 3.455911e+05
8.749999e+00 1.961326e-04 1.287613e+01 1.007838e-04 1.000077e+00 1.423004e+09 1.800506e+02 -2.074891e-02 -3.300642e-01 2.503395e-06 2.618939e+03
9.099999e+00 6.087520e-04 1.276989e+01 7.499635e-05 1.001911e+00 1.050660e+09 1.329388e+02 -2.142787e-02 -3.622454e-01 4.529953e-06 2.013761e+02
9.450000e+00 8.776187e-04 1.271690e+01 5.300537e-05 9.720123e-01 7.262540e+08 9.189181e+01 -7.399023e-03 -3.959886e-01 1.668930e-06 6.781895e+01
9.800000e+00 1.029633e-03 1.292970e+01 4.426319e-05 9.754776e-01 6.049974e+08 7.654935e+01 -1.620084e-02 -4.197085e-01 1.192093e-06 4.075203e+01
1.015000e+01 8.313347e-04 1.369582e+01 5.258378e-05 9.946903e-01 7.222716e+08 9.138812e+01 -1.316261e-02 -4.131752e-01 6.675720e-06 7.508515e+01
1.050000e+01 5.647709e-04 1.501682e+01 6.378518e-05 1.004426e+00 8.879241e+08 1.123475e+02 -8.927941e-03 -4.009631e-01 8.702278e-06 1.989748e+02
1.085000e+01 4.119656e-04 1.655757e+01 6.546540e-05 9.926515e-01 9.121699e+08 1.154156e+02 -8.509517e-03 -3.954652e-01 7.748604e-06 3.847358e+02
1.120000e+01 3.493760e-04 1.805342e+01 6.126599e-05 9.911451e-01 8.565713e+08 1.083810e+02 4.287601e-03 -4.058691e-01 2.980232e-06 5.009185e+02
1.155000e+01 2.800130e-04 1.946988e+01 5.284127e-05 1.002334e+00 7.417941e+08 9.385808e+01 5.450249e-04 -4.212566e-01 -1.013279e-06 6.729330e+02
1.190000e+01 4.374748e-04 2.094749e+01 4.376830e-05 9.930941e-01 6.180321e+08 7.819854e+01 -1.468569e-02 -4.272479e-01 1.907349e-06 2.276934e+02
1.225000e+01 2.530569e-04 2.265293e+01 4.091925e-05 9.964424e-01 5.708838e+08 7.223302e+01 3.725290e-04 -4.423217e-01 5.960464e-07 6.379858e+02
1.260000e+01 3.002637e-04 2.387191e+01 4.190876e-05 1.005954e+00 5.890168e+08 7.452707e+01 -2.059251e-02 -4.474348e-01 -4.172325e-07 4.638353e+02
1.295000e+01 1.077155e-04 2.388908e+01 4.889859e-05 1.007846e+00 6.866086e+08 8.687532e+01 -1.596630e-02 -4.527729e-01 2.384186e-07 4.213440e+03
1.330000e+01 5.824346e-06 2.396184e+01 5.715101e-05 1.004277e+00 8.049284e+08 1.018463e+02 -7.500648e-03 -4.520819e-01 -5.424023e-06 1.684726e+06
1.365000e+01 -9.364697e-05 2.417647e+01 7.086201e-05 1.034570e+00 9.923332e+08 1.255583e+02 -3.341401e-02 -4.532447e-01 -2.443790e-06 8.079274e+03
1.400000e+01 -3.306807e-04 2.465169e+01 7.858737e-05 1.018963e+00 1.110746e+09 1.405408e+02 -3.166318e-02 -4.566638e-01 -5.483627e-06 7.176790e+02
1.435001e+01 -2.549076e-04 2.543756e+01 8.043746e-05 1.031239e+00 1.126619e+09 1.425485e+02 -3.498507e-02 -4.467854e-01 2.325773e-04 1.236920e+03
1.470001e+01 -6.367610e-05 2.648645e+01 7.502476e-05 1.025511e+00 1.053041e+09 1.332392e+02 -2.487475e-02 -4.580422e-01 1.523495e-04 1.850241e+04
1.505001e+01 -4.079619e-05 2.769668e+01 7.180848e-05 1.024207e+00 1.013686e+09 1.282595e+02 -1.369417e-02 -4.542124e-01 1.463890e-04 4.314462e+04
1.540001e+01 1.560428e-04 2.896610e+01 6.708225e-05 1.017092e+00 9.454616e+08 1.196273e+02 -9.526789e-03 -4.529111e-01 6.663799e-05 2.753991e+03
1.575001e+01 1.559013e-04 3.019180e+01 6.242768e-05 1.013515e+00 8.724366e+08 1.103882e+02 -1.954794e-02 -4.587867e-01 -7.510185e-06 2.567490e+03
1.610001e+01 1.368301e-04 3.128037e+01 5.619184e-05 1.008770e+00 7.892285e+08 9.985984e+01 -8.978486e-03 -4.677206e-01 -2.920628e-06 3.000306e+03
1.645001e+01 1.697543e-04 3.222305e+01 4.900607e-05 9.985637e-01 6.971779e+08 8.821249e+01 -2.848095e-02 -4.661518e-01 8.344650e-07 1.699624e+03
1.680001e+01 3.637561e-04 3.320534e+01 4.065341e-05 9.902341e-01 5.678105e+08 7.184400e+01 -2.562189e-02 -4.777098e-01 5.602837e-06 3.062389e+02
1.715001e+01 4.921339e-04 3.463654e+01 3.203452e-05 9.880985e-01 4.441239e+08 5.619443e+01 -3.547508e-02 -4.846998e-01 5.006790e-06 1.312671e+02
1.750001e+01 6.310361e-04 3.702844e+01 2.572906e-05 9.889311e-01 3.538420e+08 4.477092e+01 -5.984205e-02 -4.838068e-01 -1.132488e-06 6.361233e+01
1.785001e+01 6.300394e-04 4.067138e+01 2.349415e-05 9.701060e-01 3.218218e+08 4.071958e+01 -4.910690e-02 -4.830375e-01 -2.503395e-06 5.818671e+01
1.820001e+01 5.418447e-04 4.534070e+01 2.620000e-05 9.697331e-01 3.611862e+08 4.570026e+01 -3.601146e-02 -4.867193e-01 -7.748604e-07 8.823838e+01
1.855001e+01 4.311057e-04 4.773354e+01 3.111698e-05 9.737779e-01 4.305041e+08 5.447108e+01 -1.428682e-02 -4.863135e-01 2.622604e-06 1.664287e+02
1.890001e+01 4.147283e-04 4.775468e+01 3.627650e-05 9.855596e-01 5.044262e+08 6.382401e+01 -1.636934e-02 -4.854175e-01 3.099442e-06 2.099104e+02
1.925001e+01 4.371513e-04 4.781057e+01 3.986121e-05 9.960878e-01 5.514842e+08 6.977844e+01 -2.649152e-02 -4.865097e-01 -3.159046e-06 2.075869e+02
1.960001e+01 3.484388e-04 4.785823e+01 3.973074e-05 1.006518e+00 5.565576e+08 7.042025e+01 -2.679616e-02 -4.811480e-01 -8.463860e-06 3.262456e+02
1.995001e+01 2.738384e-04 4.788071e+01 3.986233e-05 9.973747e-01 5.543905e+08 7.014601e+01 -1.460212e-02 -4.845020e-01 -7.390976e-06 5.305866e+02
2.030001e+01 1.791579e-04 4.789423e+01 4.061108e-05 1.012070e+00 5.731680e+08 7.252163e+01 -2.091640e-02 -4.839506e-01 -1.919270e-05 1.264239e+03
2.065001e+01 3.753180e-05 4.792003e+01 4.335756e-05 1.014861e+00 6.101716e+08 7.720405e+01 -1.230907e-02 -4.868978e-01 -2.809167e-04 3.077882e+04
2.100001e+01 -8.609536e-05 4.800344e+01 4.710657e-05 1.016743e+00 6.686338e+08 8.460109e+01 -3.255332e-02 -4.883208e-01 -2.703667e-04 6.354095e+03
2.135001e+01 -1.319328e-04 4.830365e+01 5.288897e-05 1.026888e+00 7.375203e+08 9.331680e+01 -1.732349e-02 -4.876741e-01 -2.301931e-04 3.037500e+03
2.170001e+01 -2.999546e-04 4.896965e+01 5.850531e-05 1.030040e+00 8.153519e+08 1.031650e+02 1.005173e-03 -4.834699e-01 -2.183914e-04 6.492559e+02
2.205001e+01 -2.997005e-04 5.014614e+01 6.053706e-05 1.023082e+00 8.490404e+08 1.074269e+02 -2.935898e-02 -4.861987e-01 -1.502037e-04 6.729789e+02
2.240001e+01 -1.223092e-04 5.183542e+01 5.863114e-05 1.018050e+00 8.301328e+08 1.050352e+02 -2.271467e-02 -4.875426e-01 -2.098083e-05 3.918316e+03
2.275001e+01 6.948067e-05 5.391864e+01 5.568573e-05 1.011779e+00 7.853581e+08 9.936989e+01 -5.393201e-02 -4.929438e-01 -2.545118e-04 1.153396e+04
2.310001e+01 1.288872e-04 5.622223e+01 5.287235e-05 1.014566e+00 7.376574e+08 9.333469e+01 -1.423073e-02 -4.914007e-01 1.196861e-04 3.181800e+03
2.345001e+01 1.464766e-04 5.857098e+01 4.879611e-05 1.003403e+00 6.826395e+08 8.637282e+01 -1.893359e-02 -4.925560e-01 -1.311302e-04 2.273305e+03
2.380001e+01 1.881974e-04 6.086172e+01 4.544928e-05 1.005198e+00 6.353494e+08 8.038992e+01 -2.008379e-02 -4.880764e-01 2.574921e-05 1.282216e+03
2.415001e+01 3.647664e-04 6.318423e+01 4.101381e-05 1.008525e+00 5.741309e+08 7.264388e+01 -3.101224e-02 -4.944820e-01 3.218651e-06 3.072482e+02
2.450002e+01 4.716835e-04 6.585806e+01 3.486433e-05 9.853173e-01 4.840406e+08 6.124453e+01 -3.156692e-02 -4.911374e-01 -5.066395e-06 1.557039e+02
2.485002e+01 4.367282e-04 6.932285e+01 2.946062e-05 9.756434e-01 4.094957e+08 5.181281e+01 -2.895367e-02 -4.933197e-01 3.576279e-06 1.534612e+02
2.520002e+01 5.353583e-04 7.402924e+01 2.452229e-05 9.801750e-01 3.381604e+08 4.278656e+01 -4.588681e-02 -5.033208e-01 -9.298325e-06 8.456025e+01
2.555002e+01 4.960874e-04 8.025133e+01 2.074573e-05 9.522817e-01 2.855551e+08 3.613074e+01 -9.702390e-02 -4.962114e-01 4.410744e-06 8.329701e+01
2.590002e+01 5.545957e-04 8.786656e+01 2.003812e-05 9.578297e-01 2.788158e+08 3.527819e+01 -6.349438e-02 -4.967033e-01 2.861023e-06 6.414845e+01
2.625002e+01 5.470928e-04 9.545871e+01 2.247452e-05 9.622840e-01 3.114010e+08 3.940107e+01 -6.055731e-02 -4.981431e-01 5.245209e-06 7.408763e+01
2.660002e+01 4.038583e-04 9.545871e+01 2.663935e-05 9.916694e-01 3.701261e+08 4.683146e+01 -2.396339e-02 -4.975052e-01 -2.741814e-06 1.623298e+02
2.695002e+01 5.148664e-04 9.545871e+01 2.974283e-05 9.811424e-01 4.112936e+08 5.204032e+01 -3.566569e-02 -4.965653e-01 1.072884e-06 1.112001e+02
2.730002e+01 4.112478e-04 9.545872e+01 3.230146e-05 9.915668e-01 4.515694e+08 5.713607e+01 -4.417330e-02 -4.952837e-01 -6.556511e-07 1.899919e+02
2.765002e+01 2.628804e-04 9.545901e+01 3.529832e-05 1.006146e+00 4.957782e+08 6.273015e+01 -7.456481e-03 -4.923071e-01 6.914139e-06 5.097842e+02
2.800002e+01 3.382522e-04 9.546008e+01 3.765921e-05 1.015185e+00 5.249653e+08 6.642296e+01 -4.531384e-02 -5.005777e-01 4.649162e-06 3.281471e+02
2.835002e+01 1.524357e-04 9.546022e+01 3.922878e-05 1.008175e+00 5.514799e+08 6.977779e+01 -3.619450e-02 -4.987697e-01 -5.304813e-06 1.687229e+03
2.870002e+01 -5.421967e-05 9.546037e+01 4.208782e-05 1.008088e+00 5.880292e+08 7.440257e+01 -2.536500e-02 -4.980847e-01 -1.317263e-05 1.431569e+04
2.905002e+01 -1.592517e-04 9.546053e+01 4.593399e-05 1.005766e+00 6.447206e+08 8.157548e+01 -3.611368e-02 -4.955416e-01 1.062155e-04 1.810199e+03
2.940002e+01 -2.899114e-04 9.546166e+01 4.970577e-05 1.017747e+00 6.946882e+08 8.789767e+01 -2.313226e-02 -4.958057e-01 -2.797246e-04 5.903931e+02
2.975002e+01 -2.434391e-04 9.546635e+01 5.236542e-05 1.029752e+00 7.327320e+08 9.271113e+01 -1.643914e-02 -4.977569e-01 -2.797246e-04 8.826163e+02
3.010002e+01 -2.407335e-04 9.549153e+01 5.247480e-05 1.014076e+00 7.375684e+08 9.332334e+01 -3.977430e-02 -4.976426e-01 -2.797246e-04 9.044778e+02
3.045002e+01 -7.753273e-05 9.553378e+01 4.982543e-05 1.023947e+00 7.042677e+08 8.910981e+01 -3.321052e-02 -4.967582e-01 -2.797246e-04 8.287596e+03
3.080002e+01 -1.392011e-04 9.571446e+01 4.735363e-05 1.010943e+00 6.689834e+08 8.464503e+01 -3.691083e-02 -4.976168e-01 -2.797246e-04 2.442812e+03
3.115002e+01 5.817449e-05 9.601403e+01 4.338131e-05 1.003841e+00 6.104204e+08 7.723524e+01 -2.023524e-02 -4.958429e-01 -2.797246e-04 1.281751e+04
3.150002e+01 1.476189e-04 9.650689e+01 4.139971e-05 1.010961e+00 5.821548e+08 7.365878e+01 -1.434237e-02 -4.990363e-01 -2.796054e-04 1.898825e+03
3.185002e+01 3.160950e-04 9.712424e+01 3.742000e-05 9.957724e-01 5.267885e+08 6.665349e+01 -2.461094e-02 -4.992197e-01 -2.798438e-04 3.735145e+02
3.220002e+01 3.939969e-04 9.777960e+01 3.317720e-05 9.837025e-01 4.599858e+08 5.820128e+01 -4.714394e-02 -5.018777e-01 -2.798438e-04 2.127244e+02
3.255002e+01 4.046216e-04 9.840970e+01 2.941440e-05 9.900689e-01 4.128835e+08 5.224146e+01 -4.845005e-02 -5.028985e-01 -2.797246e-04 1.786643e+02
3.290002e+01 5.010323e-04 9.901133e+01 2.461377e-05 9.543679e-01 3.374298e+08 4.269442e+01 -6.785125e-02 -5.012163e-01 -2.824664e-04 9.704976e+01
3.325002e+01 5.430341e-04 9.976680e+01 2.160208e-05 9.591613e-01 2.982943e+08 3.774263e+01 -8.590615e-02 -5.027117e-01 -2.129674e-04 7.225571e+01
3.360002e+01 5.929839e-04 1.011889e+02 1.993325e-05 9.611010e-01 2.736044e+08 3.461874e+01 -7.783526e-02 -5.024328e-01 -2.651215e-04 5.568815e+01
3.395002e+01 5.519594e-04 1.040303e+02 2.014514e-05 9.611784e-01 2.772275e+08 3.507709e+01 -9.891284e-02 -5.006281e-01 -4.116893e-04 6.512354e+01
3.430001e+01 5.505783e-04 1.088111e+02 2.193649e-05 9.715676e-01 3.024210e+08 3.826479e+01 -8.003324e-02 -5.012639e-01 1.444817e-04 7.136507e+01
3.465001e+01 4.585182e-04 1.154853e+02 2.481693e-05 9.677430e-01 3.421248e+08 4.328827e+01 -6.428087e-02 -5.043828e-01 -3.395677e-04 1.170416e+02
