#./underdamped_3d_var --dev=3 --amp=0 --omega=1.59 --force=0 --gam=0.03183 --Dg=0.1 --block=256 --paths=16384 --periods=1000000 --trans=100000 --samples=100 --spp=100 --algorithm=predcorr --icav=1 --pav=1 --mode=moments --domain=1d --domainx=a:0:35:100:0 --domainy= --domainz= --q=2 --eps=0 --phi=0 --lambda=0 --Dp=0 --comp=0 --mean=0 >> fig1_omega1.59_Dg0.1.dat
#a <<v>> <<v^2>> atav2 qnu(q) mu_q Dx Gx Gv EBx EBv
0.000000e+00 8.944931e-09 7.548781e-02 2.096432e-12 -1.981312e-04 1.351404e+02 1.709887e-05 1.763195e+00 1.838470e-02 2.944469e-05 2.620054e+04
3.500000e-01 9.623211e-08 1.182364e-01 3.968338e-12 2.806536e-02 4.319944e+02 5.465835e-05 5.222384e+00 -8.830249e-02 7.152557e-06 4.275176e+02
7.000000e-01 1.931770e-07 2.364632e-01 1.260211e-10 3.290625e-01 3.650306e+03 4.618619e-04 3.037129e+00 -2.780712e-01 -4.947186e-06 3.376010e+03
1.050000e+00 1.036780e-06 4.101877e-01 3.065027e-09 8.863717e-01 4.496196e+04 5.688980e-03 2.365887e-01 -3.726304e-01 1.192093e-06 2.850420e+03
1.400000e+00 -5.354066e-07 7.208861e-01 3.639362e-08 9.872537e-01 5.134325e+05 6.496400e-02 3.031373e-03 -4.135643e-01 5.960464e-06 1.269563e+05
1.750000e+00 5.936125e-06 8.688377e-01 2.114134e-07 9.833755e-01 2.992764e+06 3.786672e-01 -7.618666e-03 -4.217603e-01 -4.172325e-07 5.998658e+03
2.100000e+00 1.093488e-05 1.317945e+00 3.431268e-07 9.933461e-01 4.846848e+06 6.132593e-01 -2.796710e-03 -4.238229e-01 5.722046e-06 2.868634e+03
2.450000e+00 -1.312605e-05 1.592321e+00 9.379210e-07 9.992233e-01 1.329930e+07 1.682727e+00 -7.206023e-03 -3.999060e-01 1.025200e-05 5.442750e+03
2.800000e+00 -1.194128e-05 2.211926e+00 3.401978e-06 9.962167e-01 4.775687e+07 6.042593e+00 -1.437920e-02 -3.146436e-01 5.364418e-06 2.385676e+04
3.150000e+00 6.401809e-05 3.069095e+00 7.569031e-06 9.930140e-01 1.052453e+08 1.331647e+01 1.361299e-02 -2.412643e-01 4.053116e-06 1.845864e+03
3.500000e+00 8.641011e-05 3.634341e+00 1.804845e-05 9.967240e-01 2.540663e+08 3.214663e+01 -6.454051e-03 -2.095159e-01 -1.311302e-06 2.416191e+03
3.849999e+00 2.695869e-05 4.516715e+00 3.533683e-05 9.996681e-01 4.972890e+08 6.292104e+01 7.612944e-03 -2.141845e-01 1.549721e-06 4.862069e+04
4.199999e+00 -8.141687e-05 5.565631e+00 4.768680e-05 1.003148e+00 6.670588e+08 8.440211e+01 -1.100624e-02 -2.145571e-01 0.000000e+00 7.192983e+03
4.549999e+00 1.112617e-05 6.159268e+00 6.142415e-05 1.009723e+00 8.662161e+08 1.096000e+02 4.009509e-02 -2.254025e-01 4.291534e-06 4.961888e+05
4.899999e+00 1.539371e-04 6.492950e+00 7.543801e-05 9.876772e-01 1.063921e+09 1.346160e+02 3.181100e-03 -2.370040e-01 3.457069e-06 3.182489e+03
5.249999e+00 1.196885e-04 6.708614e+00 1.025633e-04 1.001295e+00 1.444171e+09 1.827278e+02 8.287907e-03 -2.539625e-01 1.120567e-05 7.158577e+03
5.599999e+00 7.815888e-05 6.895090e+00 1.809783e-04 1.004249e+00 2.565657e+09 3.246282e+02 1.426804e-02 -2.656620e-01 8.702278e-06 2.962478e+04
5.949999e+00 -3.782822e-05 7.091103e+00 2.943780e-04 9.979122e-01 4.102204e+09 5.190430e+02 1.913929e-02 -2.862191e-01 8.344650e-07 2.057176e+05
6.299999e+00 6.330295e-05 7.744538e+00 3.135587e-04 9.930101e-01 4.431530e+09 5.607139e+02 3.195715e-02 -2.788720e-01 3.337860e-06 7.824659e+04
6.649999e+00 3.478776e-04 8.795326e+00 1.960482e-04 9.872767e-01 2.741372e+09 3.468610e+02 3.753424e-03 -2.686268e-01 2.145767e-06 1.618981e+03
6.999999e+00 1.165058e-04 9.877090e+00 1.273627e-04 1.005778e+00 1.793740e+09 2.269579e+02 1.930714e-02 -2.517281e-01 3.695488e-06 9.382107e+03
7.349998e+00 3.398483e-04 1.078184e+01 1.004622e-04 1.002128e+00 1.411753e+09 1.786259e+02 -1.242375e-02 -2.620604e-01 1.168251e-05 8.688257e+02
7.699998e+00 1.008840e-04 1.177297e+01 1.071717e-04 1.005685e+00 1.515133e+09 1.917070e+02 9.478807e-03 -2.826715e-01 1.227856e-05 1.052917e+04
8.049998e+00 1.001141e-04 1.209084e+01 1.333836e-04 9.887826e-01 1.875809e+09 2.373429e+02 -6.157160e-04 -3.126203e-01 2.264977e-06 1.330696e+04
8.399999e+00 2.743446e-04 1.202413e+01 1.425203e-04 9.906223e-01 2.006735e+09 2.539080e+02 -1.110464e-02 -3.653754e-01 3.218651e-06 1.892581e+03
8.749999e+00 8.059176e-05 1.049348e+01 4.569142e-05 1.003795e+00 6.393812e+08 8.089983e+01 -4.055500e-04 -4.369958e-01 1.192093e-05 7.033827e+03
9.099999e+00 6.702002e-05 8.970232e+00 1.687098e-06 9.906411e-01 2.370875e+07 2.999827e+00 -1.120579e-02 -5.029848e-01 -4.291534e-06 3.746049e+02
9.450000e+00 6.507555e-06 1.121293e+01 1.524544e-08 5.420644e-01 3.026985e+05 3.830004e-02 2.623446e-01 -5.131683e-01 6.079674e-06 3.590013e+02
9.800000e+00 -1.906258e-06 1.193234e+01 7.329775e-09 4.516409e-01 1.671754e+05 2.115242e-02 1.908765e-01 -5.103613e-01 -1.668930e-06 2.016099e+03
1.015000e+01 1.741463e-05 1.193501e+01 2.057334e-07 9.480338e-01 2.942456e+06 3.723039e-01 1.585901e-02 -5.095564e-01 6.914139e-06 6.773851e+02
1.050000e+01 1.005865e-04 1.214735e+01 6.139322e-06 1.012121e+00 8.644661e+07 1.093788e+01 2.012324e-02 -4.968808e-01 -2.140999e-04 6.057935e+02
1.085000e+01 1.666315e-04 1.352242e+01 3.911564e-05 1.018011e+00 5.488728e+08 6.944798e+01 -4.800200e-03 -4.766515e-01 -7.104874e-05 1.407758e+03
1.120000e+01 1.463611e-04 1.532717e+01 5.517382e-05 1.004587e+00 7.769048e+08 9.830052e+01 7.225275e-03 -4.644279e-01 8.463860e-06 2.574620e+03
1.155000e+01 -4.405144e-05 1.664781e+01 4.717467e-05 9.991641e-01 6.591414e+08 8.339960e+01 -1.782596e-03 -4.658670e-01 -2.801418e-06 2.430921e+04
1.190000e+01 1.376742e-04 1.783373e+01 4.296075e-05 9.923909e-01 6.055511e+08 7.661934e+01 5.398750e-03 -4.738581e-01 -4.947186e-06 2.265559e+03
1.225000e+01 1.697097e-04 1.987274e+01 5.558280e-05 1.002715e+00 7.877836e+08 9.967658e+01 -3.045440e-03 -4.743500e-01 1.192093e-07 1.928866e+03
1.260000e+01 4.635551e-04 2.324973e+01 1.305970e-04 9.933178e-01 1.827364e+09 2.312135e+02 7.781982e-03 -4.716396e-01 -8.940697e-07 6.067579e+02
1.295000e+01 1.686103e-03 2.386468e+01 5.669237e-04 1.009199e+00 7.943838e+09 1.005120e+03 7.579327e-04 -4.638457e-01 1.478195e-05 1.984143e+02
1.330000e+01 5.015095e-03 2.386468e+01 2.561774e-03 9.985916e-01 3.554036e+10 4.496868e+03 1.502371e-02 -4.616079e-01 1.299381e-05 1.008550e+02
1.365000e+01 3.842448e-03 2.386517e+01 1.725204e-03 1.000546e+00 2.412018e+10 3.051876e+03 -8.485675e-03 -4.696775e-01 3.921986e-05 1.158488e+02
1.400000e+01 1.959124e-03 2.389779e+01 2.565501e-04 9.968211e-01 3.548904e+09 4.490361e+02 -1.006758e-02 -4.841286e-01 2.408028e-05 6.584180e+01
1.435001e+01 1.151674e-03 2.403469e+01 1.007373e-04 9.992541e-01 1.398099e+09 1.768990e+02 5.959153e-03 -4.865793e-01 1.084805e-05 7.495058e+01
1.470001e+01 6.912185e-04 2.436978e+01 8.540969e-05 9.954613e-01 1.191789e+09 1.507945e+02 -8.544445e-03 -4.792296e-01 -2.797246e-04 1.777625e+02
1.505001e+01 2.523521e-04 2.502896e+01 9.063330e-05 9.925619e-01 1.271963e+09 1.609395e+02 9.594440e-03 -4.774807e-01 -1.320243e-04 1.422226e+03
1.540001e+01 1.732516e-04 2.600133e+01 9.353484e-05 1.001363e+00 1.320242e+09 1.670475e+02 -1.360691e-02 -4.843689e-01 2.074242e-04 3.115156e+03
1.575001e+01 1.110030e-04 2.681355e+01 8.844669e-05 1.002299e+00 1.246408e+09 1.577057e+02 -1.457036e-02 -4.806334e-01 -1.716614e-05 7.177142e+03
1.610001e+01 4.152112e-04 2.667229e+01 6.194435e-05 9.998373e-01 8.666808e+08 1.096589e+02 -5.944073e-03 -4.896870e-01 1.215935e-05 3.583053e+02
1.645001e+01 2.133716e-04 2.513317e+01 1.508755e-05 1.008517e+00 2.131243e+08 2.696607e+01 7.359743e-03 -5.016942e-01 1.429319e-04 3.303947e+02
1.680001e+01 9.486095e-05 2.434295e+01 1.386393e-06 8.824980e-01 2.041229e+07 2.582736e+00 -1.920938e-03 -4.994884e-01 -2.707839e-04 1.530676e+02
1.715001e+01 2.053633e-05 2.460810e+01 9.303518e-08 3.621925e-01 2.392242e+06 3.026859e-01 1.353368e+00 -5.082196e-01 -2.682209e-04 2.195980e+02
1.750001e+01 2.388822e-05 2.667305e+01 1.707929e-08 1.587382e-01 8.920928e+05 1.128749e-01 2.738015e+00 -5.124192e-01 -2.797246e-04 2.892970e+01
1.785001e+01 2.451633e-05 3.219687e+01 1.546590e-08 2.412974e-01 5.479062e+05 6.932537e-02 1.312060e+00 -5.082415e-01 -2.801418e-04 2.473146e+01
1.820001e+01 1.642359e-05 4.046928e+01 4.999522e-08 5.743353e-01 9.415553e+05 1.191336e-01 1.478649e-01 -5.093248e-01 -4.023314e-05 1.843500e+02
1.855001e+01 3.858690e-05 4.772935e+01 3.022648e-07 8.995993e-01 4.437802e+06 5.615043e-01 3.397703e-03 -5.109297e-01 5.245209e-06 2.020056e+02
1.890001e+01 8.758288e-05 4.772935e+01 2.778141e-06 9.899588e-01 3.917361e+07 4.956564e+00 1.226056e-02 -5.053917e-01 1.549721e-06 3.611728e+02
1.925001e+01 2.030727e-04 4.772935e+01 1.539286e-05 1.013970e+00 2.156049e+08 2.728008e+01 -1.335442e-02 -5.080874e-01 2.145767e-06 3.722641e+02
1.960001e+01 2.649392e-04 4.772935e+01 4.001023e-05 9.909722e-01 5.629644e+08 7.123074e+01 -4.848182e-03 -4.974087e-01 2.026558e-06 5.690047e+02
1.995001e+01 2.843973e-04 4.772935e+01 6.852054e-05 9.994667e-01 9.626316e+08 1.218002e+02 -2.420545e-04 -4.973260e-01 1.430511e-06 8.461687e+02
2.030001e+01 5.361447e-04 4.772935e+01 1.100108e-04 1.002419e+00 1.542426e+09 1.951604e+02 -7.826567e-03 -5.005628e-01 3.576279e-07 3.817113e+02
2.065001e+01 1.323395e-03 4.772935e+01 1.824314e-04 9.798072e-01 2.546682e+09 3.222278e+02 -3.934801e-03 -4.968162e-01 -2.797246e-04 1.031647e+02
2.100001e+01 2.536289e-03 4.772935e+01 3.652651e-04 1.012442e+00 5.050477e+09 6.390298e+02 -4.335523e-03 -4.943158e-01 -2.797246e-04 5.578198e+01
2.135001e+01 3.823795e-03 4.772936e+01 5.388144e-04 9.916106e-01 7.384367e+09 9.343313e+02 -1.928169e-02 -4.978123e-01 -2.797246e-04 3.585106e+01
2.170001e+01 3.890763e-03 4.774182e+01 4.118760e-04 9.969691e-01 5.538670e+09 7.007988e+02 -4.097939e-02 -4.999525e-01 -2.797246e-04 2.620803e+01
2.205001e+01 3.647508e-03 4.784986e+01 2.431748e-04 9.937321e-01 3.226388e+09 4.082291e+02 -2.503175e-02 -5.015393e-01 -2.797246e-04 1.727789e+01
2.240001e+01 2.164445e-03 4.827808e+01 1.539101e-04 1.006648e+00 2.109362e+09 2.668942e+02 -1.992112e-02 -4.981067e-01 -2.797246e-04 3.185293e+01
2.275001e+01 1.240447e-03 4.914988e+01 1.104283e-04 1.002533e+00 1.528140e+09 1.933524e+02 -2.662098e-02 -5.023150e-01 -2.797246e-04 7.076691e+01
2.310001e+01 8.658224e-04 5.040316e+01 8.634395e-05 1.009466e+00 1.194213e+09 1.511021e+02 1.629472e-03 -5.016634e-01 -2.797246e-04 1.141793e+02
2.345001e+01 6.965811e-04 5.154866e+01 6.849853e-05 1.012360e+00 9.576402e+08 1.211682e+02 -2.983034e-03 -5.000066e-01 -2.799034e-04 1.401685e+02
2.380001e+01 2.815674e-04 5.109539e+01 3.619344e-05 1.012685e+00 5.083797e+08 6.432436e+01 2.431452e-02 -5.041268e-01 -2.778769e-04 4.555255e+02
2.415001e+01 1.758389e-04 4.954259e+01 1.006500e-05 9.960904e-01 1.420276e+08 1.797047e+01 -5.904257e-03 -5.040191e-01 -2.782345e-04 3.245248e+02
2.450002e+01 1.389334e-04 4.894006e+01 1.571815e-06 9.487846e-01 2.215381e+07 2.803087e+00 -6.673336e-03 -5.013040e-01 -2.797246e-04 8.043070e+01
2.485002e+01 4.564039e-05 4.990287e+01 2.344002e-07 7.753488e-01 3.676599e+06 4.651923e-01 4.675019e-02 -5.089484e-01 -2.797246e-04 1.115277e+02
2.520002e+01 3.694063e-05 5.472069e+01 6.539736e-08 5.026593e-01 1.336462e+06 1.691006e-01 3.679898e-01 -5.053618e-01 -2.797246e-04 4.692385e+01
2.555002e+01 2.761014e-05 6.615388e+01 3.315679e-08 3.612774e-01 8.705313e+05 1.101470e-01 6.559533e-01 -5.077667e-01 -2.797246e-04 4.249458e+01
2.590002e+01 1.728858e-05 8.268360e+01 3.586919e-08 4.430973e-01 8.180234e+05 1.035030e-01 3.623631e-01 -5.019888e-01 -2.797246e-04 1.190060e+02
2.625002e+01 3.493378e-05 9.545871e+01 7.043896e-08 6.507463e-01 1.232043e+06 1.558882e-01 3.545058e-02 -5.068535e-01 -2.415776e-04 5.671939e+01
2.660002e+01 3.819975e-05 9.545871e+01 1.911206e-07 8.450037e-01 2.884501e+06 3.649711e-01 -1.635820e-02 -5.057653e-01 2.053976e-04 1.299744e+02
2.695002e+01 9.041683e-05 9.545871e+01 8.828983e-07 9.488581e-01 1.247570e+07 1.578524e+00 -2.160549e-03 -5.058121e-01 3.433228e-05 1.069971e+02
2.730002e+01 9.285409e-05 9.545871e+01 4.595452e-06 9.925820e-01 6.473518e+07 8.190858e+00 -7.711589e-03 -5.075728e-01 1.192093e-07 5.319987e+02
2.765002e+01 2.935447e-04 9.545871e+01 1.591509e-05 9.931518e-01 2.208615e+08 2.794519e+01 -1.012468e-02 -5.064883e-01 -5.722046e-06 1.836973e+02
2.800002e+01 3.617022e-04 9.545871e+01 3.508256e-05 1.006224e+00 4.890403e+08 6.187722e+01 1.111782e-02 -5.088171e-01 3.576279e-07 2.671569e+02
2.835002e+01 6.955195e-04 9.545871e+01 5.434732e-05 9.988012e-01 7.540129e+08 9.540354e+01 -9.245336e-03 -5.088328e-01 7.987022e-06 1.113465e+02
2.870002e+01 1.147670e-03 9.545871e+01 7.747713e-05 1.007467e+00 1.076185e+09 1.361672e+02 8.313417e-03 -5.034665e-01 1.907349e-06 5.782193e+01
2.905002e+01 1.729807e-03 9.545871e+01 9.741295e-05 9.735612e-01 1.308730e+09 1.655920e+02 -1.060259e-02 -5.093699e-01 -2.044439e-05 3.155529e+01
2.940002e+01 2.247577e-03 9.545871e+01 1.022493e-04 9.893494e-01 1.377596e+09 1.743056e+02 -4.331946e-03 -5.023599e-01 -2.797246e-04 1.924095e+01
2.975002e+01 2.191543e-03 9.545871e+01 8.461669e-05 9.809267e-01 1.118523e+09 1.415252e+02 -8.770585e-03 -5.054513e-01 -2.797246e-04 1.661798e+01
3.010002e+01 2.264003e-03 9.545871e+01 7.298874e-05 9.781905e-01 9.604515e+08 1.215242e+02 -2.464563e-02 -5.039389e-01 -2.797246e-04 1.323973e+01
3.045002e+01 1.734030e-03 9.545871e+01 6.321353e-05 1.009861e+00 8.423946e+08 1.065865e+02 7.902384e-04 -5.061001e-01 -2.797246e-04 2.002310e+01
3.080002e+01 8.420548e-04 9.545871e+01 4.888155e-05 9.926295e-01 6.718756e+08 8.501111e+01 1.612759e-02 -4.999665e-01 -2.797246e-04 6.793888e+01
3.115002e+01 7.021989e-04 9.545871e+01 3.532426e-05 1.012301e+00 4.923566e+08 6.229700e+01 4.026639e-02 -5.061914e-01 -2.797246e-04 7.063954e+01
3.150002e+01 4.330760e-04 9.545871e+01 1.973057e-05 1.006741e+00 2.746564e+08 3.475166e+01 -1.831055e-04 -5.041934e-01 -2.797246e-04 1.041989e+02
3.185002e+01 1.968921e-04 9.545872e+01 7.440374e-06 9.916309e-01 1.047292e+08 1.325118e+01 -1.316428e-02 -5.081415e-01 -2.797246e-04 1.909279e+02
3.220002e+01 1.327126e-04 9.545879e+01 1.938099e-06 9.758192e-01 2.696751e+07 3.412145e+00 4.274726e-03 -5.059912e-01 -2.797246e-04 1.090402e+02
3.255002e+01 6.716367e-05 9.545879e+01 4.378038e-07 8.984268e-01 6.341514e+06 8.023844e-01 -1.496595e-02 -5.070771e-01 -2.797246e-04 9.605338e+01
3.290002e+01 1.655569e-05 9.545872e+01 1.395573e-07 7.227508e-01 2.271172e+06 2.873674e-01 1.038587e-02 -5.061488e-01 -2.797246e-04 5.081641e+02
3.325002e+01 2.685967e-05 9.545871e+01 6.868203e-08 5.507700e-01 1.269506e+06 1.606286e-01 5.913341e-02 -5.096949e-01 -2.797246e-04 9.420110e+01
3.360002e+01 1.959182e-05 9.545871e+01 4.624309e-08 4.482211e-01 9.771176e+05 1.236327e-01 1.147552e-01 -5.087577e-01 -2.797246e-04 1.194751e+02
3.395002e+01 2.257968e-05 9.546008e+01 5.566008e-08 5.122311e-01 1.091876e+06 1.381528e-01 7.844508e-02 -5.073074e-01 -2.797246e-04 1.081713e+02
3.430001e+01 1.541715e-05 9.550148e+01 9.861417e-08 6.735280e-01 1.683160e+06 2.129665e-01 2.848816e-02 -5.108036e-01 -2.797246e-04 4.138883e+02
3.465001e+01 3.068899e-05 9.611107e+01 2.022953e-07 7.982978e-01 3.121442e+06 3.949506e-01 -1.176322e-02 -5.057302e-01 -2.797246e-04 2.137933e+02
