#./underdamped_3d_var --dev=3 --amp=14 --omega=1.59 --force=0 --gam=0.03183 --Dg=0.5 --block=256 --paths=16384 --periods=1000000 --trans=100000 --samples=100 --spp=100 --algorithm=predcorr --icav=1 --pav=1 --mode=moments --domain=1d --domainx=D:-1:1:100:1 --domainy= --domainz= --q=2 --eps=0 --phi=0 --lambda=0 --Dp=0 --comp=0 --mean=0 >> fig1_omega1.59_amp14.dat
#D <<v>> <<v^2>> atav2 qnu(q) mu_q Dx Gx Gv EBx EBv
1.000000e-01 1.804706e-03 2.389776e+01 2.567494e-04 1.010992e+00 3.573681e+09 4.521713e+02 -2.947688e-02 -4.847460e-01 2.360344e-05 7.783089e+01
1.047129e-01 1.897015e-03 2.390196e+01 2.524498e-04 1.007380e+00 3.508123e+09 4.438748e+02 -4.891872e-03 -4.868040e-01 2.241135e-05 6.915098e+01
1.096478e-01 1.841606e-03 2.390502e+01 2.472677e-04 1.004093e+00 3.448365e+09 4.363147e+02 -1.773518e-02 -4.822705e-01 1.919270e-05 7.190776e+01
1.148153e-01 1.742060e-03 2.390623e+01 2.420752e-04 1.000469e+00 3.380978e+09 4.277881e+02 -2.443612e-03 -4.823510e-01 2.443790e-05 7.876717e+01
1.202264e-01 1.532249e-03 2.390744e+01 2.332806e-04 9.939598e-01 3.245743e+09 4.106793e+02 -3.017557e-02 -4.869683e-01 8.940697e-06 9.836197e+01
1.258925e-01 1.469821e-03 2.391122e+01 2.347434e-04 1.017775e+00 3.278499e+09 4.148236e+02 -2.592570e-02 -4.809178e-01 1.275539e-05 1.076587e+02
1.318256e-01 1.253044e-03 2.391550e+01 2.290779e-04 1.023817e+00 3.210441e+09 4.062102e+02 -1.471764e-02 -4.829566e-01 4.887581e-06 1.448985e+02
1.380384e-01 1.081269e-03 2.392349e+01 2.160210e-04 1.001770e+00 3.033308e+09 3.837976e+02 -7.397771e-03 -4.827965e-01 9.655952e-06 1.837686e+02
1.445439e-01 1.330896e-03 2.392915e+01 2.130404e-04 1.006477e+00 2.970567e+09 3.758604e+02 8.761764e-03 -4.845777e-01 8.583069e-06 1.192746e+02
1.513561e-01 9.630946e-04 2.393477e+01 2.087363e-04 1.014139e+00 2.930189e+09 3.707528e+02 -2.341115e-02 -4.778985e-01 6.318092e-06 2.240402e+02
1.584892e-01 9.604866e-04 2.393730e+01 2.002519e-04 1.016850e+00 2.798003e+09 3.540264e+02 -2.570987e-03 -4.765705e-01 3.933907e-06 2.160672e+02
1.659586e-01 8.216916e-04 2.393909e+01 1.956314e-04 1.007624e+00 2.736629e+09 3.462603e+02 -3.489196e-03 -4.780456e-01 8.225441e-06 2.887483e+02
1.737800e-01 5.702908e-04 2.394495e+01 1.875912e-04 1.009626e+00 2.643496e+09 3.344774e+02 -2.606440e-02 -4.755998e-01 1.025200e-05 5.757927e+02
1.819700e-01 4.059138e-04 2.395204e+01 1.835819e-04 1.016916e+00 2.589859e+09 3.276896e+02 -8.092940e-03 -4.795145e-01 4.649162e-06 1.113198e+03
1.905460e-01 4.920046e-04 2.396082e+01 1.768341e-04 1.021610e+00 2.490943e+09 3.151751e+02 -1.266658e-03 -4.774780e-01 1.287460e-05 7.295126e+02
1.995261e-01 2.312503e-04 2.396721e+01 1.714460e-04 1.008264e+00 2.426766e+09 3.070543e+02 -1.091689e-02 -4.783506e-01 5.483627e-06 3.204995e+03
2.089295e-01 4.684711e-04 2.396947e+01 1.659323e-04 1.003402e+00 2.349882e+09 2.973252e+02 8.138061e-03 -4.785630e-01 2.264977e-06 7.550760e+02
2.187760e-01 3.408430e-04 2.397543e+01 1.630523e-04 1.020523e+00 2.301697e+09 2.912279e+02 -1.537299e-02 -4.720208e-01 6.079674e-06 1.402519e+03
2.290866e-01 1.444736e-04 2.398532e+01 1.581389e-04 1.015725e+00 2.233479e+09 2.825988e+02 -2.022064e-02 -4.734626e-01 1.001358e-05 7.575377e+03
2.398831e-01 1.704603e-04 2.399489e+01 1.526436e-04 1.020387e+00 2.178612e+09 2.756547e+02 6.774664e-04 -4.793540e-01 -1.251698e-06 5.252294e+03
2.511884e-01 8.249893e-05 2.400003e+01 1.483329e-04 1.007206e+00 2.092002e+09 2.646974e+02 -1.894200e-02 -4.737906e-01 -2.682209e-06 2.179319e+04
2.630266e-01 7.060565e-05 2.400574e+01 1.443814e-04 1.011138e+00 2.034307e+09 2.573969e+02 -2.861542e-02 -4.715908e-01 5.125999e-06 2.896125e+04
2.754226e-01 -1.970986e-04 2.401790e+01 1.386993e-04 1.015734e+00 1.937082e+09 2.450964e+02 5.004048e-03 -4.712715e-01 -6.258488e-06 3.569321e+03
2.884029e-01 -2.132595e-05 2.402849e+01 1.371455e-04 1.019265e+00 1.932312e+09 2.444908e+02 -1.366401e-02 -4.725873e-01 3.933907e-06 3.015528e+05
3.019949e-01 -8.057260e-05 2.403364e+01 1.304275e-04 1.002806e+00 1.831361e+09 2.317179e+02 1.917326e-02 -4.714618e-01 5.006790e-06 2.008966e+04
3.162274e-01 -1.477620e-04 2.404558e+01 1.324719e-04 1.030228e+00 1.868451e+09 2.364113e+02 6.022453e-04 -4.656516e-01 7.748604e-06 6.066341e+03
3.311308e-01 -2.928264e-05 2.405924e+01 1.272262e-04 1.026860e+00 1.795936e+09 2.272359e+02 -2.343416e-03 -4.694851e-01 7.867813e-06 1.483725e+05
3.467365e-01 -3.998108e-05 2.406622e+01 1.227608e-04 1.020962e+00 1.734558e+09 2.194701e+02 -1.637340e-03 -4.682454e-01 8.702278e-06 7.679716e+04
3.630777e-01 -2.680452e-04 2.408190e+01 1.185632e-04 1.022800e+00 1.677615e+09 2.122655e+02 -3.710091e-03 -4.636444e-01 2.264977e-06 1.649190e+03
3.801890e-01 -1.614099e-04 2.409372e+01 1.156738e-04 1.032549e+00 1.630794e+09 2.063413e+02 -4.064202e-03 -4.684572e-01 5.364418e-06 4.438918e+03
3.981068e-01 -2.823253e-04 2.410643e+01 1.130806e-04 1.022450e+00 1.594179e+09 2.017088e+02 -1.186341e-02 -4.708607e-01 -1.847744e-06 1.417693e+03
4.168690e-01 -2.396494e-04 2.412314e+01 1.130960e-04 1.035545e+00 1.595546e+09 2.018820e+02 -3.472030e-03 -4.712385e-01 -3.457069e-06 1.968222e+03
4.365154e-01 -3.087539e-04 2.413604e+01 1.087045e-04 1.039089e+00 1.534454e+09 1.941511e+02 -2.825648e-02 -4.670163e-01 1.549721e-06 1.139309e+03
4.570878e-01 -3.985348e-04 2.415471e+01 1.064200e-04 1.026193e+00 1.505877e+09 1.905365e+02 -2.385712e-02 -4.667883e-01 1.430511e-06 6.690244e+02
4.786297e-01 -3.586657e-04 2.417070e+01 1.027336e-04 1.028718e+00 1.440467e+09 1.822596e+02 1.764739e-02 -4.676626e-01 1.788139e-06 7.976068e+02
5.011868e-01 -3.702597e-04 2.418892e+01 1.012189e-04 1.023425e+00 1.430337e+09 1.809780e+02 -3.111362e-03 -4.656063e-01 7.033348e-06 7.373267e+02
5.248070e-01 -3.744676e-04 2.421066e+01 1.004159e-04 1.033408e+00 1.411823e+09 1.786363e+02 -2.155304e-02 -4.669425e-01 -2.682209e-06 7.151008e+02
5.495405e-01 -4.389332e-04 2.422877e+01 9.489978e-05 1.005832e+00 1.340038e+09 1.695526e+02 -3.593683e-03 -4.635325e-01 -2.384186e-07 4.915703e+02
5.754395e-01 -4.135384e-04 2.425161e+01 9.718597e-05 1.040529e+00 1.364621e+09 1.726635e+02 -2.436745e-02 -4.669524e-01 1.430511e-06 5.672925e+02
6.025591e-01 -5.367208e-04 2.427672e+01 9.161024e-05 1.006294e+00 1.292749e+09 1.635699e+02 -2.480501e-02 -4.618543e-01 -3.635883e-06 3.170147e+02
6.309568e-01 -5.465076e-04 2.430142e+01 9.170757e-05 1.025815e+00 1.286539e+09 1.627832e+02 -1.596129e-02 -4.608505e-01 -5.245209e-06 3.060526e+02
6.606929e-01 -3.811560e-04 2.432688e+01 9.022150e-05 1.028181e+00 1.260594e+09 1.595005e+02 -2.445877e-02 -4.595273e-01 1.430511e-06 6.200184e+02
6.918304e-01 -3.477415e-04 2.435455e+01 9.036118e-05 1.039976e+00 1.267584e+09 1.603853e+02 -1.842922e-02 -4.617341e-01 4.053116e-06 7.462549e+02
7.244353e-01 -3.887118e-04 2.438424e+01 8.767274e-05 1.036964e+00 1.231626e+09 1.558355e+02 -1.405543e-02 -4.582909e-01 7.748604e-06 5.792419e+02
7.585769e-01 -3.980724e-04 2.441594e+01 8.379652e-05 1.003340e+00 1.178795e+09 1.491507e+02 -2.329600e-02 -4.597838e-01 1.907349e-06 5.278126e+02
7.943276e-01 -3.312055e-04 2.444972e+01 8.427328e-05 1.010924e+00 1.181902e+09 1.495440e+02 -4.788220e-03 -4.556928e-01 -4.887581e-06 7.672364e+02
8.317630e-01 -3.007794e-04 2.448590e+01 8.157107e-05 1.017672e+00 1.147307e+09 1.451668e+02 -3.345472e-02 -4.561451e-01 1.430511e-06 9.006541e+02
8.709628e-01 -3.692401e-04 2.452403e+01 8.189873e-05 1.024386e+00 1.161084e+09 1.469100e+02 -2.934343e-02 -4.546399e-01 6.437302e-06 5.997026e+02
9.120100e-01 -3.680269e-04 2.456366e+01 8.076302e-05 1.020381e+00 1.136269e+09 1.437704e+02 -3.661913e-02 -4.571999e-01 7.152557e-07 5.952844e+02
9.549918e-01 -3.680194e-04 2.460612e+01 8.088378e-05 1.020987e+00 1.136185e+09 1.437598e+02 -2.890396e-02 -4.586491e-01 4.291534e-06 5.962002e+02
9.999991e-01 -3.504426e-04 2.465158e+01 7.980682e-05 1.025001e+00 1.111122e+09 1.405878e+02 -1.853496e-02 -4.524226e-01 -6.377697e-06 6.488396e+02
1.047128e+00 -3.350910e-04 2.469928e+01 7.871184e-05 1.017401e+00 1.108913e+09 1.403091e+02 -7.732213e-03 -4.518500e-01 -4.351139e-06 6.999945e+02
1.096477e+00 -2.809326e-04 2.475025e+01 7.712068e-05 1.011578e+00 1.094106e+09 1.384354e+02 -4.657990e-02 -4.506910e-01 1.192093e-06 9.761624e+02
1.148153e+00 -2.142218e-04 2.480427e+01 7.906454e-05 1.038092e+00 1.105372e+09 1.398607e+02 -1.398236e-02 -4.502134e-01 2.264977e-06 1.721877e+03
1.202263e+00 -1.993686e-04 2.486145e+01 7.845061e-05 1.027476e+00 1.094812e+09 1.385246e+02 -1.885819e-02 -4.469336e-01 -1.538396e-04 1.972707e+03
1.258924e+00 -1.787491e-04 2.492233e+01 7.917065e-05 1.021706e+00 1.111437e+09 1.406277e+02 -3.158516e-02 -4.540892e-01 -2.242923e-04 2.476859e+03
1.318256e+00 -1.467723e-04 2.498672e+01 7.776655e-05 1.007473e+00 1.097964e+09 1.389235e+02 -2.770883e-02 -4.484034e-01 -1.989603e-04 3.608977e+03
1.380383e+00 -1.353656e-04 2.505540e+01 7.721805e-05 1.009913e+00 1.086617e+09 1.374875e+02 -3.007454e-02 -4.392379e-01 -1.661777e-04 4.213076e+03
1.445438e+00 3.112816e-05 2.512789e+01 7.932849e-05 1.011409e+00 1.108234e+09 1.402225e+02 -3.121853e-02 -4.406144e-01 -2.478361e-04 8.186852e+04
1.513560e+00 -1.407346e-04 2.520503e+01 7.882471e-05 9.990179e-01 1.108700e+09 1.402817e+02 -2.873600e-02 -4.397535e-01 -9.816885e-05 3.978797e+03
1.584892e+00 8.302762e-05 2.528665e+01 8.002709e-05 1.007382e+00 1.126337e+09 1.425133e+02 -2.205783e-02 -4.443720e-01 1.049042e-05 1.160792e+04
1.659585e+00 -5.071974e-05 2.537282e+01 8.183582e-05 1.018882e+00 1.150858e+09 1.456162e+02 -1.040363e-02 -4.383699e-01 1.871586e-04 3.181088e+04
1.737799e+00 3.014542e-05 2.546478e+01 8.349734e-05 1.020257e+00 1.168538e+09 1.478529e+02 -1.744878e-02 -4.367169e-01 1.734495e-04 9.188088e+04
1.819699e+00 1.777945e-04 2.556240e+01 8.322847e-05 1.007152e+00 1.169122e+09 1.479264e+02 -3.845388e-02 -4.383664e-01 -1.162887e-04 2.631905e+03
1.905459e+00 1.355499e-04 2.566537e+01 8.547448e-05 1.012352e+00 1.202239e+09 1.521169e+02 -2.716136e-02 -4.338780e-01 -1.607537e-04 4.650985e+03
1.995260e+00 1.497009e-04 2.577434e+01 8.726161e-05 1.025760e+00 1.218485e+09 1.541730e+02 -2.190399e-02 -4.298794e-01 1.945496e-04 3.892807e+03
2.089294e+00 2.749303e-04 2.589018e+01 8.835063e-05 1.004324e+00 1.243890e+09 1.573873e+02 -3.481865e-02 -4.306920e-01 -9.918213e-05 1.167865e+03
2.187760e+00 1.018396e-04 2.601216e+01 9.007397e-05 1.005926e+00 1.264240e+09 1.599620e+02 -4.107094e-02 -4.278572e-01 4.184246e-05 8.683916e+03
2.290866e+00 -1.649828e-05 2.614105e+01 9.383595e-05 1.017051e+00 1.309439e+09 1.656808e+02 -4.083288e-02 -4.242675e-01 -4.106760e-05 3.447393e+05
2.398831e+00 3.120430e-04 2.627707e+01 9.802254e-05 1.019501e+00 1.373751e+09 1.738184e+02 -3.587425e-02 -4.278634e-01 9.834766e-05 1.005693e+03
2.511884e+00 2.053162e-04 2.642106e+01 9.867540e-05 1.015939e+00 1.389073e+09 1.757575e+02 -3.286546e-02 -4.194198e-01 -5.280972e-05 2.339791e+03
2.630266e+00 1.591665e-04 2.657302e+01 1.030211e-04 1.012975e+00 1.451917e+09 1.837082e+02 -2.888602e-02 -4.188173e-01 -6.610155e-05 4.065522e+03
2.754227e+00 9.168273e-05 2.673291e+01 1.034574e-04 1.000796e+00 1.452962e+09 1.838408e+02 -3.820604e-02 -4.174810e-01 -3.439188e-05 1.230697e+04
2.884029e+00 2.024354e-04 2.690105e+01 1.075845e-04 1.009739e+00 1.514717e+09 1.916542e+02 -6.651479e-02 -4.128305e-01 -2.747774e-05 2.624288e+03
3.019950e+00 1.244480e-04 2.707830e+01 1.119205e-04 1.003537e+00 1.565564e+09 1.980885e+02 -2.968138e-02 -4.113474e-01 -2.372265e-05 7.225602e+03
3.162276e+00 9.164347e-05 2.726498e+01 1.134607e-04 9.934511e-01 1.594698e+09 2.017744e+02 -3.252429e-02 -4.042946e-01 1.573563e-05 1.350860e+04
3.311309e+00 2.366470e-04 2.745975e+01 1.176796e-04 1.004418e+00 1.633692e+09 2.067074e+02 -6.109035e-02 -4.010954e-01 -3.039837e-06 2.100354e+03
3.467366e+00 3.011136e-04 2.766519e+01 1.217641e-04 9.994276e-01 1.696313e+09 2.146309e+02 -3.910571e-02 -3.940053e-01 1.323223e-05 1.341946e+03
3.630778e+00 2.243179e-04 2.788023e+01 1.254636e-04 9.971056e-01 1.759047e+09 2.225702e+02 -5.411172e-02 -3.889710e-01 1.060963e-05 2.492388e+03
3.801891e+00 1.314491e-04 2.810612e+01 1.309610e-04 9.954938e-01 1.832784e+09 2.318990e+02 -5.084765e-02 -3.944659e-01 -1.847744e-06 7.578263e+03
3.981068e+00 2.631822e-04 2.834180e+01 1.372024e-04 1.016222e+00 1.924246e+09 2.434713e+02 -5.313122e-02 -3.885327e-01 5.125999e-06 1.979837e+03
4.168690e+00 6.365662e-06 2.858900e+01 1.403564e-04 1.014496e+00 1.970762e+09 2.493575e+02 -4.638416e-02 -3.832655e-01 -6.496906e-06 3.463738e+06
4.365154e+00 3.041300e-04 2.884661e+01 1.445460e-04 9.875278e-01 2.019665e+09 2.555439e+02 -4.349810e-02 -3.763543e-01 2.145767e-06 1.561743e+03
4.570877e+00 -1.188330e-04 2.911641e+01 1.555484e-04 1.008325e+00 2.167910e+09 2.743008e+02 -5.994844e-02 -3.808736e-01 8.344650e-07 1.101418e+04
4.786296e+00 1.924582e-05 2.939654e+01 1.560154e-04 1.002160e+00 2.190193e+09 2.771213e+02 -5.268872e-02 -3.806667e-01 7.033348e-06 4.212050e+05
5.011867e+00 4.185405e-05 2.968977e+01 1.654554e-04 1.009471e+00 2.322978e+09 2.939227e+02 -4.992187e-02 -3.699630e-01 2.384186e-07 9.444988e+04
5.248068e+00 -2.847678e-05 2.999532e+01 1.716123e-04 1.014995e+00 2.414994e+09 3.055660e+02 -4.444325e-02 -3.631935e-01 1.549721e-06 2.116237e+05
5.495402e+00 -3.978753e-05 3.031288e+01 1.750466e-04 1.000668e+00 2.487825e+09 3.147795e+02 -6.476450e-02 -3.490037e-01 3.218651e-06 1.105747e+05
5.754392e+00 9.178844e-05 3.064284e+01 1.815507e-04 1.003537e+00 2.553169e+09 3.230490e+02 -5.218256e-02 -3.566599e-01 5.722046e-06 2.154774e+04
6.025588e+00 -1.706786e-05 3.098634e+01 1.897129e-04 9.972746e-01 2.675952e+09 3.385825e+02 -3.852993e-02 -3.440824e-01 1.549721e-06 6.512356e+05
6.309565e+00 2.493135e-04 3.134391e+01 1.979820e-04 1.010891e+00 2.756332e+09 3.487533e+02 -6.305212e-02 -3.521318e-01 -2.026558e-06 3.184180e+03
6.606925e+00 4.814850e-05 3.171472e+01 2.013442e-04 1.000321e+00 2.851878e+09 3.608414e+02 -6.698877e-02 -3.433012e-01 0.000000e+00 8.684975e+04
6.918300e+00 -1.067717e-05 3.210035e+01 2.116047e-04 9.860244e-01 2.972534e+09 3.761089e+02 -5.137575e-02 -3.285124e-01 3.457069e-06 1.856150e+06
7.244349e+00 -7.120977e-05 3.249901e+01 2.206220e-04 9.965077e-01 3.113862e+09 3.939910e+02 -5.999774e-02 -3.342947e-01 -3.576279e-07 4.350705e+04
7.585764e+00 2.959500e-04 3.291412e+01 2.275449e-04 9.977494e-01 3.183212e+09 4.027651e+02 -5.936426e-02 -3.261737e-01 0.000000e+00 2.596948e+03
7.943270e+00 -4.289842e-05 3.334386e+01 2.338259e-04 9.876967e-01 3.278898e+09 4.148720e+02 -4.308373e-02 -3.255039e-01 -5.364418e-07 1.270594e+05
8.317624e+00 6.150760e-06 3.378963e+01 2.463257e-04 1.001399e+00 3.458077e+09 4.375426e+02 -5.267978e-02 -3.112864e-01 -6.556511e-07 6.511066e+06
8.709621e+00 -1.674540e-04 3.425138e+01 2.540457e-04 1.007071e+00 3.559784e+09 4.504127e+02 -6.419003e-02 -3.155064e-01 7.033348e-06 9.058846e+03
9.120093e+00 1.101767e-04 3.472912e+01 2.606100e-04 9.977087e-01 3.667995e+09 4.641064e+02 -5.820024e-02 -3.031563e-01 4.768372e-07 2.146799e+04
9.549910e+00 -1.983217e-04 3.522507e+01 2.751104e-04 1.013192e+00 3.846527e+09 4.866950e+02 -6.860286e-02 -3.069450e-01 8.463860e-06 6.993659e+03
