#./underdamped_3d_var --dev=0 --amp=8.91 --omega=1.59 --force=0 --gam=0.03183 --Dg=0.5 --block=256 --paths=16384 --periods=1000000 --trans=100000 --samples=100 --spp=100 --algorithm=predcorr --icav=1 --pav=1 --mode=moments --domain=1d --domainx=D:-2:1:100:1 --domainy= --domainz= --q=2 --eps=0 --phi=0 --lambda=0 --Dp=0 --comp=0 --mean=0 >> fig1_omega1.59_amp8.91.dat
#D <<v>> <<v^2>> atav2 qnu(q) mu_q Dx Gx Gv EBx EBv
1.000000e-02 8.546458e-06 5.967127e+00 1.463205e-06 5.890701e-03 1.875637e+09 2.373268e+02 3.846459e+00 -5.220438e-01 -2.773404e-04 2.003139e+04
1.071519e-02 4.156772e-06 5.968497e+00 3.903502e-06 3.424585e-02 9.733882e+08 1.231636e+02 3.952111e+00 -5.245726e-01 -2.727509e-04 2.259124e+05
1.148153e-02 -1.636429e-05 5.970649e+00 5.231667e-06 6.783921e-02 5.463153e+08 6.912486e+01 3.397932e+00 -5.251292e-01 -2.679229e-04 1.953547e+04
1.230269e-02 -6.523661e-06 5.972927e+00 6.079769e-06 1.518801e-01 3.297470e+08 4.172329e+01 3.172101e+00 -5.215145e-01 -2.566576e-04 1.428569e+05
1.318256e-02 3.046556e-05 5.976701e+00 5.929956e-06 2.414082e-01 2.191362e+08 2.772699e+01 2.159393e+00 -5.261979e-01 -2.388954e-04 6.388004e+03
1.412537e-02 -9.004899e-06 5.983777e+00 7.088202e-06 3.886249e-01 1.774396e+08 2.245107e+01 1.695260e+00 -5.249836e-01 -2.016425e-04 8.741248e+04
1.513561e-02 -4.666710e-06 5.992976e+00 8.151809e-06 5.350617e-01 1.623657e+08 2.054393e+01 1.131162e+00 -5.244536e-01 -1.434088e-04 3.743099e+05
1.621809e-02 3.974631e-05 6.006779e+00 9.484940e-06 6.771773e-01 1.627524e+08 2.059285e+01 7.397642e-01 -5.242491e-01 -9.113550e-05 6.003003e+03
1.737800e-02 1.519499e-05 6.025599e+00 1.012067e-05 7.549511e-01 1.640858e+08 2.076144e+01 4.536165e-01 -5.216796e-01 -2.247095e-05 4.383274e+04
1.862086e-02 7.480784e-05 6.052007e+00 1.134831e-05 8.389391e-01 1.704812e+08 2.157066e+01 2.753931e-01 -5.212169e-01 1.311302e-06 2.026856e+03
1.995261e-02 1.003147e-04 6.087146e+00 1.222559e-05 9.024331e-01 1.819791e+08 2.302553e+01 1.684213e-01 -5.200100e-01 1.323223e-05 1.213902e+03
2.137960e-02 6.021668e-05 6.132343e+00 1.316446e-05 9.314353e-01 1.923949e+08 2.434324e+01 9.507072e-02 -5.168656e-01 1.263618e-05 3.629526e+03
2.290866e-02 1.652200e-05 6.189871e+00 1.441210e-05 9.576898e-01 2.061757e+08 2.608702e+01 4.958439e-02 -5.198578e-01 1.537800e-05 5.279512e+04
2.454707e-02 -1.417552e-05 6.262137e+00 1.499325e-05 9.505971e-01 2.134484e+08 2.700730e+01 5.395520e-02 -5.156389e-01 8.940697e-06 7.461252e+04
2.630266e-02 -6.642352e-05 6.349883e+00 1.565345e-05 9.597645e-01 2.231870e+08 2.823951e+01 4.571223e-02 -5.135554e-01 8.344650e-06 3.546859e+03
2.818380e-02 -1.029036e-04 6.454558e+00 1.629980e-05 9.780670e-01 2.294003e+08 2.902554e+01 1.898098e-02 -5.143707e-01 1.907349e-05 1.538294e+03
3.019948e-02 -9.209845e-05 6.576344e+00 1.673135e-05 9.859444e-01 2.370780e+08 2.999697e+01 -4.463553e-03 -5.105824e-01 1.037121e-05 1.971542e+03
3.235933e-02 -1.089321e-04 6.713320e+00 1.731766e-05 9.961721e-01 2.449320e+08 3.099074e+01 -1.945740e-02 -5.112900e-01 1.502037e-05 1.458412e+03
3.467364e-02 -1.067227e-05 6.865962e+00 1.701870e-05 9.805158e-01 2.395023e+08 3.030389e+01 2.716470e-02 -5.083194e-01 1.609325e-05 1.494203e+05
3.715347e-02 -8.190405e-05 7.030396e+00 1.746671e-05 1.010611e+00 2.464309e+08 3.118054e+01 1.801956e-02 -5.065614e-01 2.098083e-05 2.602756e+03
3.981066e-02 -7.300245e-05 7.204444e+00 1.678989e-05 9.786606e-01 2.378011e+08 3.008856e+01 -3.442287e-03 -5.035431e-01 1.144409e-05 3.149453e+03
4.265789e-02 -1.037160e-04 7.387887e+00 1.691605e-05 1.006253e+00 2.386483e+08 3.019562e+01 2.874136e-04 -5.020601e-01 2.145767e-05 1.571561e+03
4.570875e-02 -9.811924e-05 7.574785e+00 1.700600e-05 1.004847e+00 2.376783e+08 3.007294e+01 -1.226515e-02 -4.972075e-01 1.430511e-05 1.765420e+03
4.897781e-02 -5.266887e-05 7.764027e+00 1.623877e-05 1.003057e+00 2.289857e+08 2.897317e+01 1.551151e-03 -4.971017e-01 2.121925e-05 5.852899e+03
5.248066e-02 -6.743471e-05 7.953114e+00 1.588298e-05 9.966821e-01 2.220552e+08 2.809631e+01 1.157188e-02 -4.912394e-01 9.536743e-06 3.491729e+03
5.623404e-02 -1.224153e-04 8.138463e+00 1.535837e-05 9.773796e-01 2.157862e+08 2.730308e+01 1.084423e-02 -4.917411e-01 9.775162e-06 1.023882e+03
6.025586e-02 -3.268004e-05 8.319538e+00 1.479549e-05 9.829144e-01 2.068552e+08 2.617303e+01 1.202929e-02 -4.887698e-01 1.156330e-05 1.385265e+04
6.456531e-02 -1.140166e-05 8.494566e+00 1.492780e-05 1.003112e+00 2.097994e+08 2.654555e+01 6.697655e-03 -4.903162e-01 8.821487e-06 1.148302e+05
6.918297e-02 5.062015e-05 8.663138e+00 1.445873e-05 9.990882e-01 2.023363e+08 2.560122e+01 -2.152872e-02 -4.860769e-01 9.894371e-06 5.641653e+03
7.413089e-02 3.909952e-05 8.824324e+00 1.434828e-05 1.004807e+00 2.029030e+08 2.567298e+01 -6.823421e-03 -4.851826e-01 1.084805e-05 9.384489e+03
7.943267e-02 3.425028e-05 8.979470e+00 1.375564e-05 9.855955e-01 1.952068e+08 2.469908e+01 2.432585e-02 -4.839651e-01 9.417534e-06 1.172508e+04
8.511363e-02 8.614972e-05 9.127324e+00 1.386908e-05 1.004018e+00 1.943928e+08 2.459603e+01 -4.366457e-03 -4.817486e-01 1.478195e-05 1.867702e+03
9.120089e-02 9.875016e-05 9.268895e+00 1.384662e-05 1.008184e+00 1.956612e+08 2.475666e+01 1.399934e-02 -4.820144e-01 8.463860e-06 1.418934e+03
9.772351e-02 1.230385e-04 9.404573e+00 1.383243e-05 1.013835e+00 1.941921e+08 2.457083e+01 -1.612693e-02 -4.783357e-01 1.680851e-05 9.127277e+02
1.047126e-01 1.045878e-04 9.535471e+00 1.376786e-05 1.004943e+00 1.928338e+08 2.439895e+01 1.084805e-03 -4.757002e-01 1.668930e-06 1.257648e+03
1.122016e-01 1.366963e-04 9.661164e+00 1.370937e-05 9.889905e-01 1.937444e+08 2.451410e+01 -4.419667e-02 -4.737276e-01 1.287460e-05 7.326750e+02
1.202262e-01 8.849141e-05 9.783791e+00 1.405528e-05 9.983147e-01 1.966302e+08 2.487925e+01 -1.541299e-02 -4.735360e-01 9.179115e-06 1.793888e+03
1.288246e-01 1.144942e-04 9.903272e+00 1.432096e-05 9.842234e-01 2.002951e+08 2.534310e+01 1.900589e-02 -4.639733e-01 2.622604e-06 1.091458e+03
1.380381e-01 1.609520e-04 1.002052e+01 1.506255e-05 1.011254e+00 2.105279e+08 2.663759e+01 -6.585002e-03 -4.655015e-01 1.287460e-05 5.804413e+02
1.479105e-01 1.895854e-04 1.013614e+01 1.525945e-05 9.924299e-01 2.133439e+08 2.699402e+01 -1.577920e-02 -4.624134e-01 4.768372e-06 4.235503e+02
1.584889e-01 1.889830e-04 1.025102e+01 1.590046e-05 9.985584e-01 2.215061e+08 2.802675e+01 8.654594e-05 -4.632156e-01 6.556511e-06 4.442094e+02
1.698239e-01 2.129636e-04 1.036568e+01 1.698986e-05 1.009648e+00 2.363554e+08 2.990565e+01 -1.444095e-02 -4.575788e-01 -1.609325e-06 3.736100e+02
1.819696e-01 2.034577e-04 1.048085e+01 1.726073e-05 9.907406e-01 2.407226e+08 3.045828e+01 3.011584e-03 -4.517897e-01 6.318092e-06 4.159759e+02
1.949839e-01 2.604298e-04 1.059767e+01 1.863481e-05 1.022072e+00 2.603641e+08 3.294341e+01 -2.687210e-02 -4.534967e-01 9.417534e-06 2.737538e+02
2.089290e-01 2.546510e-04 1.071682e+01 1.981493e-05 1.009116e+00 2.763131e+08 3.496136e+01 -1.362354e-02 -4.508516e-01 5.483627e-06 3.045636e+02
2.238715e-01 3.122455e-04 1.083851e+01 2.055354e-05 9.911053e-01 2.868962e+08 3.630025e+01 1.479828e-02 -4.481625e-01 8.225441e-06 2.098114e+02
2.398826e-01 2.776537e-04 1.096356e+01 2.231282e-05 1.002470e+00 3.150882e+08 3.986753e+01 2.511990e-02 -4.451683e-01 6.079674e-06 2.884326e+02
2.570388e-01 3.051134e-04 1.109255e+01 2.368097e-05 9.942214e-01 3.323122e+08 4.204688e+01 1.290560e-03 -4.406770e-01 4.410744e-06 2.533763e+02
2.754220e-01 3.033489e-04 1.122610e+01 2.597189e-05 1.001316e+00 3.663572e+08 4.635440e+01 7.652879e-03 -4.415969e-01 5.245209e-06 2.812402e+02
2.951200e-01 3.056640e-04 1.136420e+01 2.770687e-05 1.010163e+00 3.869269e+08 4.895716e+01 -5.075276e-03 -4.367719e-01 4.649162e-06 2.955506e+02
3.162267e-01 3.699966e-04 1.150792e+01 2.993819e-05 1.010955e+00 4.168431e+08 5.274250e+01 7.098317e-03 -4.307894e-01 2.622604e-06 2.176905e+02
3.388430e-01 3.588486e-04 1.165688e+01 3.160448e-05 9.957460e-01 4.404890e+08 5.573405e+01 1.304448e-02 -4.209337e-01 -3.576279e-07 2.444291e+02
3.630769e-01 3.672151e-04 1.181197e+01 3.430714e-05 9.977109e-01 4.795399e+08 6.067508e+01 5.183220e-03 -4.111004e-01 8.940697e-06 2.534155e+02
3.890439e-01 4.971700e-04 1.193609e+01 3.802172e-05 1.006594e+00 5.278626e+08 6.678928e+01 6.523252e-03 -4.090345e-01 8.344650e-06 1.528232e+02
4.168680e-01 3.870324e-04 1.196109e+01 3.929645e-05 9.907364e-01 5.498140e+08 6.956680e+01 -1.770192e-02 -4.143233e-01 9.417534e-06 2.613365e+02
4.466821e-01 3.747758e-04 1.199168e+01 4.414487e-05 1.009282e+00 6.166726e+08 7.802682e+01 -5.687356e-03 -3.914632e-01 6.556511e-06 3.132948e+02
4.786285e-01 4.535314e-04 1.202781e+01 4.657360e-05 1.003113e+00 6.480168e+08 8.199244e+01 -3.293753e-03 -3.925692e-01 9.298325e-06 2.254254e+02
5.128597e-01 4.939890e-04 1.207008e+01 5.000155e-05 9.886597e-01 7.029847e+08 8.894714e+01 -3.093362e-03 -3.921951e-01 8.821487e-06 2.039032e+02
5.495391e-01 5.403298e-04 1.211869e+01 5.521367e-05 1.012929e+00 7.691029e+08 9.731319e+01 -8.410037e-03 -3.833343e-01 5.483627e-06 1.881162e+02
5.888417e-01 4.648505e-04 1.217426e+01 5.775022e-05 9.994122e-01 8.094892e+08 1.024227e+02 -9.232938e-03 -3.807359e-01 8.583069e-06 2.662558e+02
6.309553e-01 4.129504e-04 1.223659e+01 6.297875e-05 1.014661e+00 8.781839e+08 1.111150e+02 -6.368816e-03 -3.726545e-01 1.335144e-05 3.683162e+02
6.760808e-01 4.608784e-04 1.230596e+01 6.444199e-05 9.835089e-01 9.058265e+08 1.146124e+02 1.191628e-02 -3.711094e-01 7.867813e-06 3.023865e+02
7.244336e-01 3.333571e-04 1.238253e+01 6.837583e-05 9.903916e-01 9.569657e+08 1.210832e+02 -1.698077e-03 -3.632499e-01 6.675720e-06 6.142946e+02
7.762446e-01 4.061429e-04 1.246610e+01 7.377923e-05 9.941626e-01 1.033930e+09 1.308210e+02 1.441133e-02 -3.530173e-01 7.987022e-06 4.462768e+02
8.317611e-01 4.954084e-04 1.255640e+01 7.728787e-05 9.923239e-01 1.083036e+09 1.370345e+02 3.925443e-03 -3.540677e-01 1.001358e-05 3.139086e+02
8.912480e-01 4.735392e-04 1.265398e+01 8.429636e-05 1.011608e+00 1.177038e+09 1.489290e+02 -6.875873e-03 -3.540720e-01 1.192093e-05 3.749213e+02
9.549895e-01 5.456923e-04 1.275811e+01 8.665812e-05 9.984037e-01 1.202298e+09 1.521246e+02 -6.258786e-03 -3.360608e-01 4.291534e-06 2.900138e+02
1.023290e+00 3.959171e-04 1.286889e+01 9.273341e-05 1.002892e+00 1.295645e+09 1.639366e+02 -2.761537e-02 -3.274763e-01 3.218651e-06 5.905995e+02
1.096475e+00 2.143227e-04 1.298626e+01 9.481569e-05 9.990885e-01 1.325039e+09 1.676546e+02 -1.484323e-02 -3.297346e-01 4.291534e-06 2.063161e+03
1.174894e+00 2.839458e-04 1.311019e+01 1.006019e-04 1.012721e+00 1.405450e+09 1.778288e+02 -2.650118e-02 -3.249246e-01 9.536743e-07 1.246772e+03
1.258921e+00 2.419636e-04 1.323978e+01 1.051215e-04 9.970442e-01 1.470338e+09 1.860387e+02 -3.978014e-02 -3.191494e-01 4.768372e-07 1.794525e+03
1.348958e+00 2.465339e-04 1.337610e+01 1.087897e-04 9.994187e-01 1.516931e+09 1.919345e+02 -1.911169e-02 -3.154931e-01 6.794930e-06 1.788924e+03
1.445435e+00 4.744648e-04 1.351856e+01 1.114138e-04 9.949732e-01 1.563638e+09 1.978440e+02 -9.089351e-03 -3.119242e-01 8.583069e-06 4.939153e+02
1.548812e+00 1.314942e-04 1.366662e+01 1.156891e-04 9.947026e-01 1.616137e+09 2.044869e+02 -2.005506e-02 -3.130096e-01 -2.384186e-07 6.689819e+03
1.659582e+00 2.732775e-05 1.382116e+01 1.240168e-04 1.010803e+00 1.748065e+09 2.211794e+02 -2.950025e-02 -3.036922e-01 6.198883e-06 1.660620e+05
1.778274e+00 1.133738e-05 1.398159e+01 1.287510e-04 1.011187e+00 1.787550e+09 2.261750e+02 -1.486611e-02 -2.956936e-01 3.576279e-07 1.001671e+06
1.905454e+00 2.042581e-04 1.414823e+01 1.284766e-04 1.007522e+00 1.807569e+09 2.287083e+02 -3.292495e-02 -2.956356e-01 3.099442e-06 3.078396e+03
2.041731e+00 -3.876447e-05 1.432181e+01 1.349403e-04 1.007681e+00 1.888571e+09 2.389577e+02 -1.659775e-02 -2.905955e-01 -2.622604e-06 8.979850e+04
2.187754e+00 -3.265350e-06 1.450128e+01 1.374076e-04 9.946079e-01 1.934857e+09 2.448141e+02 -3.240919e-02 -2.894319e-01 -6.556511e-06 1.288698e+07
2.344221e+00 -9.687498e-05 1.468784e+01 1.404137e-04 1.010170e+00 1.981165e+09 2.506736e+02 -3.472382e-02 -2.770091e-01 1.549721e-06 1.496088e+04
2.511878e+00 4.459501e-07 1.488120e+01 1.453024e-04 1.001146e+00 2.053052e+09 2.597699e+02 -2.282041e-02 -2.715037e-01 -7.152557e-07 7.306345e+08
2.691526e+00 -1.891521e-04 1.508215e+01 1.467160e-04 9.900252e-01 2.079885e+09 2.631642e+02 -1.704395e-02 -2.678582e-01 8.344650e-07 4.099676e+03
2.884022e+00 -1.452212e-04 1.529123e+01 1.565597e-04 1.026680e+00 2.197189e+09 2.780069e+02 -2.430081e-02 -2.589743e-01 1.668930e-06 7.422694e+03
3.090285e+00 -1.321714e-04 1.550803e+01 1.562739e-04 9.891181e-01 2.208272e+09 2.794090e+02 -4.390079e-02 -2.726827e-01 2.503395e-06 8.944649e+03
3.311300e+00 -1.311917e-04 1.573434e+01 1.598799e-04 9.934036e-01 2.239327e+09 2.833377e+02 -4.498440e-02 -2.552772e-01 7.629395e-06 9.288268e+03
3.548122e+00 -7.595181e-05 1.596983e+01 1.668354e-04 1.015528e+00 2.346360e+09 2.968800e+02 -3.118771e-02 -2.613947e-01 -2.920628e-06 2.891991e+04
3.801881e+00 -2.752992e-04 1.621570e+01 1.685249e-04 1.001584e+00 2.373953e+09 3.003717e+02 -2.163672e-02 -2.600287e-01 1.382828e-05 2.222588e+03
4.073788e+00 -1.608811e-04 1.647263e+01 1.736045e-04 1.010302e+00 2.435187e+09 3.081200e+02 -2.497751e-02 -2.537065e-01 3.576279e-07 6.706345e+03
4.365143e+00 -3.827150e-04 1.674216e+01 1.772243e-04 9.978277e-01 2.475390e+09 3.132071e+02 -2.799165e-02 -2.523710e-01 5.602837e-06 1.208964e+03
4.677334e+00 -1.517820e-04 1.702595e+01 1.832726e-04 1.011356e+00 2.571086e+09 3.253142e+02 -4.175889e-02 -2.399939e-01 -1.251698e-06 7.954303e+03
5.011854e+00 -1.884410e-04 1.732313e+01 1.843670e-04 9.881786e-01 2.576275e+09 3.259721e+02 -3.320593e-02 -2.316332e-01 -8.225441e-06 5.190972e+03
5.370297e+00 -1.510794e-04 1.763707e+01 1.935484e-04 1.002982e+00 2.742940e+09 3.470577e+02 -2.983105e-02 -2.325312e-01 -1.788139e-07 8.478671e+03
5.754377e+00 -1.007674e-04 1.796905e+01 1.999846e-04 1.012813e+00 2.812311e+09 3.558361e+02 -2.899885e-02 -2.157626e-01 -5.364418e-07 1.969400e+04
6.165926e+00 -2.569637e-04 1.832041e+01 2.043581e-04 9.983405e-01 2.861126e+09 3.620129e+02 -2.116901e-02 -2.172590e-01 3.576279e-06 3.093912e+03
6.606908e+00 -9.124992e-05 1.869463e+01 2.119854e-04 1.002984e+00 2.985653e+09 3.777682e+02 -3.118116e-02 -2.129856e-01 3.576279e-06 2.545798e+04
7.079429e+00 -1.356056e-04 1.909282e+01 2.143624e-04 9.921647e-01 3.016433e+09 3.816670e+02 -3.582346e-02 -2.046680e-01 2.264977e-06 1.165618e+04
7.585744e+00 -2.783105e-04 1.951801e+01 2.256066e-04 1.005317e+00 3.144423e+09 3.978553e+02 -2.593869e-02 -1.967090e-01 5.245209e-06 2.911678e+03
8.128271e+00 -7.612046e-05 1.997225e+01 2.315755e-04 1.007192e+00 3.264618e+09 4.130665e+02 -4.705441e-02 -2.025896e-01 2.145767e-06 3.996492e+04
8.709599e+00 -3.307895e-04 2.045956e+01 2.440590e-04 1.006508e+00 3.395853e+09 4.296726e+02 -5.028552e-02 -1.950315e-01 2.503395e-06 2.229445e+03
9.332502e+00 -2.287652e-04 2.098255e+01 2.492169e-04 9.912868e-01 3.482593e+09 4.406453e+02 -2.559906e-02 -1.893090e-01 6.556511e-06 4.761089e+03
