#./overdamped_3d --dev=0 --amp=40.0 --omega=1.0 --force=0 --Dg=0.01 --block=256 --paths=65536 --periods=1000 --trans=100 --samples=100 --spp=1000 --algorithm=euler --pav=1 --mode=moments --domain=1d --domainx=l:-3:3:300:1 --domainy=a:0:10:100:0 --domainz=D:-6:-1:100:1 --q=2 --eps=0 --phi=1.57079632679 --lambda=0 --zeta=0.0333333333333 --comp=0 --mean=1.0 --second=0 --skew=0.0 --distribution=d>> comp_d_l:-3:3:300:1_1.0_0.0333333333333_40.0.dat
#l <<v>> qnu(q) mu_q Dx Gx EBx
1.000000e-03 9.977049e-01 1.002396e+00 6.274376e+06 4.991977e+02 1.911724e-02 1.783559e-01
1.047128e-03 9.907576e-01 9.944653e-01 5.961982e+06 4.746611e+02 2.668953e-02 1.713157e-01
1.096478e-03 9.949598e-01 9.947197e-01 5.720520e+06 4.544590e+02 -8.736610e-03 1.626042e-01
1.148153e-03 9.984543e-01 1.004556e+00 5.459752e+06 4.345016e+02 3.422225e-02 1.559441e-01
1.202264e-03 9.965752e-01 1.005665e+00 5.265784e+06 4.200735e+02 3.941190e-02 1.512657e-01
1.258925e-03 9.913061e-01 1.000856e+00 4.998181e+06 3.981302e+02 6.307876e-02 1.437062e-01
1.318256e-03 1.001186e+00 1.003917e+00 4.857038e+06 3.858447e+02 4.428184e-02 1.368577e-01
1.380384e-03 9.950712e-01 1.006942e+00 4.653726e+06 3.707212e+02 6.357062e-02 1.328945e-01
1.445439e-03 9.985307e-01 1.006492e+00 4.443245e+06 3.546924e+02 9.747624e-02 1.268349e-01
1.513561e-03 1.005060e+00 1.012249e+00 4.332850e+06 3.450129e+02 6.812632e-02 1.207827e-01
1.584893e-03 9.965889e-01 1.023071e+00 4.170953e+06 3.321703e+02 7.610559e-02 1.184121e-01
1.659586e-03 1.001675e+00 1.012692e+00 3.976511e+06 3.164312e+02 4.965425e-02 1.120980e-01
1.737800e-03 1.010001e+00 1.022561e+00 3.834041e+06 3.045824e+02 3.813374e-02 1.062725e-01
1.819700e-03 9.971881e-01 1.027535e+00 3.641878e+06 2.898708e+02 4.345381e-02 1.037942e-01
1.905460e-03 1.002951e+00 1.019693e+00 3.496199e+06 2.787987e+02 6.783938e-02 9.784317e-02
1.995261e-03 9.999326e-01 1.022840e+00 3.360651e+06 2.671148e+02 4.912615e-02 9.514570e-02
2.089295e-03 9.960002e-01 1.010407e+00 3.111596e+06 2.483167e+02 5.614662e-02 8.918452e-02
2.187760e-03 1.005369e+00 1.021407e+00 3.084457e+06 2.461382e+02 4.200697e-02 8.657062e-02
2.290866e-03 9.963597e-01 1.015179e+00 2.894118e+06 2.304789e+02 3.445101e-02 8.270264e-02
2.398831e-03 9.957774e-01 1.011978e+00 2.723415e+06 2.170218e+02 -9.303570e-03 7.767701e-02
2.511884e-03 1.001553e+00 9.952505e-01 2.566934e+06 2.042983e+02 -1.693928e-02 7.226396e-02
2.630266e-03 1.014654e+00 1.001799e+00 2.549928e+06 2.004292e+02 -3.372198e-02 7.043898e-02
2.754226e-03 1.010336e+00 1.003073e+00 2.415821e+06 1.923836e+02 4.392385e-03 6.705999e-02
2.884028e-03 9.998070e-01 1.006529e+00 2.287540e+06 1.828502e+02 -2.103418e-02 6.523740e-02
3.019948e-03 1.007833e+00 1.006747e+00 2.212738e+06 1.758083e+02 -3.262681e-02 6.229961e-02
3.162274e-03 9.973938e-01 1.006133e+00 2.046031e+06 1.631889e+02 -4.813266e-02 5.848062e-02
3.311307e-03 1.002410e+00 1.001935e+00 1.966228e+06 1.562376e+02 -1.999599e-02 5.538082e-02
3.467364e-03 1.002500e+00 9.995308e-01 1.885222e+06 1.484629e+02 -1.614094e-04 5.344963e-02
3.630776e-03 1.008365e+00 1.000224e+00 1.794522e+06 1.428205e+02 -3.209352e-03 5.025613e-02
3.801889e-03 1.008442e+00 1.000403e+00 1.722120e+06 1.380710e+02 1.483798e-03 4.842746e-02
3.981066e-03 1.002394e+00 1.009880e+00 1.647955e+06 1.308963e+02 -1.507282e-03 4.700279e-02
4.168688e-03 9.967679e-01 1.006093e+00 1.553473e+06 1.236634e+02 -2.601373e-02 4.507625e-02
4.365152e-03 9.881903e-01 1.007540e+00 1.439399e+06 1.140495e+02 -1.397860e-02 4.229343e-02
4.570875e-03 1.007857e+00 1.004708e+00 1.417522e+06 1.131264e+02 -3.466350e-02 3.996396e-02
4.786294e-03 9.913166e-01 9.949504e-01 1.301249e+06 1.038266e+02 -1.095825e-02 3.779507e-02
5.011864e-03 1.010490e+00 9.966612e-01 1.289154e+06 1.025216e+02 -8.567691e-03 3.631210e-02
5.248067e-03 9.910687e-01 9.827847e-01 1.163546e+06 9.253937e+01 -2.827531e-02 3.412902e-02
5.495400e-03 9.976605e-01 9.836067e-01 1.125416e+06 8.949442e+01 4.369259e-03 3.268957e-02
5.754390e-03 1.008688e+00 9.950479e-01 1.115171e+06 9.041846e+01 -1.274264e-02 3.131545e-02
6.025585e-03 9.846937e-01 9.954897e-01 9.971971e+05 7.934637e+01 -1.295412e-02 2.956438e-02
6.309562e-03 9.889860e-01 9.885238e-01 9.678081e+05 7.704913e+01 4.781485e-03 2.847540e-02
6.606922e-03 9.960654e-01 9.902009e-01 9.250627e+05 7.341690e+01 2.494252e-02 2.681887e-02
6.918297e-03 9.994141e-01 1.006833e+00 9.214879e+05 7.346847e+01 3.222466e-02 2.650928e-02
7.244346e-03 1.000710e+00 9.983268e-01 8.776536e+05 6.981936e+01 -2.599061e-03 2.483702e-02
7.585761e-03 9.986225e-01 1.011899e+00 8.488438e+05 6.803969e+01 7.506847e-03 2.414489e-02
7.943267e-03 9.965251e-01 1.000895e+00 7.923045e+05 6.303427e+01 -6.424189e-03 2.304184e-02
8.317620e-03 9.920161e-01 1.008490e+00 7.599774e+05 6.044927e+01 -6.991208e-03 2.203226e-02
8.709618e-03 9.827498e-01 1.001208e+00 7.108609e+05 5.615878e+01 -8.092761e-03 2.119315e-02
9.120089e-03 9.733319e-01 9.972212e-01 6.510942e+05 5.177183e+01 -1.189077e-02 1.977074e-02
9.549906e-03 1.019789e+00 9.999331e-01 6.812027e+05 5.421708e+01 -1.858091e-02 1.885939e-02
9.999978e-03 1.004091e+00 1.002817e+00 6.303213e+05 5.011089e+01 -1.865852e-02 1.793826e-02
1.047126e-02 9.853318e-01 1.009725e+00 5.795111e+05 4.590919e+01 -5.890131e-03 1.722515e-02
1.096476e-02 1.033142e+00 1.005964e+00 6.048126e+05 4.819848e+01 9.362102e-03 1.636076e-02
1.148151e-02 1.010096e+00 1.014843e+00 5.600287e+05 4.614825e+01 -4.602075e-04 1.571929e-02
1.202262e-02 9.824654e-01 1.022724e+00 5.145323e+05 4.091905e+01 1.298237e-02 1.534843e-02
1.258922e-02 1.027808e+00 1.016541e+00 5.362839e+05 4.262297e+01 6.319165e-03 1.460302e-02
1.318253e-02 9.930775e-01 1.008516e+00 4.805828e+05 3.821883e+01 -6.892323e-03 1.408458e-02
1.380381e-02 1.038722e+00 1.016448e+00 5.009300e+05 3.981897e+01 1.058781e-02 1.343012e-02
1.445436e-02 9.976646e-01 1.008720e+00 4.390052e+05 3.483424e+01 -8.437753e-03 1.251793e-02
1.513557e-02 1.045803e+00 1.004447e+00 4.582308e+05 3.639205e+01 6.647944e-03 1.210761e-02
1.584889e-02 9.949679e-01 1.011138e+00 4.011234e+05 3.202134e+01 4.013777e-03 1.174462e-02
1.659582e-02 1.041484e+00 1.009700e+00 4.192189e+05 3.364981e+01 3.629565e-03 1.124072e-02
1.737796e-02 9.832869e-01 1.006894e+00 3.540152e+05 2.794729e+01 1.220202e-02 1.066625e-02
1.819696e-02 1.029533e+00 1.013837e+00 3.751243e+05 2.963624e+01 7.207155e-03 1.024008e-02
1.905455e-02 9.576666e-01 1.004832e+00 3.022670e+05 2.406423e+01 -1.576501e-02 9.657383e-03
1.995257e-02 1.003624e+00 1.014554e+00 3.172313e+05 2.513820e+01 -3.170907e-03 9.245992e-03
2.089290e-02 1.049126e+00 1.013776e+00 3.326392e+05 2.638120e+01 5.962610e-03 8.887410e-03
2.187755e-02 9.624740e-01 1.018073e+00 2.696632e+05 2.191818e+01 3.998280e-03 8.593798e-03
2.290861e-02 1.007212e+00 1.005560e+00 2.769989e+05 2.262515e+01 -2.014893e-02 8.116722e-03
2.398826e-02 1.054564e+00 1.020018e+00 2.966481e+05 2.394868e+01 -2.090627e-02 7.824540e-03
2.511879e-02 9.450471e-01 1.006122e+00 2.238417e+05 1.782281e+01 -8.365333e-03 7.444263e-03
2.630260e-02 9.920790e-01 1.005824e+00 2.313386e+05 1.825412e+01 2.921224e-03 6.991506e-03
2.754220e-02 1.038087e+00 1.006979e+00 2.447907e+05 1.934846e+01 -1.092219e-02 6.754398e-03
2.884022e-02 1.087542e+00 1.006728e+00 2.563998e+05 2.033268e+01 -1.773971e-02 6.435394e-03
3.019942e-02 9.495671e-01 1.001922e+00 1.879765e+05 1.422113e+01 -1.955688e-03 6.235600e-03
3.162267e-02 9.936516e-01 9.871297e-01 1.914739e+05 1.517479e+01 -2.045918e-02 5.786777e-03
3.311300e-02 1.039826e+00 1.002136e+00 2.046044e+05 1.694905e+01 -1.809227e-02 5.664825e-03
3.467357e-02 1.089393e+00 1.011679e+00 2.170273e+05 1.751818e+01 -1.165158e-02 5.500793e-03
3.630768e-02 9.141908e-01 1.007822e+00 1.459135e+05 1.171683e+01 -1.785588e-02 5.339861e-03
3.801881e-02 9.556617e-01 1.009966e+00 1.523550e+05 1.218395e+01 -3.468227e-02 5.123019e-03
3.981058e-02 1.001033e+00 1.010319e+00 1.595166e+05 1.262481e+01 -4.023927e-02 4.892945e-03
4.168679e-02 1.048532e+00 1.001376e+00 1.656213e+05 1.309972e+01 -4.528677e-02 4.650950e-03
4.365142e-02 1.097245e+00 1.010766e+00 1.748350e+05 1.385571e+01 -4.826546e-02 4.483819e-03
4.570865e-02 8.630748e-01 1.015398e+00 1.049166e+05 8.341470e+00 -6.118405e-02 4.555106e-03
4.786283e-02 9.024134e-01 1.009710e+00 1.081813e+05 8.689223e+00 -5.161226e-02 4.160881e-03
5.011854e-02 9.440581e-01 1.017157e+00 1.141782e+05 9.087429e+00 -3.377408e-02 4.032135e-03
5.248055e-02 9.888408e-01 1.017711e+00 1.192054e+05 9.407012e+00 -2.405292e-02 3.803134e-03
5.495388e-02 1.035557e+00 1.029586e+00 1.271273e+05 1.010920e+01 -2.673572e-02 3.731370e-03
5.754377e-02 1.084718e+00 1.010574e+00 1.294699e+05 1.049659e+01 -2.314007e-02 3.471136e-03
6.025572e-02 1.134585e+00 1.013150e+00 1.356988e+05 1.088079e+01 -2.833319e-02 3.345132e-03
6.309549e-02 1.186154e+00 1.011843e+00 1.414823e+05 1.126530e+01 -3.024358e-02 3.162622e-03
6.606908e-02 8.320453e-01 1.008366e+00 6.643837e+04 5.234924e+00 -2.012420e-02 3.244758e-03
6.918282e-02 8.697366e-01 1.007855e+00 6.915576e+04 5.603209e+00 -1.169086e-03 3.015637e-03
7.244330e-02 9.103201e-01 1.006451e+00 7.218149e+04 5.837962e+00 3.388453e-02 2.828360e-03
7.585745e-02 9.534787e-01 1.016140e+00 7.616566e+04 6.022741e+00 -3.834724e-03 2.763629e-03
7.943249e-02 9.978832e-01 1.005984e+00 7.890911e+04 6.182851e+00 6.160975e-03 2.667189e-03
8.317602e-02 1.044180e+00 9.998212e-01 8.151330e+04 6.323862e+00 1.481056e-02 2.511859e-03
8.709599e-02 1.093490e+00 1.000440e+00 8.595841e+04 6.791141e+00 -6.615520e-03 2.410173e-03
9.120069e-02 1.144601e+00 1.007735e+00 9.085866e+04 7.269879e+00 7.083297e-03 2.366185e-03
9.549884e-02 1.197473e+00 1.002020e+00 9.483532e+04 7.512113e+00 1.393545e-02 2.264738e-03
9.999956e-02 1.252504e+00 1.003757e+00 9.859143e+04 7.875305e+00 -3.598809e-03 2.161264e-03
1.047124e-01 1.305588e+00 1.005412e+00 1.045408e+05 8.395741e+00 1.088798e-02 2.073288e-03
1.096473e-01 6.959407e-01 1.012074e+00 2.967227e+04 2.412789e+00 3.894615e-02 2.763987e-03
1.148148e-01 7.253020e-01 1.009892e+00 3.007293e+04 2.413107e+00 2.746952e-02 2.400041e-03
1.202259e-01 7.576703e-01 1.010581e+00 3.156268e+04 2.484090e+00 5.723548e-02 2.150416e-03
1.258920e-01 7.916109e-01 1.004127e+00 3.207266e+04 2.423770e+00 5.536270e-02 1.893044e-03
1.318251e-01 8.282086e-01 1.005432e+00 3.355000e+04 2.587541e+00 3.510463e-02 1.795530e-03
1.380378e-01 8.672974e-01 1.005859e+00 3.538540e+04 2.884842e+00 2.106428e-02 1.738071e-03
1.445433e-01 9.084235e-01 1.002244e+00 3.618637e+04 2.976834e+00 3.167188e-02 1.621604e-03
1.513554e-01 9.509742e-01 1.012161e+00 3.883189e+04 3.164319e+00 1.635683e-02 1.587510e-03
1.584886e-01 9.956148e-01 9.981347e-01 3.963465e+04 3.105431e+00 2.271545e-02 1.510024e-03
1.659579e-01 1.042479e+00 9.921871e-01 4.098466e+04 3.168775e+00 1.997972e-02 1.430035e-03
1.737792e-01 1.092044e+00 9.960512e-01 4.339813e+04 3.537378e+00 -5.751789e-03 1.400113e-03
1.819692e-01 1.143613e+00 9.926560e-01 4.490663e+04 3.628414e+00 -1.925594e-02 1.353860e-03
1.905451e-01 1.196863e+00 9.935222e-01 4.700884e+04 3.688257e+00 1.853979e-02 1.299858e-03
1.995252e-01 1.253259e+00 9.940219e-01 4.917890e+04 3.886245e+00 6.165504e-04 1.275659e-03
2.089286e-01 1.312759e+00 1.002700e+00 5.177316e+04 4.146941e+00 -8.611262e-03 1.215577e-03
2.187750e-01 1.371565e+00 9.913498e-01 5.344534e+04 4.247527e+00 -1.529771e-02 1.191735e-03
2.290856e-01 1.433310e+00 1.011368e+00 5.691505e+04 4.349386e+00 -2.990049e-02 1.150250e-03
2.398820e-01 1.496552e+00 1.009786e+00 5.882230e+04 4.381217e+00 -3.770721e-02 1.087427e-03
2.511873e-01 1.561849e+00 1.016041e+00 6.192653e+04 4.825578e+00 -5.208308e-02 1.028657e-03
2.630254e-01 1.629668e+00 1.022365e+00 6.533909e+04 5.449465e+00 -4.933089e-02 9.912252e-04
2.754214e-01 1.697724e+00 9.983424e-01 6.503452e+04 5.189087e+00 -2.925795e-02 9.236336e-04
2.884016e-01 1.766062e+00 1.001997e+00 6.654661e+04 5.656366e+00 -9.888589e-03 8.705854e-04
3.019935e-01 1.830120e+00 9.919603e-01 6.599578e+04 5.289037e+00 -1.998794e-02 7.926226e-04
3.162260e-01 1.539441e+00 1.011646e+00 5.434808e+04 4.055904e+00 -6.254017e-03 8.150339e-04
3.311293e-01 9.060731e-02 9.887460e-01 3.537505e+03 2.807344e-01 -2.277792e-03 4.272342e-03
3.467350e-01 7.359677e-02 9.829811e-01 2.906081e+03 2.278788e-01 5.847454e-03 5.574465e-03
3.630761e-01 6.485581e-02 9.907636e-01 2.577447e+03 2.026378e-01 -5.056262e-03 6.747365e-03
3.801873e-01 5.894914e-02 9.625905e-01 2.262822e+03 1.802094e-01 1.669705e-02 7.440925e-03
3.981050e-01 5.427611e-02 9.690306e-01 2.058350e+03 1.649660e-01 -1.423603e-02 8.263469e-03
4.168672e-01 5.057203e-02 9.858593e-01 1.998995e+03 1.605158e-01 -2.772117e-02 9.341955e-03
4.365135e-01 4.766649e-02 9.870892e-01 1.894496e+03 1.519582e-01 -2.581817e-02 1.014531e-02
4.570858e-01 4.470319e-02 9.854673e-01 1.753769e+03 1.405823e-01 -5.968124e-02 1.082933e-02
4.786276e-01 4.053613e-02 9.929690e-01 1.615794e+03 1.294234e-01 -2.830893e-02 1.188958e-02
5.011846e-01 3.505884e-02 9.972153e-01 1.420782e+03 1.137625e-01 -2.609199e-02 1.325989e-02
5.248047e-01 2.843686e-02 9.843521e-01 1.134391e+03 9.026478e-02 9.467840e-03 1.445544e-02
5.495380e-01 2.563046e-02 9.737195e-01 1.007593e+03 8.014648e-02 1.166856e-02 1.511598e-02
5.754369e-01 2.086069e-02 9.791822e-01 8.414210e+02 6.694967e-02 2.614391e-02 1.689541e-02
6.025565e-01 9.508890e-03 9.595454e-01 3.914876e+02 3.112684e-02 2.360225e-03 1.760602e-02
6.309540e-01 8.807493e-03 9.587601e-01 3.663750e+02 2.913615e-02 2.000666e-02 1.841152e-02
6.606900e-01 1.978803e-03 7.960740e-01 8.131361e+01 6.471938e-03 3.944647e-02 1.224303e-02
6.918274e-01 1.525164e-03 7.631626e-01 6.581293e+01 5.237285e-03 1.101997e-01 1.168573e-02
7.244322e-01 1.159069e-03 7.180703e-01 5.168712e+01 4.113219e-03 1.152561e-01 1.095796e-02
7.585736e-01 8.231746e-04 6.523842e-01 3.922643e+01 3.122516e-03 2.564675e-01 1.026189e-02
7.943240e-01 5.879574e-04 5.892928e-01 3.071497e+01 2.444739e-03 2.776476e-01 9.437799e-03
8.317594e-01 4.491006e-04 5.232823e-01 2.472754e+01 1.968098e-03 3.028371e-01 8.731484e-03
8.709590e-01 2.248654e-04 3.712089e-01 1.629020e+01 1.296469e-03 4.518218e-01 7.266521e-03
9.120060e-01 7.951074e-05 1.767650e-01 1.056198e+01 8.404963e-04 1.970143e-01 6.014228e-03
9.549875e-01 5.207206e-05 1.309933e-01 9.573503e+00 7.618195e-04 1.202019e-01 5.584478e-03
9.999947e-01 3.060776e-05 8.216637e-02 8.757039e+00 6.968615e-04 -7.532656e-03 5.212426e-03
1.047123e+00 1.988028e-05 5.251026e-02 8.306081e+00 6.609632e-04 -6.947267e-02 4.968166e-03
1.096472e+00 1.238710e-05 3.435306e-02 7.915009e+00 6.298475e-04 -1.073975e-01 4.639268e-03
1.148148e+00 5.211350e-06 1.609086e-02 7.689736e+00 6.119220e-04 -1.758912e-01 4.396796e-03
1.202258e+00 1.680016e-06 6.159757e-03 7.571246e+00 6.025035e-04 -2.165650e-01 4.118204e-03
1.258919e+00 8.858587e-07 3.235498e-03 7.504976e+00 5.972353e-04 -2.226863e-01 3.912807e-03
1.318250e+00 8.719454e-07 3.589527e-03 7.585173e+00 6.036159e-04 -2.345623e-01 3.791571e-03
1.380377e+00 8.593390e-07 1.741886e-03 7.523880e+00 5.987266e-04 -2.335811e-01 3.673434e-03
1.445432e+00 7.837431e-07 2.019656e-03 7.579725e+00 6.031629e-04 -2.487270e-01 3.509164e-03
1.513553e+00 6.252996e-07 2.365917e-03 7.545014e+00 6.003988e-04 -2.383062e-01 3.364921e-03
1.584885e+00 -2.824831e-08 1.302302e-04 7.500588e+00 5.968820e-04 -2.423285e-01 3.216743e-03
1.659578e+00 -1.100419e-08 -4.295063e-04 7.560281e+00 6.016456e-04 -2.573481e-01 3.046632e-03
1.737792e+00 -1.644305e-09 -1.979337e-04 7.470178e+00 5.944602e-04 -2.360142e-01 2.947807e-03
1.819691e+00 7.593315e-08 1.900885e-04 7.420677e+00 5.905117e-04 -2.238174e-01 2.827644e-03
1.905451e+00 -8.870813e-08 8.321892e-06 7.545823e+00 6.004666e-04 -2.535585e-01 2.719164e-03
1.995252e+00 5.008805e-08 -2.721134e-05 7.445585e+00 5.924904e-04 -2.302987e-01 2.605557e-03
2.089285e+00 -5.573772e-08 -1.414003e-04 7.432165e+00 5.914131e-04 -2.275022e-01 2.501130e-03
2.187750e+00 1.177575e-07 3.530043e-04 7.498830e+00 5.967372e-04 -2.424755e-01 2.396703e-03
2.290856e+00 9.212323e-08 -1.604639e-04 7.457253e+00 5.934321e-04 -2.337059e-01 2.283812e-03
2.398820e+00 -4.043303e-08 -2.934402e-04 7.468648e+00 5.943268e-04 -2.366323e-01 2.235413e-03
2.511873e+00 -5.645446e-08 -1.045067e-04 7.479397e+00 5.951843e-04 -2.389122e-01 2.123713e-03
2.630254e+00 -3.410878e-08 1.085649e-04 7.456518e+00 5.933562e-04 -2.332802e-01 2.039552e-03
2.754215e+00 1.168300e-07 4.763205e-06 7.489342e+00 5.959781e-04 -2.412434e-01 1.943111e-03
2.884017e+00 -4.806429e-08 1.230094e-04 7.427961e+00 5.911017e-04 -2.265616e-01 1.877189e-03
3.019936e+00 -1.031696e-07 4.525630e-04 7.513047e+00 5.978701e-04 -2.462025e-01 1.798511e-03
3.162261e+00 -5.894200e-08 -1.507524e-04 7.512601e+00 5.978438e-04 -2.471025e-01 1.719594e-03
3.311294e+00 -2.782670e-08 6.608258e-05 7.478436e+00 5.951208e-04 -2.388265e-01 1.641393e-03
3.467350e+00 -1.467226e-08 -9.032148e-05 7.492523e+00 5.962473e-04 -2.424031e-01 1.566529e-03
3.630762e+00 -1.264850e-08 3.363366e-05 7.469715e+00 5.944054e-04 -2.368956e-01 1.539707e-03
3.801874e+00 -3.642768e-08 -1.252457e-04 7.478939e+00 5.951555e-04 -2.394648e-01 1.457572e-03
3.981051e+00 -2.500187e-08 -3.056582e-04 7.539956e+00 6.000118e-04 -2.539722e-01 1.401424e-03
4.168672e+00 6.973539e-08 -2.136119e-05 7.513680e+00 5.979136e-04 -2.475006e-01 1.327395e-03
4.365135e+00 -4.393245e-08 -6.539482e-05 7.516878e+00 5.981770e-04 -2.483084e-01 1.322031e-03
4.570857e+00 2.782670e-08 1.286625e-04 7.523154e+00 5.986835e-04 -2.495643e-01 1.241565e-03
4.786275e+00 1.113068e-08 -2.191416e-05 7.471780e+00 5.945843e-04 -2.378265e-01 1.204133e-03
5.011845e+00 6.071279e-09 1.878648e-04 7.466833e+00 5.941921e-04 -2.363363e-01 1.157641e-03
5.248045e+00 -1.452891e-07 -2.338451e-04 7.460755e+00 5.936982e-04 -2.356164e-01 1.095414e-03
5.495378e+00 1.867762e-08 1.340460e-04 7.470055e+00 5.944295e-04 -2.373058e-01 1.063228e-03
5.754367e+00 9.123784e-08 2.336956e-05 7.455980e+00 5.933293e-04 -2.341859e-01 1.022935e-03
6.025561e+00 -1.000918e-07 2.244377e-04 7.511312e+00 5.977321e-04 -2.468816e-01 1.009583e-03
6.309537e+00 1.201607e-08 5.409524e-07 7.484206e+00 5.955711e-04 -2.409362e-01 9.533167e-04
6.606896e+00 2.407431e-08 -2.010343e-04 7.504313e+00 5.971811e-04 -2.459955e-01 9.264946e-04
6.918270e+00 -3.103098e-08 9.582350e-05 7.473704e+00 5.947426e-04 -2.383684e-01 8.894205e-04
7.244317e+00 4.873888e-08 1.235860e-04 7.539493e+00 5.999662e-04 -2.537502e-01 8.639097e-04
7.585731e+00 -5.379828e-08 -1.244181e-04 7.484487e+00 5.955878e-04 -2.413148e-01 8.338690e-04
7.943235e+00 -8.862381e-08 2.401061e-04 7.515260e+00 5.980434e-04 -2.479439e-01 7.821321e-04
8.317588e+00 -1.728628e-09 1.435494e-04 7.447713e+00 5.926830e-04 -2.322615e-01 7.674694e-04
8.709583e+00 6.956674e-09 -1.379537e-04 7.434376e+00 5.916135e-04 -2.295737e-01 7.336140e-04
9.120053e+00 -1.391335e-08 9.262211e-05 7.467677e+00 5.942491e-04 -2.371508e-01 7.194281e-04
9.549868e+00 -5.523178e-09 -1.932113e-04 7.468837e+00 5.943381e-04 -2.378613e-01 6.942749e-04
9.999938e+00 -1.450361e-08 4.196680e-05 7.464040e+00 5.939624e-04 -2.362966e-01 6.839037e-04
1.047122e+01 -6.332682e-08 -2.532535e-04 7.486096e+00 5.957214e-04 -2.420281e-01 6.530285e-04
1.096472e+01 1.264850e-09 7.291081e-05 7.495975e+00 5.965016e-04 -2.438480e-01 6.437302e-04
1.148147e+01 -7.428885e-08 7.194425e-05 7.452152e+00 5.930317e-04 -2.335728e-01 6.196499e-04
1.202257e+01 -3.145260e-08 1.274215e-04 7.470092e+00 5.944477e-04 -2.378056e-01 5.928278e-04
1.258918e+01 5.059400e-09 1.253158e-04 7.528841e+00 5.991368e-04 -2.514819e-01 6.015301e-04
1.318248e+01 1.349173e-09 1.541584e-04 7.470675e+00 5.944985e-04 -2.378641e-01 5.722046e-04
1.380375e+01 7.251806e-09 1.149242e-04 7.502064e+00 5.969952e-04 -2.453283e-01 5.673170e-04
1.445431e+01 -1.796087e-08 2.537651e-05 7.458359e+00 5.935094e-04 -2.352160e-01 5.278587e-04
1.513552e+01 3.794550e-10 3.486715e-05 7.488140e+00 5.958850e-04 -2.422022e-01 5.190372e-04
1.584883e+01 2.614023e-08 -1.645708e-06 7.446347e+00 5.925532e-04 -2.323979e-01 5.083084e-04
1.659576e+01 1.243769e-08 5.578400e-05 7.508667e+00 5.975258e-04 -2.469787e-01 4.968643e-04
1.737789e+01 5.615933e-08 -2.479257e-05 7.479160e+00 5.951676e-04 -2.402048e-01 4.887581e-04
1.819689e+01 -1.686467e-10 1.761577e-05 7.501258e+00 5.969320e-04 -2.453287e-01 4.684925e-04
1.905448e+01 1.070906e-08 -9.536478e-08 7.466975e+00 5.941843e-04 -2.373546e-01 4.677773e-04
1.995249e+01 -2.926019e-08 7.643017e-05 7.467772e+00 5.942718e-04 -2.374018e-01 4.613400e-04
2.089282e+01 -3.111531e-08 6.758910e-05 7.462324e+00 5.938232e-04 -2.361649e-01 4.665852e-04
2.187747e+01 -2.609807e-08 2.926625e-06 7.500368e+00 5.968648e-04 -2.452007e-01 4.284382e-04
2.290852e+01 3.625903e-09 5.268689e-05 7.448724e+00 5.927522e-04 -2.329713e-01 4.223585e-04
2.398816e+01 4.907617e-08 6.668160e-05 7.487154e+00 5.958104e-04 -2.420208e-01 4.231930e-04
2.511869e+01 1.070906e-08 -1.645138e-04 7.446353e+00 5.925510e-04 -2.327799e-01 4.042387e-04
2.630250e+01 9.191242e-09 -3.163096e-05 7.479548e+00 5.952069e-04 -2.404188e-01 4.196167e-04
2.754209e+01 -2.247217e-08 -1.969936e-04 7.417928e+00 5.902938e-04 -2.260773e-01 3.834963e-04
2.884011e+01 1.391335e-09 -1.643338e-05 7.474066e+00 5.947706e-04 -2.390925e-01 3.842115e-04
3.019930e+01 1.391335e-08 -2.851139e-05 7.524414e+00 5.987674e-04 -2.509151e-01 3.858805e-04
3.162255e+01 2.040624e-08 1.598527e-04 7.463275e+00 5.939052e-04 -2.363012e-01 4.105568e-04
3.311287e+01 1.391335e-08 3.611227e-05 7.500322e+00 5.968554e-04 -2.452221e-01 3.774166e-04
3.467344e+01 -1.159446e-08 5.544868e-06 7.494784e+00 5.964192e-04 -2.439705e-01 3.782511e-04
3.630754e+01 2.183974e-08 -7.695763e-05 7.464031e+00 5.939670e-04 -2.368594e-01 3.675222e-04
3.801866e+01 -5.548475e-08 8.899218e-05 7.480799e+00 5.953119e-04 -2.405740e-01 3.458261e-04
3.981042e+01 -2.622455e-08 7.247716e-05 7.460536e+00 5.936978e-04 -2.358004e-01 3.745556e-04
4.168663e+01 -2.845912e-08 -6.178427e-05 7.442041e+00 5.922301e-04 -2.316435e-01 3.536940e-04
4.365126e+01 -3.301258e-08 8.739342e-05 7.499739e+00 5.968026e-04 -2.450213e-01 3.589392e-04
4.570848e+01 -2.841696e-08 -5.020017e-05 7.522942e+00 5.986641e-04 -2.506382e-01 3.579855e-04
4.786265e+01 3.284394e-08 1.356283e-04 7.520291e+00 5.984629e-04 -2.497599e-01 3.390312e-04
5.011834e+01 -9.486374e-09 3.209845e-06 7.478723e+00 5.951347e-04 -2.402259e-01 3.409386e-04
5.248035e+01 2.108083e-10 7.548509e-06 7.483402e+00 5.955127e-04 -2.413481e-01 3.309250e-04
5.495367e+01 -3.212719e-08 -5.715729e-05 7.458354e+00 5.935183e-04 -2.355341e-01 3.304482e-04
5.754355e+01 9.149081e-09 -5.706262e-05 7.446801e+00 5.925895e-04 -2.327936e-01 3.457069e-04
6.025549e+01 -1.273282e-08 -3.277533e-05 7.425370e+00 5.908987e-04 -2.276478e-01 3.225803e-04
6.309524e+01 -5.034103e-08 -4.881746e-05 7.556756e+00 6.013578e-04 -2.585120e-01 3.308058e-04
6.606882e+01 -1.463010e-08 3.748539e-05 7.438286e+00 5.919259e-04 -2.306525e-01 3.302097e-04
6.918255e+01 7.589099e-09 -5.364441e-05 7.506602e+00 5.973644e-04 -2.468801e-01 3.305674e-04
7.244302e+01 -3.798766e-08 -2.419370e-05 7.446554e+00 5.925763e-04 -2.327251e-01 3.207922e-04
7.585715e+01 -1.673818e-08 -7.089980e-05 7.470057e+00 5.944450e-04 -2.383564e-01 3.136396e-04
7.943219e+01 -6.492896e-09 2.670585e-07 7.501646e+00 5.969558e-04 -2.456432e-01 3.010035e-04
8.317570e+01 -1.037177e-08 -4.948194e-05 7.524297e+00 5.987688e-04 -2.510019e-01 3.112555e-04
8.709565e+01 3.191638e-08 1.215947e-04 7.515400e+00 5.980561e-04 -2.486745e-01 3.114939e-04
9.120034e+01 3.035640e-09 -1.577296e-04 7.512394e+00 5.978012e-04 -2.484061e-01 3.257990e-04
9.549847e+01 1.720196e-08 1.497038e-04 7.401866e+00 5.890218e-04 -2.217668e-01 3.085136e-04
9.999918e+01 5.017238e-09 9.566548e-07 7.467041e+00 5.942106e-04 -2.375073e-01 2.887249e-04
1.047120e+02 1.467226e-08 3.008778e-05 7.530398e+00 5.992584e-04 -2.522962e-01 3.149509e-04
1.096469e+02 6.239926e-09 -1.869205e-05 7.472864e+00 5.946684e-04 -2.389091e-01 3.181696e-04
1.148144e+02 -9.444213e-09 6.871453e-07 7.502213e+00 5.969973e-04 -2.458043e-01 2.882481e-04
1.202254e+02 2.778454e-08 -8.435422e-05 7.503625e+00 5.971158e-04 -2.462702e-01 2.995729e-04
1.258915e+02 -1.277498e-08 9.044084e-05 7.420602e+00 5.905147e-04 -2.263963e-01 3.108978e-04
1.318246e+02 2.963965e-08 -4.349905e-05 7.472357e+00 5.946380e-04 -2.388443e-01 3.041029e-04
1.380372e+02 -4.469136e-09 2.451772e-06 7.425093e+00 5.908658e-04 -2.275991e-01 3.035069e-04
1.445427e+02 5.143723e-09 -1.224202e-05 7.422048e+00 5.906319e-04 -2.268767e-01 2.858639e-04
1.513548e+02 -9.275566e-09 2.109618e-05 7.499300e+00 5.967752e-04 -2.451034e-01 3.079176e-04
1.584879e+02 -4.241463e-08 3.138296e-05 7.448668e+00 5.927653e-04 -2.331330e-01 3.012419e-04
1.659572e+02 -1.163662e-08 2.836959e-05 7.495196e+00 5.964369e-04 -2.441420e-01 2.983809e-04
1.737786e+02 -9.781505e-09 1.571281e-05 7.463389e+00 5.939368e-04 -2.366530e-01 2.884865e-04
1.819685e+02 -1.391335e-09 -3.939203e-05 7.485348e+00 5.956707e-04 -2.419163e-01 2.930164e-04
1.905444e+02 9.444213e-09 -2.456859e-05 7.502000e+00 5.969960e-04 -2.457762e-01 2.980232e-04
1.995245e+02 2.845912e-08 -4.865599e-05 7.484941e+00 5.956411e-04 -2.418357e-01 2.957582e-04
2.089277e+02 2.420079e-08 7.530164e-05 7.487229e+00 5.958202e-04 -2.421827e-01 2.982616e-04
2.187742e+02 1.825600e-08 -5.090882e-06 7.493536e+00 5.963174e-04 -2.437982e-01 2.859831e-04
2.290847e+02 -2.036408e-08 -2.882833e-05 7.430028e+00 5.912569e-04 -2.288095e-01 2.862215e-04
2.398811e+02 -2.571861e-08 1.655896e-04 7.444464e+00 5.923985e-04 -2.319481e-01 2.703667e-04
2.511864e+02 2.824831e-09 -5.164451e-05 7.536426e+00 5.997339e-04 -2.538654e-01 2.905130e-04
2.630244e+02 -6.956674e-09 -1.808799e-05 7.501049e+00 5.969080e-04 -2.456051e-01 3.110170e-04
2.754203e+02 -3.204286e-09 3.496406e-05 7.512152e+00 5.977926e-04 -2.480789e-01 2.791882e-04
2.884005e+02 -1.454577e-08 8.842137e-05 7.480226e+00 5.952715e-04 -2.405131e-01 2.698898e-04
3.019924e+02 -2.803750e-08 -1.938985e-05 7.526986e+00 5.989821e-04 -2.516261e-01 2.980232e-04
3.162248e+02 2.044841e-08 3.288782e-05 7.522988e+00 5.986547e-04 -2.506045e-01 2.875328e-04
3.311280e+02 9.992314e-09 4.047406e-07 7.484352e+00 5.955921e-04 -2.416409e-01 2.715588e-04
3.467336e+02 1.686467e-09 -5.317858e-05 7.509437e+00 5.975820e-04 -2.475722e-01 2.728701e-04
3.630746e+02 2.820615e-08 -6.682716e-05 7.439664e+00 5.920383e-04 -2.311535e-01 2.765656e-04
3.801858e+02 4.174005e-09 6.360350e-05 7.460763e+00 5.937239e-04 -2.359558e-01 2.634525e-04
3.981034e+02 -3.022991e-08 3.090750e-05 7.478570e+00 5.951292e-04 -2.402626e-01 2.759695e-04
4.168654e+02 -1.703331e-08 3.080604e-05 7.441693e+00 5.922035e-04 -2.315052e-01 2.844334e-04
4.365116e+02 1.690683e-08 -6.957829e-05 7.495123e+00 5.964498e-04 -2.442774e-01 2.808571e-04
4.570838e+02 1.319660e-08 6.369653e-06 7.473125e+00 5.946770e-04 -2.390060e-01 2.683401e-04
4.786254e+02 -2.420079e-08 1.394084e-05 7.462460e+00 5.938528e-04 -2.364519e-01 2.839565e-04
5.011823e+02 4.848591e-09 -4.151991e-07 7.431924e+00 5.914179e-04 -2.292430e-01 2.752542e-04
5.248023e+02 6.914513e-09 -7.046022e-06 7.514140e+00 5.979541e-04 -2.486202e-01 2.911091e-04
5.495355e+02 3.541580e-09 -1.241010e-05 7.482192e+00 5.954191e-04 -2.411635e-01 2.825260e-04
5.754343e+02 -1.749709e-08 1.322996e-06 7.525366e+00 5.988615e-04 -2.512107e-01 2.812147e-04
6.025536e+02 1.070906e-08 -5.139748e-06 7.458765e+00 5.935353e-04 -2.356295e-01 2.667904e-04
6.309510e+02 8.432332e-09 5.455079e-05 7.483248e+00 5.955165e-04 -2.413014e-01 2.658367e-04
6.606868e+02 1.732844e-08 6.767763e-05 7.479483e+00 5.951953e-04 -2.403877e-01 2.764463e-04
6.918240e+02 8.643140e-09 1.721830e-05 7.488652e+00 5.959211e-04 -2.426276e-01 2.715588e-04
7.244286e+02 -2.044841e-08 -1.334560e-04 7.509990e+00 5.976268e-04 -2.478701e-01 2.890825e-04
7.585699e+02 -2.002679e-08 4.627132e-05 7.478381e+00 5.951142e-04 -2.401726e-01 2.752542e-04
7.943201e+02 7.968554e-09 2.277659e-05 7.506349e+00 5.973167e-04 -2.467853e-01 2.775192e-04
8.317552e+02 -3.878873e-09 1.686050e-05 7.448192e+00 5.927035e-04 -2.330742e-01 2.895594e-04
8.709546e+02 -2.926019e-08 1.015224e-04 7.462209e+00 5.938206e-04 -2.362590e-01 2.679825e-04
9.120014e+02 -9.781505e-09 -8.502981e-06 7.455758e+00 5.933235e-04 -2.348970e-01 2.832413e-04
9.549827e+02 9.106919e-09 -6.786339e-05 7.452984e+00 5.930974e-04 -2.343430e-01 2.921820e-04
