#./overdamped_3d --dev=0 --amp=100.0 --omega=1.0 --force=0 --Dg=0.01 --block=256 --paths=65536 --periods=1000 --trans=100 --samples=100 --spp=1000 --algorithm=euler --pav=1 --mode=moments --domain=1d --domainx=l:-2:1:300:1 --domainy=a:0:10:100:0 --domainz=D:-6:-1:100:1 --q=2 --eps=0 --phi=1.57079632679 --lambda=0 --zeta=0.0333333333333 --comp=0 --mean=1.0 --second=10 --skew=0.99 --distribution=r>> comp_r_l:-2:1:300:1_1.0_10_0.0333333333333_100.0.dat
#l <<v>> qnu(q) mu_q Dx Gx EBx
1.000000e-02 9.967420e-01 1.005718e+00 6.844478e+05 5.445900e+01 -2.132404e-02 2.500677e-02
1.023293e-02 9.988114e-01 1.016880e+00 6.748949e+05 5.372561e+01 -3.055668e-02 2.476084e-02
1.047129e-02 9.965997e-01 1.005156e+00 6.542509e+05 5.207613e+01 -1.068974e-02 2.421856e-02
1.071519e-02 9.977184e-01 1.005421e+00 6.411642e+05 5.108460e+01 -1.728535e-03 2.358389e-02
1.096478e-02 9.990118e-01 1.005935e+00 6.213732e+05 4.949273e+01 2.475381e-03 2.274132e-02
1.122018e-02 9.989444e-01 1.008912e+00 6.186839e+05 4.925113e+01 -1.981521e-02 2.256501e-02
1.148153e-02 9.997880e-01 1.012738e+00 6.038514e+05 4.810967e+01 -1.455522e-02 2.192259e-02
1.174897e-02 9.985235e-01 1.011064e+00 5.942901e+05 4.734127e+01 -3.145337e-03 2.163577e-02
1.202264e-02 9.989393e-01 1.025016e+00 5.843831e+05 4.653945e+01 1.354551e-02 2.142572e-02
1.230269e-02 1.000766e+00 1.020082e+00 5.704841e+05 4.543651e+01 -8.168340e-03 2.081335e-02
1.258925e-02 9.986004e-01 1.023607e+00 5.642953e+05 4.492689e+01 -5.498171e-03 2.076590e-02
1.288249e-02 9.984827e-01 1.004932e+00 5.364974e+05 4.270700e+01 -1.510978e-04 1.976275e-02
1.318256e-02 9.985677e-01 1.016648e+00 5.357774e+05 4.264525e+01 -5.352795e-03 1.964986e-02
1.348963e-02 9.976484e-01 1.008823e+00 5.174825e+05 4.119503e+01 4.070997e-04 1.911330e-02
1.380384e-02 9.980990e-01 1.013058e+00 5.096866e+05 4.059438e+01 9.587884e-03 1.871634e-02
1.412537e-02 9.984308e-01 9.955834e-01 4.807542e+05 3.829522e+01 1.226187e-03 1.783347e-02
1.445439e-02 9.986347e-01 1.016352e+00 4.914004e+05 3.914670e+01 -2.352786e-02 1.809144e-02
1.479108e-02 9.984736e-01 1.008504e+00 4.688717e+05 3.732183e+01 3.293037e-03 1.743674e-02
1.513561e-02 9.994848e-01 1.003136e+00 4.597128e+05 3.661359e+01 -8.972228e-03 1.697063e-02
1.548816e-02 9.981794e-01 1.020277e+00 4.548660e+05 3.624213e+01 -9.255588e-03 1.687646e-02
1.584893e-02 9.995837e-01 1.020502e+00 4.485928e+05 3.565453e+01 -5.563378e-03 1.661503e-02
1.621809e-02 9.994152e-01 1.009988e+00 4.312823e+05 3.436251e+01 -2.319217e-03 1.597977e-02
1.659586e-02 9.980136e-01 1.006643e+00 4.217447e+05 3.354317e+01 -2.282971e-02 1.551247e-02
1.698243e-02 9.997769e-01 1.009240e+00 4.105887e+05 3.269106e+01 -1.015860e-02 1.515448e-02
1.737800e-02 9.994124e-01 1.005447e+00 3.990587e+05 3.177433e+01 -2.004242e-02 1.477242e-02
1.778278e-02 1.000823e+00 1.006912e+00 3.922874e+05 3.126408e+01 4.088283e-03 1.438296e-02
1.819700e-02 1.000261e+00 1.011724e+00 3.887461e+05 3.098333e+01 1.679659e-03 1.432240e-02
1.862086e-02 9.999872e-01 1.002044e+00 3.731354e+05 2.973842e+01 -2.073461e-02 1.378512e-02
1.905460e-02 9.988747e-01 1.001556e+00 3.608964e+05 2.872333e+01 -1.368523e-02 1.353705e-02
1.949843e-02 9.997241e-01 1.005210e+00 3.563774e+05 2.836778e+01 -1.418084e-02 1.330435e-02
1.995261e-02 1.000220e+00 1.006968e+00 3.493876e+05 2.776840e+01 4.496098e-03 1.304138e-02
2.041737e-02 9.991703e-01 1.010353e+00 3.425698e+05 2.729252e+01 1.077688e-02 1.290500e-02
2.089295e-02 9.983518e-01 1.012300e+00 3.362818e+05 2.679564e+01 2.359486e-02 1.270843e-02
2.137960e-02 9.981638e-01 1.017146e+00 3.278514e+05 2.607053e+01 9.709120e-03 1.237917e-02
2.187760e-02 9.988627e-01 1.029909e+00 3.264401e+05 2.602406e+01 3.050196e-02 1.217198e-02
2.238719e-02 9.993532e-01 1.019059e+00 3.147215e+05 2.502457e+01 5.719423e-03 1.169419e-02
2.290866e-02 9.997244e-01 1.017459e+00 3.076556e+05 2.449235e+01 -3.855228e-04 1.145470e-02
2.344227e-02 9.994130e-01 1.015946e+00 2.997014e+05 2.386242e+01 5.842328e-03 1.125741e-02
2.398831e-02 9.998506e-01 1.011442e+00 2.898738e+05 2.309943e+01 -1.399636e-02 1.082826e-02
2.454707e-02 9.987163e-01 1.008727e+00 2.820471e+05 2.244976e+01 -1.265287e-02 1.056623e-02
2.511884e-02 9.991855e-01 1.013423e+00 2.795632e+05 2.223745e+01 -1.593649e-02 1.050484e-02
2.570393e-02 9.983808e-01 1.007437e+00 2.697612e+05 2.150088e+01 -6.126404e-03 1.020145e-02
2.630266e-02 9.995847e-01 1.002086e+00 2.621638e+05 2.083274e+01 -3.929079e-03 9.873986e-03
2.691532e-02 1.000205e+00 9.992712e-01 2.553004e+05 2.033682e+01 5.018711e-04 9.684920e-03
2.754226e-02 9.999603e-01 9.983219e-01 2.500786e+05 1.990583e+01 -8.205354e-03 9.397984e-03
2.818380e-02 1.000679e+00 1.006056e+00 2.472409e+05 1.967569e+01 -2.831507e-02 9.353518e-03
2.884029e-02 1.000337e+00 1.007796e+00 2.421376e+05 1.927685e+01 -1.101786e-02 9.074330e-03
2.951206e-02 1.001110e+00 1.014900e+00 2.392598e+05 1.905626e+01 -8.172333e-03 9.040117e-03
3.019948e-02 1.000350e+00 1.007337e+00 2.310850e+05 1.843555e+01 -3.790677e-03 8.759499e-03
3.090292e-02 1.000742e+00 1.009014e+00 2.243816e+05 1.784604e+01 -2.685785e-04 8.515477e-03
3.162274e-02 9.996338e-01 9.943164e-01 2.166713e+05 1.729473e+01 -3.825426e-03 8.293867e-03
3.235933e-02 9.994812e-01 1.004404e+00 2.144940e+05 1.714481e+01 -1.411211e-02 8.156180e-03
3.311307e-02 9.992538e-01 1.001232e+00 2.079713e+05 1.655912e+01 -2.411568e-02 7.978320e-03
3.388438e-02 9.997903e-01 1.005286e+00 2.051694e+05 1.635253e+01 -2.239102e-02 7.924438e-03
3.467364e-02 9.999061e-01 1.002609e+00 2.032813e+05 1.619433e+01 -2.985090e-02 7.837772e-03
3.548130e-02 1.000915e+00 1.002462e+00 1.976185e+05 1.574520e+01 -2.383631e-02 7.600665e-03
3.630776e-02 1.000550e+00 1.003093e+00 1.940233e+05 1.541957e+01 -2.416593e-02 7.454872e-03
3.715347e-02 1.000671e+00 1.001255e+00 1.896518e+05 1.508821e+01 -4.282475e-02 7.291079e-03
3.801889e-02 9.999774e-01 1.015822e+00 1.877546e+05 1.493828e+01 -2.317160e-02 7.205725e-03
3.890447e-02 1.000496e+00 1.008809e+00 1.802615e+05 1.432808e+01 -3.603542e-02 6.947875e-03
3.981066e-02 1.000564e+00 1.013599e+00 1.771538e+05 1.405370e+01 -3.004569e-02 6.826162e-03
4.073797e-02 1.000906e+00 1.004395e+00 1.724858e+05 1.370801e+01 -1.919472e-02 6.667852e-03
4.168688e-02 1.000144e+00 1.010059e+00 1.687403e+05 1.342249e+01 -4.591197e-02 6.568313e-03
4.265789e-02 1.000791e+00 1.005249e+00 1.642010e+05 1.306025e+01 -3.445435e-02 6.319761e-03
4.365152e-02 1.000720e+00 9.985979e-01 1.594218e+05 1.268051e+01 -3.669256e-02 6.227970e-03
4.466829e-02 9.996534e-01 9.936363e-01 1.542664e+05 1.226352e+01 -4.840857e-02 5.933285e-03
4.570875e-02 9.995937e-01 9.958016e-01 1.509045e+05 1.194935e+01 -6.306708e-02 5.796552e-03
4.677344e-02 9.994190e-01 1.004246e+00 1.488106e+05 1.183158e+01 -3.735733e-02 5.750060e-03
4.786294e-02 1.000291e+00 9.970922e-01 1.441217e+05 1.149290e+01 -4.830807e-02 5.517006e-03
4.897781e-02 9.997154e-01 9.983552e-01 1.407205e+05 1.117650e+01 -4.336935e-02 5.406380e-03
5.011865e-02 9.998060e-01 9.994446e-01 1.384018e+05 1.102848e+01 -5.733204e-02 5.353928e-03
5.128606e-02 1.000038e+00 1.010062e+00 1.366592e+05 1.085978e+01 -3.404331e-02 5.307436e-03
5.248066e-02 9.999981e-01 1.007668e+00 1.331178e+05 1.062041e+01 -2.468193e-02 5.182624e-03
5.370309e-02 9.996799e-01 1.002745e+00 1.300185e+05 1.032597e+01 -4.579461e-02 5.044818e-03
5.495400e-02 1.000173e+00 1.016365e+00 1.295389e+05 1.027791e+01 -6.279898e-02 5.045414e-03
5.623404e-02 9.998503e-01 1.004099e+00 1.262768e+05 1.001689e+01 -3.904921e-02 5.006909e-03
5.754390e-02 1.000229e+00 1.007317e+00 1.216566e+05 9.682986e+00 -3.546679e-02 4.805446e-03
5.888427e-02 9.998926e-01 9.991653e-01 1.171699e+05 9.344941e+00 -4.965448e-02 4.658222e-03
6.025586e-02 1.000221e+00 1.010613e+00 1.158948e+05 9.152364e+00 -3.004444e-02 4.587293e-03
6.165939e-02 1.000409e+00 1.012074e+00 1.135573e+05 8.988434e+00 -1.610214e-02 4.547238e-03
6.309562e-02 9.996897e-01 9.964538e-01 1.116223e+05 8.835646e+00 -2.953357e-02 4.424691e-03
6.456531e-02 1.000111e+00 9.945712e-01 1.088563e+05 8.657710e+00 -2.324873e-02 4.296780e-03
6.606922e-02 1.000405e+00 9.915251e-01 1.054684e+05 8.312344e+00 -1.509893e-02 4.194379e-03
6.760818e-02 1.000701e+00 9.993238e-01 1.035295e+05 8.180882e+00 -6.682932e-03 4.117846e-03
6.918297e-02 1.000161e+00 9.877429e-01 9.973984e+04 7.916048e+00 2.360332e-02 4.007220e-03
7.079445e-02 1.000470e+00 9.901271e-01 9.696754e+04 7.670631e+00 1.363206e-02 3.880024e-03
7.244346e-02 9.998071e-01 9.843153e-01 9.400327e+04 7.475189e+00 2.878153e-02 3.777385e-03
7.413089e-02 9.998048e-01 9.909739e-01 9.297735e+04 7.371420e+00 2.707899e-02 3.762245e-03
7.585761e-02 1.000342e+00 9.987687e-01 9.186341e+04 7.273062e+00 1.957786e-02 3.742099e-03
7.762456e-02 9.995957e-01 1.003729e+00 9.082100e+04 7.217040e+00 -1.317918e-03 3.748894e-03
7.943267e-02 9.983521e-01 1.002168e+00 8.910591e+04 7.039423e+00 4.490614e-03 3.700495e-03
8.128289e-02 9.984180e-01 1.002111e+00 8.632527e+04 6.880268e+00 2.350938e-02 3.591061e-03
8.317621e-02 9.978091e-01 9.893275e-01 8.354214e+04 6.648538e+00 2.318263e-02 3.471732e-03
8.511363e-02 9.975643e-01 1.000846e+00 8.270858e+04 6.532673e+00 1.898456e-02 3.492713e-03
8.709618e-02 9.964886e-01 9.943468e-01 8.106188e+04 6.363651e+00 1.456726e-02 3.412008e-03
8.912491e-02 9.961605e-01 9.998392e-01 7.984722e+04 6.323544e+00 7.117987e-04 3.420472e-03
9.120089e-02 9.957714e-01 1.007468e+00 7.838491e+04 6.206406e+00 3.451824e-03 3.365755e-03
9.332523e-02 9.952980e-01 9.999009e-01 7.635882e+04 6.017648e+00 3.104329e-03 3.313422e-03
9.549905e-02 9.942362e-01 1.012445e+00 7.561504e+04 5.971812e+00 1.450861e-02 3.291965e-03
9.772351e-02 9.935178e-01 1.000196e+00 7.336772e+04 5.761727e+00 2.331495e-03 3.196239e-03
9.999978e-02 9.934098e-01 9.996893e-01 7.209593e+04 5.699975e+00 -1.841617e-02 3.170252e-03
1.023291e-01 9.926327e-01 1.009398e+00 7.164570e+04 5.621352e+00 -1.234531e-03 3.154635e-03
1.047126e-01 9.919331e-01 1.009895e+00 6.964475e+04 5.522995e+00 -9.712100e-03 3.067613e-03
1.071517e-01 9.904075e-01 1.001708e+00 6.697969e+04 5.329781e+00 -1.172918e-02 2.996445e-03
1.096476e-01 9.901372e-01 1.005736e+00 6.621937e+04 5.252113e+00 1.168346e-02 2.955198e-03
1.122016e-01 9.893801e-01 1.005073e+00 6.473841e+04 5.095823e+00 1.288068e-02 2.934813e-03
1.148151e-01 9.893067e-01 9.949934e-01 6.171909e+04 4.911839e+00 4.036784e-03 2.825856e-03
1.174895e-01 9.890234e-01 1.000050e+00 6.065039e+04 4.796293e+00 1.685262e-03 2.782702e-03
1.202262e-01 9.893764e-01 1.001314e+00 5.998628e+04 4.750138e+00 5.176544e-03 2.773762e-03
1.230266e-01 9.896997e-01 9.966548e-01 5.788886e+04 4.560426e+00 1.993787e-02 2.753735e-03
1.258922e-01 9.908844e-01 9.989349e-01 5.674217e+04 4.460158e+00 4.872489e-02 2.684712e-03
1.288246e-01 9.921342e-01 1.001528e+00 5.591606e+04 4.407637e+00 2.490449e-02 2.694845e-03
1.318253e-01 9.940453e-01 1.003871e+00 5.464617e+04 4.343020e+00 4.846179e-02 2.622247e-03
1.348960e-01 9.967491e-01 1.003756e+00 5.273230e+04 4.153944e+00 4.136360e-02 2.524257e-03
1.380381e-01 1.000073e+00 1.009484e+00 5.218687e+04 4.089327e+00 2.069342e-02 2.458930e-03
1.412534e-01 1.004463e+00 1.010704e+00 5.126750e+04 4.053040e+00 2.684629e-02 2.411604e-03
1.445436e-01 1.009589e+00 1.005773e+00 5.029313e+04 3.982375e+00 5.099845e-02 2.317429e-03
1.479105e-01 1.014962e+00 1.005116e+00 4.933511e+04 3.813671e+00 3.988349e-02 2.234817e-03
1.513557e-01 1.021232e+00 1.002132e+00 4.839527e+04 3.755420e+00 3.401423e-02 2.160788e-03
1.548813e-01 1.028566e+00 9.974349e-01 4.739817e+04 3.644011e+00 1.758766e-02 2.074480e-03
1.584889e-01 1.036552e+00 1.007335e+00 4.716664e+04 3.630006e+00 7.042527e-03 1.982927e-03
1.621806e-01 1.045314e+00 1.007826e+00 4.679658e+04 3.658654e+00 -8.687794e-03 1.945376e-03
1.659582e-01 1.054227e+00 1.002365e+00 4.629384e+04 3.606133e+00 -2.075756e-02 1.849771e-03
1.698239e-01 1.064217e+00 1.004408e+00 4.602316e+04 3.629051e+00 -1.606047e-02 1.776457e-03
1.737796e-01 1.074774e+00 1.009188e+00 4.625575e+04 3.660563e+00 -3.265917e-03 1.718283e-03
1.778274e-01 1.085313e+00 1.006555e+00 4.579357e+04 3.661837e+00 -3.727579e-02 1.684546e-03
1.819696e-01 1.095226e+00 1.004748e+00 4.567627e+04 3.656744e+00 -2.860290e-02 1.622319e-03
1.862082e-01 1.106059e+00 1.007179e+00 4.544648e+04 3.658017e+00 3.926873e-03 1.552582e-03
1.905455e-01 1.115990e+00 9.961588e-01 4.510576e+04 3.659927e+00 9.873152e-03 1.507998e-03
1.949839e-01 1.125721e+00 9.992386e-01 4.509625e+04 3.594673e+00 8.136034e-03 1.486301e-03
1.995257e-01 1.135070e+00 9.926643e-01 4.502215e+04 3.582578e+00 -2.483785e-03 1.423001e-03
2.041732e-01 1.143581e+00 9.951985e-01 4.520182e+04 3.651651e+00 -1.403606e-02 1.412511e-03
2.089290e-01 1.151273e+00 9.972728e-01 4.540784e+04 3.634144e+00 -1.206231e-02 1.400232e-03
2.137956e-01 1.157044e+00 9.958825e-01 4.541221e+04 3.604223e+00 -2.259207e-02 1.374602e-03
2.187755e-01 1.161789e+00 9.842113e-01 4.505037e+04 3.504273e+00 6.088018e-04 1.347065e-03
2.238715e-01 1.165149e+00 9.978251e-01 4.601374e+04 3.618228e+00 -8.950353e-03 1.364589e-03
2.290861e-01 1.166180e+00 9.955962e-01 4.593694e+04 3.620775e+00 -1.229316e-02 1.367569e-03
2.344222e-01 1.165579e+00 9.955874e-01 4.604680e+04 3.720724e+00 -1.641446e-02 1.344085e-03
2.398826e-01 1.162865e+00 1.004645e+00 4.581254e+04 3.603904e+00 -1.339465e-02 1.322985e-03
2.454701e-01 1.158146e+00 9.969941e-01 4.522953e+04 3.666293e+00 -5.489886e-03 1.328707e-03
2.511879e-01 1.150492e+00 1.001585e+00 4.537356e+04 3.597538e+00 -5.960464e-07 1.320243e-03
2.570388e-01 1.140259e+00 1.008964e+00 4.525601e+04 3.621730e+00 -2.443337e-02 1.323462e-03
2.630260e-01 1.127697e+00 9.989399e-01 4.422386e+04 3.552656e+00 -1.980376e-02 1.326323e-03
2.691526e-01 1.112010e+00 1.005786e+00 4.354382e+04 3.523372e+00 -3.286040e-02 1.343966e-03
2.754220e-01 1.093493e+00 9.846287e-01 4.133965e+04 3.342572e+00 -1.272732e-02 1.320004e-03
2.818374e-01 1.072251e+00 9.785935e-01 4.012440e+04 3.156361e+00 -1.277071e-02 1.319647e-03
2.884022e-01 1.048591e+00 9.948345e-01 3.933442e+04 3.023626e+00 5.955935e-03 1.362205e-03
2.951200e-01 1.021975e+00 9.826710e-01 3.780536e+04 2.895983e+00 -4.200339e-03 1.364589e-03
3.019942e-01 9.926363e-01 9.855909e-01 3.729604e+04 2.897256e+00 -5.890727e-04 1.410604e-03
3.090285e-01 9.610036e-01 9.799359e-01 3.554050e+04 2.820544e+00 1.195705e-02 1.415133e-03
3.162267e-01 9.271584e-01 9.924068e-01 3.479311e+04 2.876885e+00 1.585484e-03 1.480222e-03
3.235926e-01 8.911361e-01 9.974932e-01 3.415484e+04 2.816565e+00 1.674294e-03 1.566529e-03
3.311300e-01 8.529269e-01 1.004186e+00 3.317632e+04 2.637516e+00 1.754475e-02 1.607656e-03
3.388430e-01 8.131388e-01 9.959592e-01 3.164048e+04 2.391940e+00 2.972102e-02 1.657009e-03
3.467357e-01 7.716338e-01 1.003173e+00 3.026266e+04 2.334166e+00 2.316523e-02 1.746058e-03
3.548122e-01 7.298769e-01 1.001860e+00 2.823537e+04 2.251406e+00 2.848423e-02 1.792073e-03
3.630768e-01 6.869005e-01 9.920366e-01 2.637906e+04 2.181696e+00 -1.178670e-02 1.875997e-03
3.715340e-01 6.433175e-01 9.850975e-01 2.419749e+04 1.966757e+00 -7.884860e-03 1.961946e-03
3.801881e-01 5.998147e-01 9.874111e-01 2.283514e+04 1.784684e+00 7.104874e-05 2.115965e-03
3.890438e-01 5.561331e-01 9.903878e-01 2.116038e+04 1.604998e+00 -6.070077e-03 2.204180e-03
3.981058e-01 5.131533e-01 9.913625e-01 1.961910e+04 1.564970e+00 1.497066e-02 2.378464e-03
4.073789e-01 4.709941e-01 9.790233e-01 1.766034e+04 1.437647e+00 -1.571387e-02 2.515912e-03
4.168679e-01 4.301206e-01 9.833216e-01 1.614037e+04 1.405895e+00 -1.390088e-02 2.700210e-03
4.265780e-01 3.906791e-01 9.873782e-01 1.497304e+04 1.203171e+00 -2.139920e-02 2.967000e-03
4.365143e-01 3.527140e-01 9.735085e-01 1.326828e+04 1.021417e+00 -3.522509e-02 3.186941e-03
4.466820e-01 3.166279e-01 9.679648e-01 1.177399e+04 9.307778e-01 -8.466840e-03 3.500223e-03
4.570865e-01 2.829288e-01 9.788007e-01 1.062019e+04 8.468435e-01 3.421867e-02 3.833175e-03
4.677334e-01 2.510480e-01 9.621068e-01 9.347925e+03 7.377428e-01 5.473495e-03 4.189610e-03
4.786283e-01 2.213516e-01 9.604928e-01 8.260005e+03 6.417923e-01 -2.613980e-02 4.653215e-03
4.897770e-01 1.936794e-01 9.931756e-01 7.451043e+03 5.822186e-01 -6.196874e-02 5.335450e-03
5.011854e-01 1.688120e-01 9.840401e-01 6.413878e+03 5.082712e-01 -2.934361e-02 5.877137e-03
5.128595e-01 1.463026e-01 9.783037e-01 5.557341e+03 4.488070e-01 -2.870899e-02 6.652474e-03
5.248055e-01 1.259018e-01 9.897738e-01 4.886370e+03 3.977232e-01 -3.831542e-02 7.629871e-03
5.370297e-01 1.076097e-01 9.938570e-01 4.174017e+03 3.406040e-01 -2.717298e-02 8.668542e-03
5.495388e-01 9.173539e-02 9.925762e-01 3.557017e+03 2.816595e-01 -4.852015e-02 9.923816e-03
5.623392e-01 7.761444e-02 9.981530e-01 3.035688e+03 2.375798e-01 -3.420621e-02 1.136315e-02
5.754377e-01 6.517870e-02 9.876152e-01 2.557304e+03 2.011370e-01 -6.699979e-03 1.299131e-02
5.888414e-01 5.446757e-02 9.867911e-01 2.108693e+03 1.691910e-01 -1.584285e-02 1.466930e-02
6.025573e-01 4.532745e-02 9.836659e-01 1.751265e+03 1.404580e-01 -4.499549e-02 1.667738e-02
6.165926e-01 3.757585e-02 9.708860e-01 1.439047e+03 1.156419e-01 -3.662497e-02 1.876950e-02
6.309550e-01 3.084414e-02 9.731604e-01 1.225133e+03 9.765927e-02 -8.888781e-03 2.209961e-02
6.456518e-01 2.534340e-02 9.786501e-01 9.947035e+02 7.904949e-02 -1.828444e-02 2.451324e-02
6.606910e-01 2.070455e-02 9.698461e-01 8.062022e+02 6.419694e-02 7.094026e-03 2.716994e-02
6.760805e-01 1.690084e-02 9.656221e-01 6.473842e+02 5.161368e-02 5.189323e-02 2.973402e-02
6.918284e-01 1.372556e-02 9.429091e-01 5.191690e+02 4.139175e-02 6.410038e-02 3.228605e-02
7.079431e-01 1.113573e-02 9.438489e-01 4.329544e+02 3.445980e-02 1.907349e-02 3.547466e-02
7.244333e-01 9.061184e-03 9.392967e-01 3.523245e+02 2.796995e-02 -1.354289e-02 3.798163e-02
7.413075e-01 7.301355e-03 9.178594e-01 2.799666e+02 2.226586e-02 2.050197e-02 3.965914e-02
7.585748e-01 5.932462e-03 8.870980e-01 2.263717e+02 1.800459e-02 3.179979e-02 4.063225e-02
7.762442e-01 4.828291e-03 8.877159e-01 1.902294e+02 1.512434e-02 7.449293e-02 4.291451e-02
7.943253e-01 3.904346e-03 8.614373e-01 1.521547e+02 1.209418e-02 1.044966e-01 4.306114e-02
8.128275e-01 3.152535e-03 8.520393e-01 1.281222e+02 1.018925e-02 1.213788e-01 4.390037e-02
8.317607e-01 2.517724e-03 8.306549e-01 1.043978e+02 8.312445e-03 1.305814e-01 4.347169e-02
8.511349e-01 2.027871e-03 7.980272e-01 8.524746e+01 6.785837e-03 2.216538e-01 4.238236e-02
8.709604e-01 1.633799e-03 7.702373e-01 7.028077e+01 5.591996e-03 1.503217e-01 4.110157e-02
8.912476e-01 1.310216e-03 7.387000e-01 5.765727e+01 4.587479e-03 1.265866e-01 3.964841e-02
9.120075e-01 1.047182e-03 7.221138e-01 4.931560e+01 3.924026e-03 1.980286e-01 3.867185e-02
9.332508e-01 8.022838e-04 6.534343e-01 3.876572e+01 3.084088e-03 1.416053e-01 3.535867e-02
9.549890e-01 6.342704e-04 6.130109e-01 3.270469e+01 2.602080e-03 1.290038e-01 3.339410e-02
9.772336e-01 4.952893e-04 5.611854e-01 2.711061e+01 2.156715e-03 2.993882e-01 3.088248e-02
9.999962e-01 3.719098e-04 4.969375e-01 2.250449e+01 1.790448e-03 4.027439e-01 2.862120e-02
1.023289e+00 2.875999e-04 4.293240e-01 1.888687e+01 1.502884e-03 3.378555e-01 2.609086e-02
1.047125e+00 2.194899e-04 3.715484e-01 1.644175e+01 1.308181e-03 4.128590e-01 2.442431e-02
1.071515e+00 1.599239e-04 3.111479e-01 1.408324e+01 1.120645e-03 4.880481e-01 2.242124e-02
1.096474e+00 1.212273e-04 2.542328e-01 1.244536e+01 9.903936e-04 4.213328e-01 2.089334e-02
1.122014e+00 9.081048e-05 1.968658e-01 1.097698e+01 8.735443e-04 2.349468e-01 1.915777e-02
1.148149e+00 6.598857e-05 1.516400e-01 1.001741e+01 7.971639e-04 1.861305e-01 1.788414e-02
1.174893e+00 4.652122e-05 1.184423e-01 9.345528e+00 7.437657e-04 1.712699e-01 1.676428e-02
1.202260e+00 3.877452e-05 1.014029e-01 8.878608e+00 7.065992e-04 8.111024e-02 1.599085e-02
1.230264e+00 2.964897e-05 7.728375e-02 8.643514e+00 6.878773e-04 6.149888e-03 1.541960e-02
1.258921e+00 2.222025e-05 5.705327e-02 8.289740e+00 6.597634e-04 -3.650051e-02 1.464212e-02
1.288245e+00 1.534878e-05 4.154852e-02 7.987413e+00 6.357220e-04 -7.789278e-02 1.393664e-02
1.318252e+00 9.319667e-06 2.428780e-02 7.780819e+00 6.192756e-04 -1.371771e-01 1.344395e-02
1.348958e+00 8.675985e-06 2.340311e-02 7.766584e+00 6.180730e-04 -1.390414e-01 1.332176e-02
1.380379e+00 6.796924e-06 1.739206e-02 7.678802e+00 6.110740e-04 -1.691935e-01 1.281846e-02
1.412532e+00 4.282233e-06 1.289147e-02 7.594619e+00 6.043931e-04 -1.713602e-01 1.256549e-02
1.445434e+00 4.127121e-06 1.100453e-02 7.593285e+00 6.043543e-04 -1.857817e-01 1.214516e-02
1.479103e+00 3.441319e-06 1.026613e-02 7.537509e+00 5.998578e-04 -1.925693e-01 1.195812e-02
1.513556e+00 3.395742e-06 1.092769e-02 7.527418e+00 5.990061e-04 -1.686270e-01 1.165724e-02
1.548811e+00 1.879230e-06 5.694927e-03 7.518607e+00 5.983273e-04 -2.108499e-01 1.136363e-02
1.584887e+00 1.216195e-06 4.260604e-03 7.467557e+00 5.943456e-04 -2.017163e-01 1.095438e-02
1.621804e+00 1.400231e-06 3.824112e-03 7.445047e+00 5.925102e-04 -2.054811e-01 1.086032e-02
1.659581e+00 9.382657e-07 2.879524e-03 7.432564e+00 5.914425e-04 -2.122403e-01 1.040661e-02
1.698237e+00 5.373082e-07 1.125031e-03 7.462193e+00 5.938548e-04 -2.235191e-01 1.030064e-02
1.737795e+00 -1.226483e-07 -4.706671e-04 7.433138e+00 5.916038e-04 -2.289066e-01 9.880900e-03
1.778273e+00 3.794550e-08 2.110578e-04 7.467665e+00 5.943292e-04 -2.358169e-01 9.818792e-03
1.819694e+00 -9.545401e-08 2.653205e-05 7.431242e+00 5.915021e-04 -2.277018e-01 9.504437e-03
1.862080e+00 -1.038020e-07 -1.155820e-04 7.454402e+00 5.932964e-04 -2.335018e-01 9.340525e-03
1.905454e+00 1.134149e-08 -4.962146e-05 7.497546e+00 5.967260e-04 -2.433991e-01 9.197593e-03
1.949837e+00 -4.018007e-08 4.893672e-04 7.428615e+00 5.912508e-04 -2.265038e-01 8.902669e-03
1.995255e+00 -8.668438e-08 8.398486e-05 7.457413e+00 5.935755e-04 -2.339223e-01 8.768678e-03
2.041730e+00 -4.013790e-08 -1.880105e-04 7.414795e+00 5.900396e-04 -2.243043e-01 8.702636e-03
2.089288e+00 -1.047717e-07 2.015546e-04 7.432582e+00 5.916029e-04 -2.279586e-01 8.423448e-03
2.137954e+00 4.637783e-10 -1.086875e-04 7.421535e+00 5.906508e-04 -2.259045e-01 8.197665e-03
2.187753e+00 3.001910e-08 4.008308e-05 7.434042e+00 5.916795e-04 -2.286458e-01 8.001208e-03
2.238713e+00 2.251433e-08 -7.795914e-05 7.378628e+00 5.871613e-04 -2.153868e-01 7.930040e-03
2.290859e+00 -1.416632e-08 -9.592955e-05 7.461029e+00 5.938454e-04 -2.350476e-01 7.692218e-03
2.344220e+00 1.661170e-08 -2.711867e-04 7.430852e+00 5.914217e-04 -2.285474e-01 7.580757e-03
2.398823e+00 -1.503485e-07 9.959772e-05 7.489601e+00 5.961003e-04 -2.415274e-01 7.361054e-03
2.454699e+00 3.790333e-08 1.402400e-04 7.388471e+00 5.879647e-04 -2.174427e-01 7.107973e-03
2.511877e+00 5.898417e-08 -1.242632e-04 7.491943e+00 5.962943e-04 -2.426097e-01 7.043362e-03
2.570385e+00 -6.956674e-09 1.633833e-04 7.515319e+00 5.981364e-04 -2.478945e-01 6.861210e-03
2.630257e+00 -3.706010e-08 1.985392e-04 7.391741e+00 5.882402e-04 -2.182171e-01 6.787896e-03
2.691524e+00 1.994247e-08 1.007162e-04 7.445490e+00 5.925034e-04 -2.315165e-01 6.578088e-03
2.754218e+00 -5.228046e-09 5.631251e-05 7.447995e+00 5.926885e-04 -2.321442e-01 6.424427e-03
2.818372e+00 -1.043080e-07 5.181041e-05 7.411152e+00 5.897904e-04 -2.232469e-01 6.244779e-03
2.884020e+00 -6.412789e-08 1.270836e-04 7.466258e+00 5.942550e-04 -2.361334e-01 6.065607e-03
2.951197e+00 -4.228815e-08 1.297547e-04 7.428161e+00 5.912252e-04 -2.273898e-01 6.025195e-03
3.019939e+00 -6.859702e-08 4.874252e-05 7.436867e+00 5.918940e-04 -2.295291e-01 5.864143e-03
3.090283e+00 -6.488680e-08 1.344809e-04 7.424516e+00 5.909243e-04 -2.266147e-01 5.720854e-03
3.162264e+00 2.209271e-08 1.334781e-04 7.464673e+00 5.941205e-04 -2.358729e-01 5.570650e-03
3.235923e+00 -2.951316e-08 7.073516e-05 7.423740e+00 5.908616e-04 -2.265583e-01 5.423784e-03
3.311297e+00 1.184321e-07 -1.127018e-04 7.417762e+00 5.903068e-04 -2.254445e-01 5.345583e-03
3.388427e+00 7.745097e-08 -2.916039e-04 7.406474e+00 5.894093e-04 -2.229686e-01 5.182266e-03
3.467354e+00 9.971233e-08 9.419155e-05 7.396298e+00 5.886903e-04 -2.198303e-01 5.113482e-03
3.548119e+00 1.391335e-08 -5.411821e-05 7.413441e+00 5.899270e-04 -2.242904e-01 4.966855e-03
3.630765e+00 -5.181668e-08 -9.612908e-05 7.474870e+00 5.948334e-04 -2.387922e-01 4.853368e-03
3.715336e+00 2.765805e-08 -3.580424e-05 7.449017e+00 5.927937e-04 -2.328164e-01 4.742503e-03
3.801878e+00 3.592174e-08 2.414398e-04 7.454768e+00 5.933064e-04 -2.336699e-01 4.663229e-03
3.890435e+00 -6.724785e-08 -5.538769e-05 7.425237e+00 5.910060e-04 -2.271929e-01 4.490852e-03
3.981055e+00 2.403215e-08 6.992470e-05 7.385395e+00 5.877013e-04 -2.172644e-01 4.440188e-03
4.073785e+00 5.830958e-08 -1.247911e-04 7.372828e+00 5.867622e-04 -2.146439e-01 4.299998e-03
4.168675e+00 3.119963e-08 2.101143e-04 7.474581e+00 5.948030e-04 -2.382467e-01 4.285693e-03
4.265777e+00 -6.956674e-09 -2.682540e-04 7.458077e+00 5.936223e-04 -2.351969e-01 4.103780e-03
4.365139e+00 1.457529e-07 -2.041778e-04 7.326318e+00 5.831067e-04 -2.035388e-01 4.031777e-03
4.466816e+00 2.525484e-08 -1.548525e-04 7.394499e+00 5.885654e-04 -2.199352e-01 3.920436e-03
4.570861e+00 9.149081e-09 -1.092324e-04 7.355056e+00 5.852950e-04 -2.103052e-01 3.817558e-03
4.677330e+00 -4.359516e-08 -3.440945e-05 7.455564e+00 5.934192e-04 -2.343874e-01 3.767729e-03
4.786279e+00 -3.866224e-08 -6.962082e-05 7.394974e+00 5.885726e-04 -2.199639e-01 3.643632e-03
4.897766e+00 1.551549e-08 2.651048e-04 7.433000e+00 5.915954e-04 -2.287290e-01 3.588676e-03
5.011849e+00 2.002679e-08 8.349149e-05 7.397357e+00 5.887841e-04 -2.203180e-01 3.515005e-03
5.128591e+00 -5.388261e-08 -9.839517e-05 7.425450e+00 5.910143e-04 -2.274804e-01 3.380060e-03
5.248051e+00 -5.143723e-08 -2.495204e-04 7.485241e+00 5.957596e-04 -2.416665e-01 3.302097e-03
5.370293e+00 2.930235e-08 4.112641e-05 7.420176e+00 5.904937e-04 -2.261052e-01 3.245711e-03
5.495383e+00 -3.031424e-08 9.815790e-06 7.424568e+00 5.909211e-04 -2.272115e-01 3.178120e-03
5.623387e+00 -2.141812e-08 1.028446e-04 7.455101e+00 5.933666e-04 -2.341561e-01 3.077865e-03
5.754373e+00 3.474121e-08 -1.653911e-04 7.451753e+00 5.930635e-04 -2.338297e-01 3.054500e-03
5.888409e+00 -4.975076e-09 3.409955e-05 7.458516e+00 5.936204e-04 -2.350724e-01 2.964497e-03
6.025568e+00 -8.685302e-09 1.945826e-04 7.405937e+00 5.894098e-04 -2.222469e-01 2.889991e-03
6.165921e+00 6.463383e-08 1.553730e-04 7.430551e+00 5.914146e-04 -2.284077e-01 2.824306e-03
6.309543e+00 5.341883e-08 4.730069e-05 7.396236e+00 5.886660e-04 -2.202110e-01 2.730131e-03
6.456511e+00 3.233799e-08 -8.962920e-05 7.428949e+00 5.912756e-04 -2.284228e-01 2.673864e-03
6.606903e+00 -3.630119e-08 1.636754e-04 7.417763e+00 5.902675e-04 -2.253733e-01 2.627134e-03
6.760797e+00 -2.365269e-08 9.119945e-05 7.461338e+00 5.938460e-04 -2.356105e-01 2.532959e-03
6.918276e+00 2.087002e-08 6.540448e-05 7.423061e+00 5.907717e-04 -2.268019e-01 2.471566e-03
7.079423e+00 1.184743e-08 -1.340091e-04 7.407617e+00 5.894919e-04 -2.232966e-01 2.422333e-03
7.244324e+00 1.724412e-08 4.582841e-05 7.459616e+00 5.937352e-04 -2.352752e-01 2.385497e-03
7.413066e+00 -4.190869e-08 3.246151e-06 7.433434e+00 5.916054e-04 -2.293614e-01 2.320886e-03
7.585738e+00 1.011880e-09 -8.272852e-07 7.480694e+00 5.953315e-04 -2.403997e-01 2.237916e-03
7.762433e+00 2.824831e-09 1.478043e-05 7.424851e+00 5.909665e-04 -2.273457e-01 2.204537e-03
7.943243e+00 8.360658e-08 8.105115e-05 7.425156e+00 5.909703e-04 -2.272958e-01 2.131701e-03
8.128264e+00 4.528162e-08 9.289112e-05 7.430614e+00 5.914308e-04 -2.285592e-01 2.107859e-03
8.317595e+00 -9.697183e-09 -2.481960e-04 7.439273e+00 5.919847e-04 -2.311994e-01 2.057791e-03
8.511337e+00 -2.698346e-09 -1.148829e-04 7.410810e+00 5.896903e-04 -2.241630e-01 2.003431e-03
8.709592e+00 -5.691824e-09 9.107819e-05 7.396295e+00 5.886602e-04 -2.202455e-01 1.968741e-03
8.912464e+00 3.516283e-08 3.979988e-07 7.431170e+00 5.914278e-04 -2.288711e-01 1.897573e-03
9.120062e+00 9.570697e-09 7.931458e-06 7.476132e+00 5.949148e-04 -2.393638e-01 1.810789e-03
9.332495e+00 -3.672281e-08 -1.807177e-05 7.442269e+00 5.922038e-04 -2.315856e-01 1.824975e-03
9.549876e+00 2.377918e-08 1.239181e-04 7.473643e+00 5.947080e-04 -2.386333e-01 1.765609e-03
9.772322e+00 4.384813e-09 -6.045240e-05 7.378813e+00 5.871677e-04 -2.162406e-01 1.738548e-03
