#./overdamped_3d --dev=0 --amp=40.0 --omega=1.0 --force=0 --Dg=0.01 --block=256 --paths=65536 --periods=1000 --trans=100 --samples=100 --spp=1000 --algorithm=euler --pav=1 --mode=moments --domain=1d --domainx=l:-2:1:300:1 --domainy=a:0:10:100:0 --domainz=D:-6:-1:100:1 --q=2 --eps=0 --phi=1.57079632679 --lambda=0 --zeta=0.0333333333333 --comp=0 --mean=1.0 --second=3.14 --skew=0.99 --distribution=s>> comp_s_3.14_l:-2:1:300:1_1.0_0.99_0.0333333333333_40.0.dat
#l <<v>> qnu(q) mu_q Dx Gx EBx
1.000000e-02 1.006135e+00 1.015697e+00 6.376839e+05 5.075865e+01 -1.425576e-02 1.802826e-02
1.023293e-02 9.959758e-01 1.013603e+00 6.190889e+05 4.928360e+01 -8.540213e-03 1.796627e-02
1.047129e-02 9.950819e-01 1.009539e+00 5.921337e+05 4.714392e+01 -1.149517e-02 1.723742e-02
1.071519e-02 1.007470e+00 9.964165e-01 5.894789e+05 4.695071e+01 1.036501e-02 1.678848e-02
1.096478e-02 9.960464e-01 1.005771e+00 5.653688e+05 4.497910e+01 6.724119e-03 1.648688e-02
1.122018e-02 9.964682e-01 1.008461e+00 5.600206e+05 4.466174e+01 -8.893847e-03 1.624274e-02
1.148153e-02 1.011022e+00 1.013401e+00 5.597273e+05 4.463405e+01 9.835839e-03 1.578677e-02
1.174897e-02 9.952791e-01 1.011875e+00 5.367841e+05 4.271018e+01 5.195141e-04 1.568460e-02
1.202264e-02 9.957960e-01 1.015900e+00 5.259891e+05 4.186507e+01 2.089798e-02 1.538014e-02
1.230269e-02 1.009004e+00 1.022471e+00 5.356396e+05 4.274392e+01 2.247226e-02 1.518154e-02
1.258925e-02 9.981564e-01 1.010414e+00 5.048872e+05 4.020349e+01 3.246856e-02 1.470065e-02
1.288249e-02 9.923956e-01 1.005976e+00 4.880465e+05 3.886213e+01 1.320851e-02 1.443088e-02
1.318256e-02 1.000456e+00 1.005174e+00 4.812738e+05 3.834679e+01 -4.955232e-03 1.395583e-02
1.348963e-02 1.006471e+00 1.004230e+00 4.815097e+05 3.834870e+01 -6.025255e-03 1.381850e-02
1.380384e-02 9.918284e-01 1.015005e+00 4.596908e+05 3.660150e+01 -4.621685e-03 1.359797e-02
1.412537e-02 9.923599e-01 1.004475e+00 4.380044e+05 3.486671e+01 4.122376e-03 1.295924e-02
1.445439e-02 1.004017e+00 1.014418e+00 4.454729e+05 3.550747e+01 3.156662e-04 1.283014e-02
1.479108e-02 1.005760e+00 1.011422e+00 4.345736e+05 3.462766e+01 -7.169962e-03 1.257122e-02
1.513561e-02 9.925430e-01 1.003008e+00 4.118647e+05 3.281520e+01 8.454561e-03 1.216888e-02
1.548816e-02 9.915128e-01 1.008470e+00 4.045849e+05 3.220055e+01 3.230178e-02 1.207697e-02
1.584893e-02 1.003186e+00 1.010925e+00 4.046726e+05 3.219513e+01 8.278012e-03 1.178491e-02
1.621809e-02 1.010334e+00 1.007771e+00 4.041849e+05 3.215503e+01 9.292483e-03 1.162386e-02
1.659586e-02 9.952772e-01 1.002751e+00 3.803994e+05 3.028177e+01 6.289363e-03 1.128161e-02
1.698243e-02 9.913386e-01 1.006049e+00 3.687450e+05 2.938955e+01 2.114892e-03 1.101530e-02
1.737800e-02 9.965947e-01 1.004829e+00 3.645168e+05 2.899198e+01 1.504314e-02 1.076221e-02
1.778278e-02 1.011876e+00 1.017512e+00 3.698442e+05 2.947008e+01 1.256859e-02 1.053655e-02
1.819700e-02 1.006468e+00 1.009218e+00 3.581559e+05 2.851484e+01 1.191723e-02 1.037216e-02
1.862086e-02 9.928132e-01 1.005722e+00 3.381964e+05 2.690896e+01 -5.237043e-03 1.012564e-02
1.905460e-02 9.901063e-01 1.010478e+00 3.258463e+05 2.591615e+01 -8.008480e-04 9.765506e-03
1.949843e-02 9.955228e-01 1.009354e+00 3.230636e+05 2.571626e+01 -1.716167e-02 9.626985e-03
1.995261e-02 1.010165e+00 1.016487e+00 3.266792e+05 2.602024e+01 -4.288733e-03 9.410262e-03
2.041737e-02 1.012177e+00 1.017304e+00 3.202641e+05 2.553386e+01 8.751154e-04 9.316206e-03
2.089295e-02 9.966416e-01 1.017308e+00 3.018612e+05 2.404704e+01 5.323410e-03 9.057283e-03
2.137960e-02 9.873580e-01 1.023765e+00 2.944617e+05 2.342538e+01 2.605915e-03 8.989573e-03
2.187760e-02 9.894403e-01 1.018561e+00 2.877163e+05 2.290717e+01 -2.213299e-03 8.757234e-03
2.238719e-02 9.986150e-01 1.017198e+00 2.832580e+05 2.257422e+01 -1.914740e-03 8.438587e-03
2.290866e-02 1.014128e+00 1.018189e+00 2.862857e+05 2.272605e+01 -1.769453e-02 8.211017e-03
2.344227e-02 1.013013e+00 1.021050e+00 2.814726e+05 2.236350e+01 -8.964419e-03 8.181095e-03
2.398831e-02 9.969836e-01 1.019123e+00 2.665505e+05 2.120803e+01 -1.325023e-02 8.080721e-03
2.454707e-02 9.874254e-01 1.020757e+00 2.579210e+05 2.053003e+01 -1.572055e-02 7.971406e-03
2.511884e-02 9.856867e-01 1.009039e+00 2.440803e+05 1.942868e+01 -1.298285e-02 7.500052e-03
2.570393e-02 9.917578e-01 1.003443e+00 2.358496e+05 1.873986e+01 -1.661068e-02 7.158995e-03
2.630266e-02 1.004520e+00 1.001547e+00 2.382334e+05 1.895949e+01 -8.447707e-03 7.070422e-03
2.691532e-02 1.021355e+00 9.986535e-01 2.390250e+05 1.898655e+01 -5.626321e-03 6.847382e-03
2.754226e-02 1.013931e+00 1.006452e+00 2.345968e+05 1.863863e+01 -4.936516e-03 6.887436e-03
2.818380e-02 9.987553e-01 1.006755e+00 2.248719e+05 1.791512e+01 -2.460545e-02 6.883025e-03
2.884029e-02 9.889574e-01 1.010455e+00 2.180178e+05 1.736062e+01 -1.993698e-02 6.820917e-03
2.951206e-02 9.849001e-01 1.015206e+00 2.096080e+05 1.666607e+01 -2.160752e-02 6.603122e-03
3.019948e-02 9.861123e-01 1.004454e+00 2.029427e+05 1.618128e+01 -3.160834e-04 6.338835e-03
3.090292e-02 9.950774e-01 1.000654e+00 2.011224e+05 1.597565e+01 -6.085277e-03 6.166339e-03
3.162274e-02 1.007668e+00 1.009428e+00 2.007790e+05 1.592504e+01 -2.348387e-02 5.944014e-03
3.235933e-02 1.025204e+00 9.999373e-01 2.020021e+05 1.603613e+01 -3.954589e-03 5.811214e-03
3.311307e-02 1.020938e+00 1.003552e+00 1.991547e+05 1.581873e+01 -1.681870e-02 5.788684e-03
3.388438e-02 1.004484e+00 1.017120e+00 1.933370e+05 1.537118e+01 -2.236605e-02 5.926251e-03
3.467364e-02 9.917087e-01 1.010996e+00 1.835777e+05 1.458655e+01 -1.753199e-02 5.855680e-03
3.548130e-02 9.845768e-01 1.008122e+00 1.749694e+05 1.394452e+01 -1.567113e-02 5.673409e-03
3.630776e-02 9.812742e-01 1.008296e+00 1.704903e+05 1.352594e+01 -3.360009e-02 5.558729e-03
3.715347e-02 9.834797e-01 1.004883e+00 1.666086e+05 1.327448e+01 -4.065669e-02 5.394816e-03
3.801889e-02 9.900141e-01 1.014707e+00 1.667524e+05 1.324742e+01 -3.679943e-02 5.310535e-03
3.890447e-02 1.001470e+00 1.016257e+00 1.646677e+05 1.310323e+01 -3.766221e-02 5.117297e-03
3.981066e-02 1.016652e+00 1.008456e+00 1.634606e+05 1.297495e+01 -4.753894e-02 4.882812e-03
4.073797e-02 1.034418e+00 1.005009e+00 1.675385e+05 1.331840e+01 -3.420430e-02 4.844904e-03
4.168688e-02 1.030309e+00 1.009518e+00 1.630886e+05 1.292943e+01 -3.856164e-02 4.786849e-03
4.265789e-02 1.013110e+00 1.005697e+00 1.540391e+05 1.224411e+01 -4.208642e-02 4.790783e-03
4.365152e-02 9.982577e-01 1.007819e+00 1.470786e+05 1.170935e+01 -5.024219e-02 4.788041e-03
4.466829e-02 9.862345e-01 1.012063e+00 1.415024e+05 1.128377e+01 -6.492639e-02 4.734278e-03
4.570875e-02 9.782875e-01 1.024013e+00 1.383659e+05 1.101989e+01 -6.284457e-02 4.691720e-03
4.677344e-02 9.747260e-01 1.010968e+00 1.319819e+05 1.050359e+01 -4.364842e-02 4.541397e-03
4.786294e-02 9.750534e-01 1.008095e+00 1.293412e+05 1.025722e+01 -6.133741e-02 4.409075e-03
4.897781e-02 9.795383e-01 1.011688e+00 1.256539e+05 9.991747e+00 -3.713328e-02 4.234314e-03
5.011865e-02 9.870508e-01 1.015332e+00 1.258704e+05 1.001944e+01 -4.074740e-02 4.201889e-03
5.128606e-02 9.989525e-01 1.021804e+00 1.251857e+05 9.910259e+00 -3.178483e-02 4.048824e-03
5.248066e-02 1.012701e+00 1.012748e+00 1.257308e+05 9.977105e+00 -2.849531e-02 3.910899e-03
5.370309e-02 1.029627e+00 1.009795e+00 1.263214e+05 9.940818e+00 -1.985800e-02 3.810406e-03
5.495400e-02 1.047617e+00 1.019937e+00 1.289275e+05 1.022634e+01 -3.241861e-02 3.731847e-03
5.623404e-02 1.043554e+00 1.015978e+00 1.260822e+05 9.989519e+00 -4.077333e-02 3.689289e-03
5.754390e-02 1.025522e+00 1.016567e+00 1.191239e+05 9.443935e+00 -4.225600e-02 3.705859e-03
5.888427e-02 1.009350e+00 1.023503e+00 1.151754e+05 9.113212e+00 -4.235494e-02 3.764629e-03
6.025586e-02 9.954902e-01 1.020705e+00 1.095880e+05 8.655482e+00 -4.183531e-02 3.783107e-03
6.165939e-02 9.839283e-01 1.009484e+00 1.036750e+05 8.240406e+00 -5.259866e-02 3.683090e-03
6.309562e-02 9.740559e-01 1.010335e+00 1.003660e+05 7.978755e+00 -4.152358e-02 3.684759e-03
6.456531e-02 9.680336e-01 9.974645e-01 9.643341e+04 7.704054e+00 -3.899914e-02 3.623843e-03
6.606922e-02 9.646612e-01 1.008116e+00 9.415367e+04 7.507975e+00 -1.801246e-02 3.593087e-03
6.760818e-02 9.635872e-01 9.997691e-01 9.021391e+04 7.221815e+00 -1.427978e-02 3.454924e-03
6.918297e-02 9.657850e-01 1.000497e+00 8.676995e+04 6.944567e+00 5.326629e-03 3.284574e-03
7.079445e-02 9.711388e-01 9.996024e-01 8.490059e+04 6.713792e+00 1.680851e-03 3.173947e-03
7.244346e-02 9.787234e-01 1.002628e+00 8.562266e+04 6.798462e+00 1.972651e-02 3.107429e-03
7.413089e-02 9.875245e-01 1.000009e+00 8.339757e+04 6.596335e+00 2.968419e-02 2.968431e-03
7.585761e-02 9.998531e-01 1.005371e+00 8.419095e+04 6.654904e+00 1.656508e-02 2.933741e-03
7.762456e-02 1.013332e+00 1.006518e+00 8.483454e+04 6.695012e+00 -1.793331e-02 2.873778e-03
7.943267e-02 1.028996e+00 9.998592e-01 8.466980e+04 6.639626e+00 -5.149961e-03 2.743840e-03
8.128289e-02 1.046184e+00 9.880637e-01 8.396091e+04 6.585513e+00 2.271330e-02 2.662659e-03
8.317621e-02 1.064727e+00 9.996742e-01 8.547785e+04 6.804510e+00 1.877558e-02 2.594233e-03
8.511363e-02 1.077814e+00 9.964045e-01 8.451017e+04 6.713473e+00 5.520701e-03 2.504230e-03
8.709618e-02 1.064960e+00 9.935284e-01 8.208952e+04 6.454688e+00 1.005208e-02 2.526999e-03
8.912491e-02 1.047213e+00 1.008032e+00 8.017912e+04 6.370336e+00 -2.944469e-04 2.627254e-03
9.120089e-02 1.030869e+00 9.988638e-01 7.733082e+04 6.069214e+00 8.763075e-03 2.664924e-03
9.332523e-02 1.015282e+00 9.977683e-01 7.416480e+04 5.845761e+00 -2.507252e-02 2.678752e-03
9.549905e-02 1.000852e+00 9.929484e-01 7.109527e+04 5.629629e+00 -2.625346e-03 2.690792e-03
9.772351e-02 9.875457e-01 1.005609e+00 6.937728e+04 5.501349e+00 1.038909e-03 2.738714e-03
9.999978e-02 9.759567e-01 1.002215e+00 6.696716e+04 5.322141e+00 -2.035743e-02 2.785325e-03
1.023291e-01 9.654110e-01 9.998401e-01 6.562757e+04 5.237471e+00 -1.562923e-02 2.807736e-03
1.047126e-01 9.565110e-01 1.004070e+00 6.278785e+04 5.024521e+00 -5.494416e-03 2.808809e-03
1.071517e-01 9.496227e-01 1.003587e+00 6.069004e+04 4.858682e+00 -6.881356e-03 2.816081e-03
1.096476e-01 9.441583e-01 9.994048e-01 5.810089e+04 4.673426e+00 1.113760e-02 2.812982e-03
1.122016e-01 9.401727e-01 1.001402e+00 5.669925e+04 4.581116e+00 5.010486e-03 2.769589e-03
1.148151e-01 9.376082e-01 9.869013e-01 5.400421e+04 4.419733e+00 1.083112e-02 2.714157e-03
1.174895e-01 9.365557e-01 9.981356e-01 5.319752e+04 4.324876e+00 2.907884e-02 2.683759e-03
1.202262e-01 9.378630e-01 1.005234e+00 5.240461e+04 4.247209e+00 2.315366e-02 2.704263e-03
1.230266e-01 9.402510e-01 9.958384e-01 5.115461e+04 4.121795e+00 4.852712e-02 2.638221e-03
1.258922e-01 9.444597e-01 1.003592e+00 5.036607e+04 4.084552e+00 5.202997e-02 2.570152e-03
1.288246e-01 9.498258e-01 9.986701e-01 4.938900e+04 4.014206e+00 3.559339e-02 2.479196e-03
1.318253e-01 9.568491e-01 9.874018e-01 4.856698e+04 3.909800e+00 2.784216e-02 2.397895e-03
1.348960e-01 9.651778e-01 9.979143e-01 4.793532e+04 3.855051e+00 1.935339e-02 2.368093e-03
1.380381e-01 9.749390e-01 1.004385e+00 4.770921e+04 3.778975e+00 1.368570e-02 2.306700e-03
1.412534e-01 9.858052e-01 1.005646e+00 4.709462e+04 3.737913e+00 3.055930e-02 2.218962e-03
1.445436e-01 9.983612e-01 9.960436e-01 4.677838e+04 3.638918e+00 3.545690e-02 2.139568e-03
1.479105e-01 1.011712e+00 9.965169e-01 4.693203e+04 3.619820e+00 4.749680e-02 2.078056e-03
1.513557e-01 1.025939e+00 1.003308e+00 4.716826e+04 3.630961e+00 3.674936e-02 2.009153e-03
1.548813e-01 1.041830e+00 9.993474e-01 4.641393e+04 3.622685e+00 6.340277e-02 1.932263e-03
1.584889e-01 1.058827e+00 1.000659e+00 4.719828e+04 3.676479e+00 2.774644e-02 1.870275e-03
1.621806e-01 1.075753e+00 9.949797e-01 4.703084e+04 3.667885e+00 2.585733e-02 1.818657e-03
1.659582e-01 1.094698e+00 9.983539e-01 4.733390e+04 3.803166e+00 2.075279e-02 1.747131e-03
1.698239e-01 1.114460e+00 1.006451e+00 4.807220e+04 3.870966e+00 2.306032e-02 1.704097e-03
1.737796e-01 1.135051e+00 9.921753e-01 4.774841e+04 3.762423e+00 7.282376e-03 1.601696e-03
1.778274e-01 1.154811e+00 9.942743e-01 4.853715e+04 3.901842e+00 -5.373955e-03 1.572490e-03
1.819696e-01 1.166417e+00 9.967517e-01 4.859780e+04 3.851868e+00 -1.122862e-02 1.541495e-03
1.862082e-01 1.162734e+00 9.908187e-01 4.745672e+04 3.703535e+00 1.231122e-02 1.504660e-03
1.905455e-01 1.149416e+00 9.893801e-01 4.707254e+04 3.732183e+00 1.868403e-02 1.516938e-03
1.949839e-01 1.133692e+00 1.000798e+00 4.692487e+04 3.738231e+00 9.708166e-03 1.513958e-03
1.995257e-01 1.118112e+00 9.915426e-01 4.513602e+04 3.575893e+00 1.378059e-03 1.511931e-03
2.041732e-01 1.102322e+00 9.921981e-01 4.450753e+04 3.568572e+00 -1.675558e-02 1.540899e-03
2.089290e-01 1.087212e+00 9.887245e-01 4.329437e+04 3.479127e+00 -1.223212e-02 1.523972e-03
2.137956e-01 1.072371e+00 9.911277e-01 4.255520e+04 3.351803e+00 -2.382469e-02 1.529455e-03
2.187755e-01 1.057571e+00 9.997055e-01 4.273125e+04 3.319972e+00 -6.809413e-03 1.572847e-03
2.238715e-01 1.043150e+00 1.002274e+00 4.203046e+04 3.284321e+00 -1.302058e-02 1.582623e-03
2.290861e-01 1.028555e+00 9.972655e-01 4.095270e+04 3.106704e+00 -2.835625e-02 1.554608e-03
2.344222e-01 1.014338e+00 9.965493e-01 4.065836e+04 3.106704e+00 -3.572762e-02 1.594543e-03
2.398826e-01 1.000871e+00 9.922052e-01 3.990268e+04 3.144902e+00 -4.270685e-02 1.556635e-03
2.454701e-01 9.875492e-01 9.992676e-01 4.007584e+04 3.171958e+00 -3.044742e-02 1.584649e-03
2.511879e-01 9.744317e-01 1.015522e+00 4.001488e+04 3.207927e+00 -2.642751e-02 1.637578e-03
2.570388e-01 9.620421e-01 1.009377e+00 3.943280e+04 3.185327e+00 -2.192962e-02 1.632929e-03
2.630260e-01 9.495665e-01 1.011402e+00 3.891797e+04 3.140445e+00 -1.611149e-02 1.658320e-03
2.691526e-01 9.375868e-01 1.015888e+00 3.906711e+04 3.200924e+00 1.054430e-02 1.712561e-03
2.754220e-01 9.254976e-01 1.011146e+00 3.802878e+04 3.101293e+00 1.182353e-02 1.692295e-03
2.818374e-01 9.143128e-01 1.005664e+00 3.707887e+04 3.112752e+00 1.267672e-02 1.672626e-03
2.884022e-01 9.029551e-01 1.002885e+00 3.710795e+04 3.055456e+00 2.764893e-02 1.697421e-03
2.951200e-01 8.923180e-01 9.924575e-01 3.582845e+04 2.958372e+00 1.205277e-02 1.682043e-03
3.019942e-01 8.822463e-01 9.998590e-01 3.523477e+04 2.923358e+00 1.267684e-02 1.696587e-03
3.090285e-01 8.726617e-01 1.000460e+00 3.522855e+04 2.835823e+00 2.137029e-02 1.731157e-03
3.162267e-01 8.634353e-01 1.000433e+00 3.476412e+04 2.821976e+00 1.080871e-03 1.750350e-03
3.235926e-01 8.540848e-01 1.005726e+00 3.439114e+04 2.770728e+00 -3.777981e-03 1.748562e-03
3.311300e-01 8.455948e-01 9.962062e-01 3.316583e+04 2.616189e+00 6.886005e-03 1.752615e-03
3.388430e-01 8.373243e-01 1.001205e+00 3.333320e+04 2.623351e+00 9.837985e-03 1.763105e-03
3.467357e-01 8.293724e-01 1.011118e+00 3.367000e+04 2.600751e+00 8.177042e-03 1.789927e-03
3.548122e-01 8.219361e-01 1.016223e+00 3.362755e+04 2.560803e+00 1.307893e-02 1.822710e-03
3.630768e-01 8.148124e-01 9.998930e-01 3.241788e+04 2.476292e+00 9.122491e-03 1.796722e-03
3.715340e-01 8.081036e-01 1.000559e+00 3.193479e+04 2.434275e+00 -1.246333e-02 1.812339e-03
3.801881e-01 8.015486e-01 9.974332e-01 3.166363e+04 2.384778e+00 3.070593e-03 1.823306e-03
3.890438e-01 7.952374e-01 1.004808e+00 3.197669e+04 2.416768e+00 -7.257879e-03 1.830101e-03
3.981058e-01 7.896883e-01 1.002050e+00 3.167410e+04 2.456716e+00 -1.707792e-02 1.840591e-03
4.073789e-01 7.841743e-01 1.004129e+00 3.138000e+04 2.390189e+00 9.691238e-03 1.836181e-03
4.168679e-01 7.793583e-01 1.016621e+00 3.209057e+04 2.483772e+00 2.154934e-02 1.889348e-03
4.265780e-01 7.745231e-01 1.017313e+00 3.218902e+04 2.479634e+00 3.621316e-02 1.905084e-03
4.365143e-01 7.698444e-01 1.018024e+00 3.159313e+04 2.464037e+00 4.313564e-02 1.909614e-03
4.466820e-01 7.659593e-01 1.003937e+00 3.092815e+04 2.426158e+00 2.880013e-02 1.869321e-03
4.570865e-01 7.623349e-01 1.006999e+00 3.086221e+04 2.423770e+00 1.295424e-02 1.871824e-03
4.677334e-01 7.586325e-01 1.014082e+00 3.102131e+04 2.438572e+00 -9.209514e-04 1.905441e-03
4.786283e-01 7.555787e-01 1.013502e+00 3.110053e+04 2.425521e+00 -2.006346e-02 1.930952e-03
4.897770e-01 7.528214e-01 1.010604e+00 3.096579e+04 2.462923e+00 -1.678288e-02 1.935720e-03
5.011854e-01 7.501026e-01 1.015950e+00 3.099937e+04 2.462604e+00 -2.520055e-02 1.911044e-03
5.128595e-01 7.478646e-01 1.018690e+00 3.073520e+04 2.417404e+00 6.786585e-03 1.910210e-03
5.248055e-01 7.460005e-01 1.010524e+00 3.052164e+04 2.421542e+00 -3.178000e-03 1.901269e-03
5.370297e-01 7.443471e-01 1.010658e+00 3.001288e+04 2.355652e+00 -2.102345e-02 1.892090e-03
5.495388e-01 7.434499e-01 1.014804e+00 3.009596e+04 2.370135e+00 -2.523255e-02 1.875639e-03
5.623392e-01 7.422722e-01 1.014741e+00 3.015177e+04 2.373477e+00 -3.391373e-02 1.869678e-03
5.754377e-01 7.413956e-01 1.003725e+00 2.999998e+04 2.389711e+00 -2.340156e-02 1.886964e-03
5.888414e-01 7.410479e-01 1.003297e+00 3.001033e+04 2.365520e+00 -2.766383e-02 1.893044e-03
6.025573e-01 7.407586e-01 1.011246e+00 3.017983e+04 2.404672e+00 -2.764618e-02 1.895070e-03
6.165926e-01 7.412474e-01 1.011063e+00 3.008239e+04 2.387483e+00 -1.662421e-02 1.897454e-03
6.309550e-01 7.414464e-01 1.003063e+00 2.948060e+04 2.328118e+00 -2.166229e-02 1.857042e-03
6.456518e-01 7.421240e-01 1.021969e+00 2.993493e+04 2.403080e+00 -1.006323e-02 1.875877e-03
6.606910e-01 7.432979e-01 1.007957e+00 2.925929e+04 2.295969e+00 -3.286600e-04 1.848221e-03
6.760805e-01 7.441955e-01 1.004888e+00 2.936065e+04 2.314431e+00 4.972219e-03 1.868725e-03
6.918284e-01 7.460928e-01 1.005220e+00 2.956073e+04 2.320638e+00 2.830732e-02 1.840234e-03
7.079431e-01 7.476113e-01 1.004254e+00 2.948310e+04 2.315704e+00 2.898145e-02 1.830578e-03
7.244333e-01 7.496976e-01 1.008624e+00 2.976756e+04 2.339896e+00 4.317212e-02 1.842976e-03
7.413075e-01 7.523223e-01 1.002860e+00 2.996946e+04 2.353902e+00 3.643334e-02 1.811743e-03
7.585748e-01 7.549703e-01 1.003661e+00 3.024889e+04 2.377775e+00 1.305866e-02 1.825809e-03
7.762442e-01 7.575577e-01 9.898053e-01 2.943372e+04 2.305678e+00 2.257478e-02 1.763225e-03
7.943253e-01 7.610246e-01 9.847926e-01 2.924716e+04 2.273369e+00 5.182266e-03 1.738191e-03
8.128275e-01 7.645063e-01 9.955344e-01 3.001039e+04 2.349127e+00 8.261204e-04 1.773715e-03
8.317607e-01 7.684127e-01 9.940174e-01 3.003969e+04 2.316023e+00 -9.065866e-03 1.751661e-03
8.511349e-01 7.720926e-01 9.982100e-01 3.072918e+04 2.396396e+00 9.034276e-03 1.782656e-03
8.709604e-01 7.766179e-01 9.905310e-01 3.105082e+04 2.382390e+00 -6.411552e-03 1.782775e-03
8.912476e-01 7.811059e-01 1.000305e+00 3.148211e+04 2.370772e+00 -9.399951e-03 1.799107e-03
9.120075e-01 7.860876e-01 9.955644e-01 3.169366e+04 2.451304e+00 -1.745474e-02 1.780391e-03
9.332508e-01 7.913035e-01 1.002991e+00 3.212182e+04 2.446689e+00 -1.123232e-02 1.769066e-03
9.549890e-01 7.964812e-01 1.007481e+00 3.220243e+04 2.451463e+00 -8.870959e-04 1.756072e-03
9.772336e-01 8.021775e-01 1.011911e+00 3.256888e+04 2.482340e+00 8.394718e-03 1.755953e-03
9.999962e-01 8.085499e-01 1.009452e+00 3.250203e+04 2.461490e+00 -8.988500e-03 1.719952e-03
1.023289e+00 8.142433e-01 1.003475e+00 3.214966e+04 2.460376e+00 -2.126926e-02 1.687765e-03
1.047125e+00 8.209886e-01 1.008638e+00 3.293046e+04 2.518149e+00 -1.013732e-02 1.704931e-03
1.071515e+00 8.277946e-01 1.009252e+00 3.270804e+04 2.493162e+00 -2.208650e-03 1.660585e-03
1.096474e+00 8.347504e-01 1.010391e+00 3.321832e+04 2.616189e+00 -6.859899e-03 1.682878e-03
1.122014e+00 8.422553e-01 1.016898e+00 3.391308e+04 2.633059e+00 1.492429e-02 1.689911e-03
1.148149e+00 8.498342e-01 1.021078e+00 3.418077e+04 2.722823e+00 6.859064e-03 1.664996e-03
1.174893e+00 8.578777e-01 1.011708e+00 3.355520e+04 2.659320e+00 1.009798e-02 1.611114e-03
1.202260e+00 8.661668e-01 1.005144e+00 3.383949e+04 2.798421e+00 -5.719900e-03 1.582265e-03
1.230264e+00 8.749564e-01 1.019372e+00 3.479357e+04 2.859218e+00 -6.056964e-03 1.578689e-03
1.258921e+00 8.839093e-01 1.012888e+00 3.460858e+04 2.867972e+00 -5.670190e-03 1.560450e-03
1.288245e+00 8.929698e-01 1.014374e+00 3.490425e+04 2.889299e+00 -1.785278e-02 1.524448e-03
1.318252e+00 9.025235e-01 1.018218e+00 3.549939e+04 2.935454e+00 -6.886065e-03 1.505733e-03
1.348958e+00 9.123182e-01 1.006746e+00 3.554953e+04 2.905533e+00 -8.616805e-03 1.484632e-03
1.380379e+00 9.228387e-01 1.018376e+00 3.643818e+04 2.979699e+00 -4.421186e-02 1.505971e-03
1.412532e+00 9.336057e-01 1.015636e+00 3.644584e+04 2.995614e+00 -4.108828e-02 1.481652e-03
1.445434e+00 9.443825e-01 1.021144e+00 3.741384e+04 3.028400e+00 -3.201294e-02 1.493931e-03
1.479103e+00 9.550866e-01 1.019913e+00 3.795009e+04 3.088561e+00 -2.645361e-02 1.481652e-03
1.513556e+00 9.666619e-01 1.025824e+00 3.932129e+04 3.183417e+00 -2.382952e-02 1.470327e-03
1.548811e+00 9.786363e-01 1.025303e+00 3.895911e+04 3.083786e+00 -1.806736e-02 1.425147e-03
1.584887e+00 9.909650e-01 1.017672e+00 3.909030e+04 3.063414e+00 -2.522260e-02 1.431942e-03
1.621804e+00 1.003179e+00 1.023989e+00 3.962298e+04 3.078693e+00 -3.006834e-02 1.399279e-03
1.659581e+00 1.016422e+00 1.024179e+00 4.059795e+04 3.159225e+00 -1.347572e-02 1.389503e-03
1.698237e+00 1.029585e+00 1.014312e+00 4.121498e+04 3.181189e+00 -1.302963e-02 1.379967e-03
1.737795e+00 1.043338e+00 1.025830e+00 4.176721e+04 3.194240e+00 -2.641827e-02 1.380205e-03
1.778273e+00 1.057056e+00 1.026626e+00 4.216365e+04 3.333659e+00 -1.788867e-02 1.343489e-03
1.819694e+00 1.071816e+00 1.020710e+00 4.261248e+04 3.352758e+00 -1.750511e-02 1.328111e-03
1.862080e+00 1.086302e+00 1.022627e+00 4.365056e+04 3.460347e+00 -2.150750e-02 1.329184e-03
1.905454e+00 1.101395e+00 1.018866e+00 4.420205e+04 3.551702e+00 -1.079369e-02 1.308918e-03
1.949837e+00 1.116466e+00 1.020804e+00 4.480551e+04 3.611862e+00 -8.625925e-03 1.284838e-03
1.995255e+00 1.132548e+00 1.007585e+00 4.452634e+04 3.541834e+00 -4.227877e-03 1.243234e-03
2.041730e+00 1.149069e+00 1.018201e+00 4.611396e+04 3.658017e+00 -1.149774e-02 1.281261e-03
2.089288e+00 1.165688e+00 1.011732e+00 4.677879e+04 3.763378e+00 -8.032262e-03 1.251578e-03
2.137954e+00 1.182676e+00 1.008448e+00 4.707124e+04 3.718496e+00 -9.862721e-03 1.213789e-03
2.187753e+00 1.200177e+00 1.010561e+00 4.820490e+04 3.854096e+00 -3.241003e-03 1.204848e-03
2.238713e+00 1.218117e+00 1.014651e+00 4.963371e+04 3.969324e+00 -2.626157e-02 1.212716e-03
2.290859e+00 1.236067e+00 1.022027e+00 5.043062e+04 4.034259e+00 -1.589322e-02 1.203775e-03
2.344220e+00 1.254707e+00 1.016207e+00 5.117441e+04 4.071183e+00 -2.250153e-02 1.202703e-03
2.398823e+00 1.274251e+00 1.004872e+00 5.102496e+04 4.107471e+00 -1.203823e-02 1.153350e-03
2.454699e+00 1.293590e+00 1.007628e+00 5.219477e+04 4.259623e+00 -4.636794e-02 1.143456e-03
2.511877e+00 1.313909e+00 1.016261e+00 5.376891e+04 4.331561e+00 -1.038170e-02 1.158357e-03
2.570385e+00 1.333960e+00 1.014038e+00 5.436447e+04 4.449972e+00 -4.849613e-03 1.138687e-03
2.630257e+00 1.354909e+00 1.016724e+00 5.636472e+04 4.529550e+00 7.708192e-03 1.116395e-03
2.691524e+00 1.376336e+00 1.013036e+00 5.661251e+04 4.419415e+00 1.336586e-02 1.090884e-03
2.754218e+00 1.398138e+00 1.003937e+00 5.656646e+04 4.408592e+00 2.356601e-02 1.082301e-03
2.818372e+00 1.420344e+00 9.993288e-01 5.664410e+04 4.582389e+00 2.311718e-02 1.043677e-03
2.884020e+00 1.442825e+00 9.912508e-01 5.757070e+04 4.570293e+00 6.739616e-03 1.011968e-03
2.951197e+00 1.465798e+00 1.002793e+00 5.935245e+04 4.576023e+00 9.918451e-03 1.024723e-03
3.019939e+00 1.489734e+00 9.758154e-01 5.792829e+04 4.428327e+00 -1.666129e-02 9.778738e-04
3.090283e+00 1.514146e+00 9.856478e-01 5.998614e+04 4.508541e+00 -8.708715e-03 9.719133e-04
3.162264e+00 1.538879e+00 9.909279e-01 6.169358e+04 4.700163e+00 -7.018864e-03 9.595156e-04
3.235923e+00 1.563767e+00 9.849127e-01 6.159152e+04 4.735178e+00 5.926013e-03 9.375811e-04
3.311297e+00 1.589458e+00 9.925132e-01 6.394025e+04 5.300496e+00 2.087343e-02 9.407997e-04
3.388427e+00 1.616058e+00 9.856415e-01 6.438277e+04 5.488935e+00 2.101815e-02 9.208918e-04
3.467354e+00 1.642308e+00 9.830453e-01 6.441875e+04 5.380710e+00 3.966951e-02 8.697510e-04
3.548119e+00 1.669333e+00 9.952269e-01 6.662399e+04 5.582519e+00 2.276182e-02 8.910894e-04
3.630765e+00 1.696989e+00 9.959085e-01 6.768643e+04 5.549414e+00 4.886031e-03 8.908510e-04
3.715336e+00 1.725280e+00 1.003811e+00 6.999685e+04 5.807245e+00 1.914346e-02 8.643866e-04
3.801878e+00 1.754162e+00 1.008940e+00 7.127537e+04 5.737217e+00 1.492143e-02 8.586645e-04
3.890435e+00 1.783027e+00 9.955082e-01 7.095454e+04 5.699020e+00 1.566315e-02 8.518696e-04
3.981055e+00 1.813109e+00 1.000943e+00 7.442528e+04 6.054254e+00 3.116810e-02 8.414984e-04
4.073785e+00 1.843760e+00 9.996034e-01 7.498680e+04 6.106457e+00 2.003181e-02 8.429289e-04
4.168675e+00 1.873641e+00 1.000296e+00 7.605799e+04 5.971493e+00 6.399035e-03 8.034706e-04
4.265777e+00 1.905052e+00 9.981562e-01 7.775634e+04 6.129375e+00 1.078200e-02 8.021593e-04
4.365139e+00 1.937177e+00 9.994090e-01 7.936979e+04 6.353465e+00 2.240884e-02 7.884502e-04
4.466816e+00 1.969352e+00 1.005580e+00 8.259879e+04 6.680687e+00 1.941156e-02 7.885695e-04
4.570861e+00 2.002404e+00 9.970306e-01 8.258304e+04 6.739257e+00 5.672693e-03 7.687807e-04
4.677330e+00 2.035914e+00 1.005546e+00 8.538935e+04 6.973533e+00 3.892422e-03 7.735491e-04
4.786279e+00 2.069000e+00 1.008644e+00 8.745392e+04 6.935336e+00 1.409173e-02 7.541180e-04
4.897766e+00 2.103964e+00 1.007007e+00 8.953609e+04 6.923876e+00 1.660073e-02 7.514954e-04
5.011849e+00 2.138620e+00 1.020296e+00 9.319145e+04 7.466276e+00 2.522993e-02 7.377863e-04
5.128591e+00 2.174540e+00 1.008388e+00 9.348254e+04 7.736203e+00 1.971233e-02 7.253885e-04
5.248051e+00 2.210961e+00 1.006892e+00 9.497662e+04 7.776947e+00 2.915275e-02 7.086992e-04
5.370293e+00 2.247347e+00 1.010246e+00 9.682155e+04 7.927189e+00 1.159406e-02 7.129908e-04
5.495383e+00 2.284359e+00 1.014838e+00 9.944908e+04 8.155099e+00 1.047826e-02 6.952286e-04
5.623387e+00 2.321692e+00 9.988316e-01 1.000699e+05 8.016315e+00 1.593530e-02 6.631613e-04
5.754373e+00 2.360137e+00 1.003523e+00 1.016829e+05 7.816417e+00 1.925492e-02 6.791353e-04
5.888409e+00 2.398842e+00 1.001723e+00 1.051608e+05 8.087617e+00 1.517534e-02 6.603003e-04
6.025568e+00 2.437598e+00 1.013033e+00 1.086387e+05 8.549803e+00 3.598273e-02 6.535053e-04
6.165921e+00 2.477347e+00 1.002852e+00 1.092002e+05 8.515426e+00 4.415250e-02 6.599426e-04
6.309543e+00 2.517158e+00 1.011763e+00 1.135117e+05 8.850287e+00 3.984761e-02 6.462336e-04
6.456511e+00 2.558235e+00 1.018663e+00 1.170331e+05 9.125307e+00 1.783156e-02 6.397963e-04
6.606903e+00 2.598803e+00 1.013831e+00 1.195200e+05 9.082017e+00 -1.083589e-02 6.310940e-04
6.760797e+00 2.640422e+00 1.010036e+00 1.203081e+05 8.792992e+00 1.444185e-02 6.061792e-04
6.918276e+00 2.682186e+00 9.981458e-01 1.206992e+05 8.887212e+00 9.748697e-03 5.913973e-04
7.079423e+00 2.725206e+00 1.011672e+00 1.241252e+05 1.004841e+01 -2.322793e-04 5.993843e-04
7.244324e+00 2.767765e+00 1.007656e+00 1.278547e+05 1.045330e+01 -1.904279e-02 5.902052e-04
7.413066e+00 2.811600e+00 1.017009e+00 1.329423e+05 1.081744e+01 -3.107452e-02 5.851984e-04
7.585738e+00 2.854378e+00 1.015696e+00 1.364520e+05 1.140568e+01 -1.754600e-02 5.689859e-04
7.762433e+00 2.898092e+00 1.009974e+00 1.386608e+05 1.148717e+01 -1.160198e-02 5.419254e-04
7.943243e+00 2.943386e+00 1.015143e+00 1.421736e+05 1.160685e+01 -3.247237e-02 5.406141e-04
8.128264e+00 2.986870e+00 1.011083e+00 1.445983e+05 1.160176e+01 -3.903872e-02 5.441904e-04
8.317595e+00 3.032125e+00 1.013229e+00 1.484643e+05 1.161704e+01 -2.056414e-02 5.356073e-04
8.511337e+00 3.076859e+00 1.009911e+00 1.515316e+05 1.172654e+01 -2.007830e-02 5.373955e-04
8.709592e+00 3.121908e+00 1.001265e+00 1.520524e+05 1.244974e+01 1.408756e-02 4.904270e-04
8.912464e+00 3.168278e+00 1.007617e+00 1.566870e+05 1.248029e+01 1.136363e-02 5.062819e-04
9.120062e+00 3.215007e+00 9.947609e-01 1.571788e+05 1.306089e+01 -2.333403e-03 4.867315e-04
9.332495e+00 3.261073e+00 9.948107e-01 1.589737e+05 1.313729e+01 -1.414859e-02 4.875660e-04
9.549876e+00 3.307253e+00 9.938679e-01 1.635035e+05 1.402091e+01 6.845951e-03 4.843473e-04
9.772322e+00 3.354642e+00 9.928470e-01 1.679714e+05 1.464480e+01 -3.614831e-02 4.655123e-04
