#./overdamped_3d --dev=0 --amp=100.0 --omega=1.0 --force=0 --Dg=0.01 --block=256 --paths=65536 --periods=1000 --trans=100 --samples=100 --spp=1000 --algorithm=euler --pav=1 --mode=moments --domain=1d --domainx=l:-2:1:300:1 --domainy=a:0:10:100:0 --domainz=D:-6:-1:100:1 --q=2 --eps=0 --phi=1.57079632679 --lambda=0 --zeta=0.0333333333333 --comp=0 --mean=1.0 --second=3.14 --skew=0.99 --distribution=d>> comp_d_l:-2:1:300:1_1.0_0.0333333333333_100.0.dat
#l <<v>> qnu(q) mu_q Dx Gx EBx
1.000000e-02 1.003602e+00 1.006716e+00 6.345772e+05 5.048745e+01 -4.589438e-03 1.812339e-02
1.023293e-02 1.028122e+00 1.013840e+00 6.570347e+05 5.222701e+01 -2.762377e-03 1.782250e-02
1.047129e-02 9.855946e-01 1.009985e+00 5.826879e+05 4.623323e+01 4.702091e-03 1.723123e-02
1.071519e-02 1.007827e+00 1.008627e+00 5.960475e+05 4.735400e+01 1.321018e-02 1.678860e-02
1.096478e-02 1.032832e+00 1.006440e+00 6.082342e+05 4.842512e+01 2.162099e-03 1.636899e-02
1.122018e-02 9.861757e-01 1.006025e+00 5.460914e+05 4.492498e+01 -7.465422e-03 1.615572e-02
1.148153e-02 1.010194e+00 1.010964e+00 5.601566e+05 4.611451e+01 6.042719e-04 1.575959e-02
1.174897e-02 1.032793e+00 1.014127e+00 5.743899e+05 4.719740e+01 -4.640222e-04 1.545107e-02
1.202264e-02 9.820637e-01 1.021757e+00 5.112740e+05 4.065709e+01 -2.374828e-03 1.522255e-02
1.230269e-02 1.004993e+00 1.018309e+00 5.223919e+05 4.155472e+01 1.320386e-02 1.490629e-02
1.258925e-02 1.027674e+00 1.010805e+00 5.351774e+05 4.250010e+01 2.492595e-02 1.462734e-02
1.288249e-02 9.711534e-01 1.011818e+00 4.699305e+05 3.742337e+01 8.042097e-03 1.441383e-02
1.318256e-02 9.930392e-01 1.015014e+00 4.805711e+05 3.825766e+01 -1.353669e-02 1.406419e-02
1.348963e-02 1.015636e+00 1.007920e+00 4.877116e+05 3.875168e+01 -5.769134e-03 1.362467e-02
1.380384e-02 1.039005e+00 1.009101e+00 5.022764e+05 3.996126e+01 -2.482116e-03 1.349938e-02
1.412537e-02 9.748859e-01 1.007888e+00 4.225095e+05 3.348970e+01 5.687356e-03 1.295078e-02
1.445439e-02 9.974274e-01 1.020207e+00 4.441511e+05 3.526460e+01 -2.071321e-02 1.262748e-02
1.479108e-02 1.021378e+00 1.013173e+00 4.469232e+05 3.551383e+01 5.967617e-04 1.247001e-02
1.513561e-02 1.045976e+00 1.009171e+00 4.594606e+05 3.658144e+01 1.250017e-02 1.216090e-02
1.548816e-02 9.717962e-01 1.003439e+00 3.882585e+05 3.087224e+01 1.852965e-02 1.196313e-02
1.584893e-02 9.964038e-01 1.006391e+00 3.959287e+05 3.164669e+01 1.842046e-02 1.164734e-02
1.621809e-02 1.017938e+00 1.019716e+00 4.121328e+05 3.302688e+01 1.615298e-02 1.164865e-02
1.659586e-02 1.042199e+00 1.009338e+00 4.199288e+05 3.369756e+01 3.673911e-03 1.120996e-02
1.698243e-02 9.596566e-01 1.005424e+00 3.437812e+05 2.708371e+01 9.939432e-03 1.092505e-02
1.737800e-02 9.827656e-01 1.003354e+00 3.525095e+05 2.783047e+01 1.357889e-02 1.060402e-02
1.778278e-02 1.006019e+00 1.014596e+00 3.649265e+05 2.882614e+01 2.550721e-03 1.054597e-02
1.819700e-02 1.028277e+00 1.012567e+00 3.731438e+05 2.953629e+01 8.830428e-03 1.036429e-02
1.862086e-02 1.053389e+00 1.008812e+00 3.783471e+05 2.996506e+01 -1.212412e-02 9.946585e-03
1.905460e-02 9.587069e-01 1.003292e+00 3.002375e+05 2.390666e+01 -8.535087e-03 9.611368e-03
1.949843e-02 9.800884e-01 1.001758e+00 3.084068e+05 2.447166e+01 -9.431422e-03 9.427905e-03
1.995261e-02 1.003509e+00 1.023029e+00 3.210752e+05 2.545238e+01 -1.217097e-02 9.420037e-03
2.041737e-02 1.026373e+00 1.018702e+00 3.267802e+05 2.589451e+01 1.011527e-02 9.157181e-03
2.089295e-02 1.049473e+00 1.021799e+00 3.355054e+05 2.658842e+01 -9.585023e-04 8.949876e-03
2.137960e-02 9.398360e-01 1.024963e+00 2.642044e+05 2.142607e+01 5.979061e-03 8.868217e-03
2.187760e-02 9.614877e-01 1.027275e+00 2.701061e+05 2.198566e+01 2.033830e-03 8.591175e-03
2.238719e-02 9.839644e-01 1.017057e+00 2.756443e+05 2.250865e+01 -3.098130e-03 8.382201e-03
2.290866e-02 1.006879e+00 1.019230e+00 2.825559e+05 2.308001e+01 -2.085745e-02 8.211136e-03
2.344227e-02 1.030903e+00 1.017718e+00 2.866670e+05 2.336490e+01 -1.011837e-02 7.938743e-03
2.398831e-02 1.054498e+00 1.015553e+00 2.947105e+05 2.389011e+01 -2.479136e-03 7.825136e-03
2.454707e-02 9.245954e-01 1.018366e+00 2.221779e+05 1.771936e+01 -1.887608e-02 7.704377e-03
2.511884e-02 9.456412e-01 1.009851e+00 2.250597e+05 1.788106e+01 5.251288e-03 7.470250e-03
2.570393e-02 9.683377e-01 1.001775e+00 2.264850e+05 1.792276e+01 -4.727721e-03 7.219315e-03
2.630266e-02 9.914681e-01 1.001884e+00 2.322457e+05 1.841072e+01 -6.803036e-03 7.034659e-03
2.691532e-02 1.014728e+00 1.007344e+00 2.387114e+05 1.882612e+01 -4.333258e-05 6.858706e-03
2.754226e-02 1.038119e+00 1.013628e+00 2.455025e+05 1.938507e+01 -1.969677e-02 6.768584e-03
2.818380e-02 1.063046e+00 1.008840e+00 2.519240e+05 1.991983e+01 -2.876699e-02 6.647587e-03
2.884029e-02 1.088622e+00 1.009750e+00 2.587845e+05 2.053258e+01 -2.796257e-02 6.527662e-03
2.951206e-02 9.278797e-01 1.019702e+00 1.863922e+05 1.405497e+01 -1.660246e-02 6.465077e-03
3.019948e-02 9.491094e-01 1.014523e+00 1.900695e+05 1.441212e+01 -1.530987e-02 6.296992e-03
3.090292e-02 9.713252e-01 1.008644e+00 1.913247e+05 1.478836e+01 -1.099926e-02 6.066442e-03
3.162274e-02 9.935363e-01 9.964113e-01 1.943316e+05 1.542912e+01 -1.857936e-02 5.841494e-03
3.235933e-02 1.016789e+00 1.006281e+00 1.990537e+05 1.621598e+01 -8.084595e-03 5.818605e-03
3.311307e-02 1.039985e+00 1.008353e+00 2.037031e+05 1.689748e+01 -2.492416e-02 5.685806e-03
3.388438e-02 1.064362e+00 9.966853e-01 2.084626e+05 1.736858e+01 -1.579958e-02 5.533934e-03
3.467364e-02 1.089322e+00 1.006650e+00 2.158370e+05 1.761845e+01 -8.827567e-03 5.449533e-03
3.548130e-02 8.930221e-01 1.008871e+00 1.416847e+05 1.140027e+01 -2.616656e-02 5.433798e-03
3.630776e-02 9.136767e-01 1.005908e+00 1.457992e+05 1.174086e+01 -2.744293e-02 5.364180e-03
3.715347e-02 9.355060e-01 1.008405e+00 1.493678e+05 1.194999e+01 -4.741263e-02 5.216479e-03
3.801889e-02 9.558657e-01 1.012764e+00 1.538638e+05 1.225780e+01 -3.890544e-02 5.130887e-03
3.890447e-02 9.781851e-01 1.012457e+00 1.563898e+05 1.237430e+01 -3.215766e-02 4.997849e-03
3.981066e-02 1.001057e+00 1.014110e+00 1.605744e+05 1.267574e+01 -4.465860e-02 4.940391e-03
4.073797e-02 1.025050e+00 1.012802e+00 1.635894e+05 1.295139e+01 -3.641051e-02 4.790664e-03
4.168688e-02 1.048512e+00 1.012047e+00 1.680845e+05 1.328562e+01 -4.502958e-02 4.701734e-03
4.265789e-02 1.073451e+00 1.006920e+00 1.702237e+05 1.345209e+01 -2.894384e-02 4.549980e-03
4.365152e-02 1.097752e+00 9.976963e-01 1.726217e+05 1.366282e+01 -3.943956e-02 4.430175e-03
4.466829e-02 1.122924e+00 1.008779e+00 1.783384e+05 1.419471e+01 -4.968488e-02 4.336119e-03
4.570875e-02 8.623269e-01 1.017452e+00 1.040878e+05 8.233562e+00 -5.330878e-02 4.424572e-03
4.677344e-02 8.818110e-01 1.015019e+00 1.068194e+05 8.521792e+00 -5.105209e-02 4.285097e-03
4.786294e-02 9.017451e-01 1.004283e+00 1.078220e+05 8.628107e+00 -4.184210e-02 4.120827e-03
4.897781e-02 9.229524e-01 1.020810e+00 1.114565e+05 8.907583e+00 -3.258455e-02 4.049063e-03
5.011865e-02 9.442768e-01 1.005645e+00 1.126113e+05 8.934321e+00 -3.936338e-02 3.962994e-03
5.128606e-02 9.662925e-01 1.022310e+00 1.166102e+05 9.275550e+00 -3.403336e-02 3.926396e-03
5.248066e-02 9.896423e-01 1.023618e+00 1.203157e+05 9.484043e+00 -2.851486e-02 3.862381e-03
5.370309e-02 1.011880e+00 1.016652e+00 1.223294e+05 9.692535e+00 -1.810306e-02 3.754854e-03
5.495400e-02 1.036012e+00 1.023101e+00 1.261791e+05 9.994612e+00 -4.618174e-02 3.685236e-03
5.623404e-02 1.059922e+00 1.016605e+00 1.288848e+05 1.032884e+01 -2.601540e-02 3.601789e-03
5.754390e-02 1.085049e+00 1.019377e+00 1.312768e+05 1.064174e+01 -2.482980e-02 3.522396e-03
5.888427e-02 1.109986e+00 1.016596e+00 1.339571e+05 1.102307e+01 -3.732085e-02 3.454685e-03
6.025586e-02 1.135396e+00 1.021150e+00 1.365662e+05 1.111474e+01 -3.239024e-02 3.375888e-03
6.165939e-02 1.161544e+00 1.022884e+00 1.385769e+05 1.114148e+01 -3.058559e-02 3.279567e-03
6.309562e-02 1.187671e+00 1.011306e+00 1.429666e+05 1.142923e+01 -1.822591e-02 3.218770e-03
6.456531e-02 8.127312e-01 1.016126e+00 6.592192e+04 5.179379e+00 -3.010851e-02 3.332496e-03
6.606922e-02 8.308216e-01 1.007881e+00 6.609701e+04 5.317048e+00 -3.477335e-04 3.150582e-03
6.760818e-02 8.499581e-01 1.013474e+00 6.805267e+04 5.508830e+00 -3.968477e-04 3.082633e-03
6.918297e-02 8.695815e-01 9.997361e-01 6.838869e+04 5.627718e+00 7.541776e-03 2.962351e-03
7.079445e-02 8.896782e-01 1.005430e+00 7.038309e+04 5.787510e+00 2.013814e-02 2.890944e-03
7.244346e-02 9.107820e-01 1.004935e+00 7.210280e+04 5.887141e+00 3.511095e-02 2.830267e-03
7.413089e-02 9.313934e-01 1.000515e+00 7.350645e+04 5.911333e+00 1.492453e-02 2.802134e-03
7.585761e-02 9.533737e-01 1.017563e+00 7.558584e+04 6.002051e+00 -2.766013e-03 2.764583e-03
7.762456e-02 9.756259e-01 1.017009e+00 7.845559e+04 6.235054e+00 -3.390872e-02 2.722263e-03
7.943267e-02 9.979763e-01 1.006903e+00 7.870267e+04 6.127465e+00 -4.833341e-03 2.654910e-03
8.128289e-02 1.020599e+00 1.002878e+00 8.008149e+04 6.181578e+00 6.041288e-03 2.572894e-03
8.317621e-02 1.044452e+00 1.002844e+00 8.232795e+04 6.421265e+00 3.910542e-03 2.527118e-03
8.511363e-02 1.068452e+00 9.991414e-01 8.314773e+04 6.537448e+00 8.004785e-03 2.482891e-03
8.709618e-02 1.093554e+00 1.005794e+00 8.630857e+04 6.877721e+00 7.098317e-03 2.441049e-03
8.912491e-02 1.118735e+00 1.017486e+00 8.923184e+04 7.179161e+00 1.477432e-02 2.424955e-03
9.120089e-02 1.144549e+00 1.006406e+00 9.076605e+04 7.206217e+00 1.528978e-02 2.370238e-03
9.332523e-02 1.171646e+00 1.001574e+00 9.165369e+04 7.404842e+00 1.821923e-02 2.301335e-03
9.549905e-02 1.198460e+00 9.996522e-01 9.460016e+04 7.509567e+00 1.833546e-02 2.283096e-03
9.772351e-02 1.226207e+00 9.965874e-01 9.734302e+04 7.777265e+00 -3.231645e-03 2.244711e-03
9.999978e-02 1.254958e+00 9.977883e-01 1.003563e+05 7.982575e+00 4.143238e-03 2.186894e-03
1.023291e-01 1.283092e+00 1.007941e+00 1.038158e+05 8.303750e+00 3.057957e-03 2.185822e-03
1.047126e-01 1.311425e+00 1.013089e+00 1.073197e+05 8.655482e+00 1.179266e-02 2.145410e-03
1.071517e-01 6.772786e-01 1.020904e+00 2.858482e+04 2.321752e+00 -1.154542e-03 2.683759e-03
1.096476e-01 6.916810e-01 1.008009e+00 2.883095e+04 2.372523e+00 3.490698e-02 2.461433e-03
1.122016e-01 7.069574e-01 1.017267e+00 2.961453e+04 2.414699e+00 2.893865e-02 2.366424e-03
1.148151e-01 7.232207e-01 9.972791e-01 2.924734e+04 2.376820e+00 2.766800e-02 2.189398e-03
1.174895e-01 7.393861e-01 1.010579e+00 2.995131e+04 2.383663e+00 2.859867e-02 2.107978e-03
1.202262e-01 7.562999e-01 1.008929e+00 3.074436e+04 2.417245e+00 5.835509e-02 2.039433e-03
1.230266e-01 7.732057e-01 9.972282e-01 3.133212e+04 2.443187e+00 4.955828e-02 1.923323e-03
1.258922e-01 7.913617e-01 1.010675e+00 3.211925e+04 2.445256e+00 4.721439e-02 1.880527e-03
1.288246e-01 8.093748e-01 1.003394e+00 3.289491e+04 2.492048e+00 2.836955e-02 1.845241e-03
1.318253e-01 8.286964e-01 1.004397e+00 3.360503e+04 2.602183e+00 3.292775e-02 1.782656e-03
1.348960e-01 8.475316e-01 1.005533e+00 3.401015e+04 2.765795e+00 2.611363e-02 1.738071e-03
1.380381e-01 8.672801e-01 1.001908e+00 3.498672e+04 2.831207e+00 2.033961e-02 1.708627e-03
1.412534e-01 8.873127e-01 1.003006e+00 3.583242e+04 2.977311e+00 4.091978e-02 1.668930e-03
1.445436e-01 9.081830e-01 1.002787e+00 3.638594e+04 3.004209e+00 2.674329e-02 1.638770e-03
1.479105e-01 9.293359e-01 1.005123e+00 3.726802e+04 3.039541e+00 2.745283e-02 1.599193e-03
1.513557e-01 9.509037e-01 1.007382e+00 3.804555e+04 3.085696e+00 2.152145e-02 1.565218e-03
1.548813e-01 9.730516e-01 9.976186e-01 3.859553e+04 3.070417e+00 3.309596e-02 1.533389e-03
1.584889e-01 9.958559e-01 1.008253e+00 4.007765e+04 3.139809e+00 3.271866e-02 1.542807e-03
1.621806e-01 1.018924e+00 9.911717e-01 4.005191e+04 3.065006e+00 1.494181e-02 1.449943e-03
1.659582e-01 1.042384e+00 1.000471e+00 4.140068e+04 3.178643e+00 1.843131e-02 1.447678e-03
1.698239e-01 1.066764e+00 1.012862e+00 4.276609e+04 3.330476e+00 -1.238167e-03 1.434088e-03
1.737796e-01 1.091780e+00 9.981214e-01 4.303236e+04 3.412600e+00 1.322865e-03 1.389027e-03
1.778274e-01 1.117573e+00 1.005588e+00 4.449031e+04 3.615682e+00 -1.835907e-02 1.398683e-03
1.819696e-01 1.143318e+00 1.000360e+00 4.502241e+04 3.499181e+00 -2.036667e-02 1.368999e-03
1.862082e-01 1.170058e+00 9.946297e-01 4.573596e+04 3.630006e+00 7.401586e-03 1.330495e-03
1.905455e-01 1.196851e+00 9.996670e-01 4.690017e+04 3.825130e+00 1.140833e-02 1.299500e-03
1.949839e-01 1.224840e+00 9.921370e-01 4.778610e+04 3.803485e+00 -1.212573e-02 1.293659e-03
1.995257e-01 1.253371e+00 9.977593e-01 4.957801e+04 3.957547e+00 5.795956e-04 1.291633e-03
2.041732e-01 1.282651e+00 9.919066e-01 4.978950e+04 4.009431e+00 -7.694185e-03 1.254916e-03
2.089290e-01 1.312478e+00 9.925302e-01 5.107808e+04 4.126569e+00 -1.572698e-02 1.229525e-03
2.137956e-01 1.342095e+00 9.909138e-01 5.223328e+04 4.219516e+00 -1.687634e-02 1.194000e-03
2.187755e-01 1.373001e+00 9.887967e-01 5.288176e+04 4.190231e+00 -2.426237e-02 1.172423e-03
2.238715e-01 1.405308e+00 1.005990e+00 5.557045e+04 4.371031e+00 -1.204014e-02 1.175165e-03
2.290861e-01 1.435813e+00 1.006684e+00 5.682210e+04 4.360845e+00 -2.570695e-02 1.146078e-03
2.344222e-01 1.469059e+00 1.005945e+00 5.850205e+04 4.327741e+00 -2.577788e-02 1.151800e-03
2.398826e-01 1.503380e+00 1.007436e+00 6.010313e+04 4.605307e+00 -4.605001e-02 1.112461e-03
2.454701e-01 1.535847e+00 1.013224e+00 6.157837e+04 4.553741e+00 -3.572202e-02 1.092196e-03
2.511879e-01 1.571199e+00 1.016222e+00 6.352821e+04 5.054124e+00 -2.754056e-02 1.075983e-03
2.570388e-01 1.606467e+00 1.024694e+00 6.520592e+04 5.532862e+00 -3.679883e-02 1.067877e-03
2.630260e-01 1.643048e+00 1.020824e+00 6.631278e+04 5.497848e+00 -4.953575e-02 1.025319e-03
2.691526e-01 1.680268e+00 1.019587e+00 6.777402e+04 5.679922e+00 -3.947395e-02 1.021624e-03
2.754220e-01 1.716847e+00 1.004979e+00 6.724573e+04 5.555144e+00 -2.760834e-02 9.732246e-04
2.818374e-01 1.753872e+00 1.005561e+00 6.859884e+04 5.726395e+00 -1.264995e-02 9.676218e-04
2.884022e-01 1.793715e+00 1.006971e+00 7.016566e+04 5.954305e+00 -4.674196e-03 9.381771e-04
2.951200e-01 1.831454e+00 1.000906e+00 7.071645e+04 5.635994e+00 -3.068966e-02 9.053946e-04
3.019942e-01 1.870078e+00 1.003010e+00 7.120571e+04 5.677375e+00 -2.971822e-02 8.858442e-04
3.090285e-01 1.906564e+00 1.010063e+00 7.376896e+04 5.870907e+00 -2.648544e-02 8.617640e-04
3.162267e-01 1.760540e+00 1.002401e+00 6.584001e+04 5.466654e+00 -2.083635e-02 8.609295e-04
3.235926e-01 4.625287e-02 9.954589e-01 1.861974e+03 1.493557e-01 -3.290284e-02 7.064342e-03
3.311300e-01 3.713346e-02 9.703807e-01 1.464804e+03 1.176006e-01 -2.901775e-02 9.015799e-03
3.388430e-01 3.333997e-02 9.837570e-01 1.347303e+03 1.078483e-01 -9.499192e-03 1.064646e-02
3.467357e-01 3.028083e-02 9.746885e-01 1.219378e+03 9.723496e-02 -1.861835e-02 1.190650e-02
3.548122e-01 2.703238e-02 9.788782e-01 1.086282e+03 8.638554e-02 -3.137213e-02 1.318192e-02
3.630768e-01 2.800851e-02 9.873114e-01 1.130359e+03 8.993015e-02 -1.922590e-02 1.409197e-02
3.715340e-01 2.421664e-02 9.763860e-01 9.659261e+02 7.683205e-02 -3.034484e-02 1.523030e-02
3.801881e-01 2.528333e-02 9.744689e-01 1.004512e+03 7.985335e-02 -3.781873e-02 1.586747e-02
3.890438e-01 2.229142e-02 9.803525e-01 8.971148e+02 7.136405e-02 -2.223897e-02 1.742780e-02
3.981058e-01 2.164600e-02 9.652189e-01 8.468288e+02 6.739575e-02 -3.258562e-02 1.796961e-02
4.073789e-01 2.266962e-02 9.766766e-01 8.926234e+02 7.096849e-02 -2.117962e-02 1.849878e-02
4.168679e-01 2.288607e-02 9.752592e-01 9.015975e+02 7.168034e-02 -3.126574e-02 1.924801e-02
4.265780e-01 1.797703e-02 9.826370e-01 7.213903e+02 5.749068e-02 -4.422951e-02 2.135432e-02
4.365143e-01 1.876568e-02 9.747416e-01 7.432721e+02 5.922810e-02 -5.249321e-02 2.168024e-02
4.466820e-01 1.961433e-02 9.901804e-01 7.883167e+02 6.280543e-02 -1.513797e-02 2.247250e-02
4.570865e-01 2.053697e-02 9.684998e-01 8.081844e+02 6.437009e-02 -1.440775e-02 2.251673e-02
4.677334e-01 1.480068e-02 9.584328e-01 5.814517e+02 4.634517e-02 1.863158e-02 2.493703e-02
4.786283e-01 1.380683e-02 9.742829e-01 5.542062e+02 4.418721e-02 1.079857e-02 2.670169e-02
4.897770e-01 1.434598e-02 9.732344e-01 5.739169e+02 4.575098e-02 1.429272e-02 2.741468e-02
5.011854e-01 1.496457e-02 9.652256e-01 5.952592e+02 4.744402e-02 2.269042e-02 2.758133e-02
5.128595e-01 1.562572e-02 9.667084e-01 6.205223e+02 4.946097e-02 3.257334e-02 2.794313e-02
5.248055e-01 1.635165e-02 9.648911e-01 6.441862e+02 5.134721e-02 3.644526e-02 2.826381e-02
5.370297e-01 8.209781e-03 9.391203e-01 3.322504e+02 2.641057e-02 2.002120e-03 3.247738e-02
5.495388e-01 6.336714e-03 9.434353e-01 2.674465e+02 2.127181e-02 2.357674e-02 3.444445e-02
5.623392e-01 6.536994e-03 9.371242e-01 2.687203e+02 2.137176e-02 5.115438e-02 3.520787e-02
5.754377e-01 6.731455e-03 9.402459e-01 2.778078e+02 2.210023e-02 4.804313e-02 3.651083e-02
5.888414e-01 7.022081e-03 9.531341e-01 2.917549e+02 2.320534e-02 3.147030e-02 3.809321e-02
6.025573e-01 7.337163e-03 9.475242e-01 3.037880e+02 2.416515e-02 3.840125e-02 3.914773e-02
6.165926e-01 7.659595e-03 9.543639e-01 3.144274e+02 2.500747e-02 2.158165e-02 3.991854e-02
6.309550e-01 7.800425e-03 9.577208e-01 3.239951e+02 2.575672e-02 2.340174e-02 4.058886e-02
6.456518e-01 4.350754e-04 4.936525e-01 2.338729e+01 1.860448e-03 1.685673e-01 2.097988e-02
6.606910e-01 3.466898e-04 4.513235e-01 2.059329e+01 1.638583e-03 3.310750e-01 2.023911e-02
6.760805e-01 3.028587e-04 4.152147e-01 1.865298e+01 1.484137e-03 2.800845e-01 1.979172e-02
6.918284e-01 2.849544e-04 4.312558e-01 1.869872e+01 1.487844e-03 4.481589e-01 1.990628e-02
7.079431e-01 2.247789e-04 3.712435e-01 1.623375e+01 1.291606e-03 4.359877e-01 1.869059e-02
7.244333e-01 1.432308e-04 2.797487e-01 1.305501e+01 1.038918e-03 4.171922e-01 1.743245e-02
7.413075e-01 1.508624e-04 2.895805e-01 1.333570e+01 1.061210e-03 3.284564e-01 1.752651e-02
7.585748e-01 1.502331e-04 2.906784e-01 1.327661e+01 1.056489e-03 3.724337e-01 1.768780e-02
7.762442e-01 1.167907e-04 2.532475e-01 1.219983e+01 9.708758e-04 4.131230e-01 1.717508e-02
7.943253e-01 1.196073e-04 2.565705e-01 1.234881e+01 9.827433e-04 4.666001e-01 1.692998e-02
8.128275e-01 7.035466e-05 1.735997e-01 1.029919e+01 8.196698e-04 3.251350e-01 1.573825e-02
8.317607e-01 7.323017e-05 1.751712e-01 1.041833e+01 8.291733e-04 3.041490e-01 1.558995e-02
8.511349e-01 1.651004e-05 4.465136e-02 8.043037e+00 6.400676e-04 -5.953330e-02 1.373494e-02
8.709604e-01 1.236517e-05 3.590350e-02 7.919279e+00 6.302692e-04 -9.477735e-02 1.318538e-02
8.912476e-01 2.243456e-05 6.202567e-02 8.347785e+00 6.643644e-04 -1.760817e-02 1.362526e-02
9.120075e-01 2.091661e-05 5.485063e-02 8.286764e+00 6.595097e-04 -1.266825e-02 1.330125e-02
9.332508e-01 3.141394e-05 8.377039e-02 8.655137e+00 6.888036e-04 5.429924e-02 1.355135e-02
9.549890e-01 1.828914e-05 5.296822e-02 8.167395e+00 6.500136e-04 -1.200169e-02 1.305175e-02
9.772336e-01 5.178801e-06 1.462111e-02 7.670506e+00 6.104230e-04 -1.799271e-01 1.199126e-02
9.999962e-01 1.604589e-06 5.361320e-03 7.545861e+00 6.005083e-04 -2.193063e-01 1.170599e-02
1.023289e+00 1.837700e-06 4.496274e-03 7.514504e+00 5.980742e-04 -2.171358e-01 1.152170e-02
1.047125e+00 1.563523e-06 4.596137e-03 7.539630e+00 5.999972e-04 -2.130556e-01 1.134133e-02
1.071515e+00 1.491637e-06 3.566200e-03 7.466707e+00 5.942200e-04 -2.063513e-01 1.113296e-02
1.096474e+00 1.083681e-06 2.884030e-03 7.439550e+00 5.920347e-04 -2.069587e-01 1.084924e-02
1.122014e+00 3.056720e-08 4.682228e-04 7.529315e+00 5.992799e-04 -2.492703e-01 1.047635e-02
1.148149e+00 7.129537e-08 -1.899736e-04 7.429948e+00 5.913954e-04 -2.272078e-01 1.043427e-02
1.174893e+00 3.436175e-08 5.193452e-05 7.492537e+00 5.963573e-04 -2.413897e-01 1.006055e-02
1.202260e+00 -4.890753e-09 3.223650e-04 7.453706e+00 5.931679e-04 -2.318892e-01 9.978294e-03
1.230264e+00 -2.297811e-08 1.533634e-04 7.423208e+00 5.907846e-04 -2.251489e-01 9.666800e-03
1.258921e+00 -1.138786e-07 -2.415393e-05 7.452282e+00 5.930591e-04 -2.324148e-01 9.623528e-03
1.288245e+00 -1.307012e-08 1.175068e-04 7.486843e+00 5.958895e-04 -2.400059e-01 9.461403e-03
1.318252e+00 1.332308e-08 -3.025161e-04 7.428005e+00 5.912386e-04 -2.272934e-01 9.260774e-03
1.348958e+00 -2.512835e-08 -2.397559e-04 7.433097e+00 5.916193e-04 -2.283667e-01 9.118795e-03
1.380379e+00 5.362963e-08 -3.050131e-05 7.455817e+00 5.934365e-04 -2.332551e-01 8.886337e-03
1.412532e+00 -3.765036e-08 -3.621456e-05 7.491215e+00 5.962508e-04 -2.415884e-01 8.674026e-03
1.445434e+00 -6.442302e-08 5.111905e-06 7.393494e+00 5.884549e-04 -2.183316e-01 8.531570e-03
1.479103e+00 1.054042e-08 1.757233e-04 7.428312e+00 5.912390e-04 -2.266623e-01 8.329153e-03
1.513556e+00 -9.165945e-08 2.218517e-04 7.404665e+00 5.893536e-04 -2.207650e-01 8.205533e-03
1.548811e+00 5.881552e-08 -1.312950e-04 7.470735e+00 5.945071e-04 -2.370874e-01 7.981420e-03
1.584887e+00 -2.280946e-08 3.149056e-04 7.464652e+00 5.941534e-04 -2.348230e-01 7.785797e-03
1.621804e+00 -7.234942e-08 1.027148e-04 7.459863e+00 5.937522e-04 -2.341663e-01 7.699609e-03
1.659581e+00 6.695272e-08 1.476910e-04 7.439331e+00 5.920648e-04 -2.294544e-01 7.547259e-03
1.698237e+00 1.222688e-09 -1.892112e-05 7.461156e+00 5.938628e-04 -2.347830e-01 7.309556e-03
1.737795e+00 -6.788027e-09 1.119494e-04 7.465940e+00 5.942266e-04 -2.356076e-01 7.248282e-03
1.778273e+00 -1.003448e-08 9.667190e-05 7.462990e+00 5.939995e-04 -2.350684e-01 6.994128e-03
1.819694e+00 -3.967412e-08 1.421304e-04 7.454182e+00 5.932561e-04 -2.329827e-01 6.881356e-03
1.862080e+00 7.230725e-08 -5.208935e-04 7.423555e+00 5.908954e-04 -2.270331e-01 6.759405e-03
1.905454e+00 -9.052109e-08 -4.295031e-06 7.426134e+00 5.910752e-04 -2.268648e-01 6.618261e-03
1.949837e+00 8.095039e-09 -1.760948e-04 7.494723e+00 5.964985e-04 -2.431945e-01 6.424785e-03
1.995255e+00 -7.631261e-09 1.877954e-04 7.478166e+00 5.951202e-04 -2.386166e-01 6.388307e-03
2.041730e+00 -7.896880e-08 1.387658e-05 7.452192e+00 5.930522e-04 -2.330034e-01 6.204724e-03
2.089288e+00 -1.349173e-08 1.793725e-05 7.512639e+00 5.978910e-04 -2.472681e-01 6.057262e-03
2.137954e+00 -7.643909e-08 -1.024220e-04 7.421696e+00 5.906778e-04 -2.261211e-01 5.927086e-03
2.187753e+00 -3.018775e-08 1.466109e-05 7.406558e+00 5.894426e-04 -2.221861e-01 5.755663e-03
2.238713e+00 9.697183e-09 7.911965e-06 7.419738e+00 5.904700e-04 -2.254796e-01 5.684495e-03
2.290859e+00 3.520499e-08 3.467198e-05 7.427555e+00 5.911802e-04 -2.273195e-01 5.505204e-03
2.344220e+00 5.797229e-08 -2.725653e-04 7.408811e+00 5.895908e-04 -2.232530e-01 5.423069e-03
2.398823e+00 4.890753e-08 -1.703930e-04 7.422696e+00 5.907754e-04 -2.265544e-01 5.265832e-03
2.454699e+00 -8.896111e-09 1.241729e-04 7.444584e+00 5.924082e-04 -2.312650e-01 5.198359e-03
2.511877e+00 -4.216166e-09 3.246867e-05 7.399327e+00 5.889547e-04 -2.205651e-01 5.122662e-03
2.570385e+00 5.653879e-08 -1.507707e-04 7.425067e+00 5.909991e-04 -2.271125e-01 4.933834e-03
2.630257e+00 5.375612e-08 -1.974666e-04 7.453157e+00 5.932152e-04 -2.337428e-01 4.853249e-03
2.691524e+00 2.951316e-08 -6.905682e-05 7.441605e+00 5.921857e-04 -2.309780e-01 4.740238e-03
2.754218e+00 -4.958212e-08 8.123215e-05 7.412601e+00 5.898690e-04 -2.237601e-01 4.587412e-03
2.818372e+00 -6.113441e-09 1.411027e-04 7.423316e+00 5.908126e-04 -2.262973e-01 4.552722e-03
2.884020e+00 4.764268e-09 8.551170e-05 7.402913e+00 5.891875e-04 -2.213714e-01 4.345417e-03
2.951197e+00 -6.008037e-08 -2.373834e-04 7.439511e+00 5.920357e-04 -2.307500e-01 4.301786e-03
3.019939e+00 -2.124948e-08 -1.591027e-04 7.450917e+00 5.930091e-04 -2.332529e-01 4.229188e-03
3.090283e+00 2.584510e-08 -3.687548e-04 7.440319e+00 5.920735e-04 -2.311688e-01 4.085422e-03
3.162264e+00 -8.811788e-09 -1.868336e-05 7.437523e+00 5.918787e-04 -2.299989e-01 3.981948e-03
3.235923e+00 6.745866e-09 1.506321e-05 7.451992e+00 5.930547e-04 -2.333409e-01 3.975868e-03
3.311297e+00 -2.361053e-09 -1.063127e-04 7.456727e+00 5.934929e-04 -2.345533e-01 3.857017e-03
3.388427e+00 -5.586420e-08 1.153394e-04 7.427133e+00 5.911445e-04 -2.273530e-01 3.728747e-03
3.467354e+00 -1.783438e-08 -3.884171e-05 7.457464e+00 5.935546e-04 -2.346734e-01 3.664851e-03
3.548119e+00 1.167878e-08 -1.893595e-04 7.446096e+00 5.925429e-04 -2.324343e-01 3.595710e-03
3.630765e+00 8.558818e-09 1.171295e-04 7.447955e+00 5.926917e-04 -2.323177e-01 3.524661e-03
3.715336e+00 5.046751e-08 -4.298417e-05 7.416220e+00 5.901498e-04 -2.250429e-01 3.418684e-03
3.801878e+00 -3.533147e-08 7.714344e-05 7.459525e+00 5.937095e-04 -2.350605e-01 3.370047e-03
3.890435e+00 -3.297042e-08 2.540854e-04 7.446802e+00 5.926099e-04 -2.319047e-01 3.277302e-03
3.981055e+00 -6.581435e-08 -6.652570e-05 7.418662e+00 5.903665e-04 -2.257398e-01 3.199697e-03
4.073785e+00 -7.694504e-08 -2.076384e-04 7.377720e+00 5.871041e-04 -2.159279e-01 3.118277e-03
4.168675e+00 -3.676497e-08 1.458883e-04 7.426560e+00 5.911003e-04 -2.273132e-01 3.028750e-03
4.265777e+00 -3.132611e-08 8.849163e-05 7.465268e+00 5.941527e-04 -2.363603e-01 2.969861e-03
4.365139e+00 3.541580e-09 2.238922e-04 7.428243e+00 5.912311e-04 -2.276161e-01 2.923250e-03
4.466816e+00 3.722875e-08 2.695265e-05 7.421925e+00 5.906956e-04 -2.264451e-01 2.856493e-03
4.570861e+00 -2.116515e-08 9.054255e-05 7.471509e+00 5.945816e-04 -2.378988e-01 2.759457e-03
4.677330e+00 -3.625903e-09 -9.192919e-05 7.416865e+00 5.902180e-04 -2.254407e-01 2.719283e-03
4.786279e+00 4.157140e-08 2.909692e-04 7.465680e+00 5.941933e-04 -2.362158e-01 2.629280e-03
4.897766e+00 1.884626e-08 -1.217451e-04 7.474060e+00 5.947637e-04 -2.389097e-01 2.594471e-03
5.011849e+00 4.013790e-08 -1.272079e-04 7.454092e+00 5.932918e-04 -2.342519e-01 2.547264e-03
5.128591e+00 -2.673049e-08 -5.528893e-05 7.453502e+00 5.932124e-04 -2.341070e-01 2.470016e-03
5.248051e+00 3.583741e-08 -1.632297e-04 7.436723e+00 5.918139e-04 -2.302940e-01 2.442360e-03
5.370293e+00 -2.500187e-08 -1.127149e-04 7.455656e+00 5.934106e-04 -2.346384e-01 2.323031e-03
5.495383e+00 5.375612e-08 -8.589560e-06 7.474125e+00 5.947609e-04 -2.387555e-01 2.289414e-03
5.623387e+00 3.187422e-08 1.224591e-04 7.428696e+00 5.912447e-04 -2.280325e-01 2.237916e-03
5.754373e+00 -1.893059e-08 3.702330e-06 7.374833e+00 5.868985e-04 -2.150872e-01 2.194643e-03
5.888409e+00 3.394014e-08 5.575876e-05 7.409206e+00 5.896199e-04 -2.233738e-01 2.149224e-03
6.025568e+00 4.182437e-08 1.634747e-04 7.486443e+00 5.958501e-04 -2.413944e-01 2.069116e-03
6.165921e+00 -1.484091e-08 1.503177e-05 7.402085e+00 5.891316e-04 -2.217055e-01 2.022743e-03
6.309543e+00 3.297042e-08 -9.965290e-05 7.442939e+00 5.922796e-04 -2.318565e-01 2.016544e-03
6.456511e+00 4.793781e-08 -3.959994e-05 7.451735e+00 5.930706e-04 -2.336804e-01 1.942754e-03
6.606903e+00 -3.119963e-08 -2.563705e-04 7.443864e+00 5.923526e-04 -2.322961e-01 1.907945e-03
6.760797e+00 9.697182e-10 7.326718e-05 7.428887e+00 5.912734e-04 -2.282316e-01 1.845479e-03
6.918276e+00 -1.374470e-08 4.465419e-05 7.532270e+00 5.993944e-04 -2.525458e-01 1.804471e-03
7.079423e+00 2.622455e-08 2.914461e-06 7.399827e+00 5.889266e-04 -2.212588e-01 1.785040e-03
7.244324e+00 -4.755836e-08 -6.064942e-05 7.451160e+00 5.929917e-04 -2.336752e-01 1.738548e-03
7.413066e+00 -4.384813e-09 -4.882388e-06 7.359868e+00 5.857793e-04 -2.115101e-01 1.707792e-03
7.585738e+00 1.307011e-09 -1.680493e-04 7.426741e+00 5.911068e-04 -2.281047e-01 1.680017e-03
7.762433e+00 -1.559981e-08 -1.570372e-04 7.395460e+00 5.886176e-04 -2.204713e-01 1.609921e-03
7.943243e+00 -4.523946e-08 -1.352419e-04 7.460371e+00 5.937628e-04 -2.357667e-01 1.554251e-03
8.128264e+00 -1.041393e-08 -1.740869e-04 7.439093e+00 5.919791e-04 -2.310329e-01 1.555681e-03
8.317595e+00 2.247217e-08 1.550443e-04 7.456647e+00 5.934557e-04 -2.346043e-01 1.522899e-03
8.511337e+00 1.522036e-08 -5.854057e-05 7.406061e+00 5.893665e-04 -2.228877e-01 1.463056e-03
8.709592e+00 -3.162125e-08 3.298292e-05 7.428532e+00 5.912338e-04 -2.282525e-01 1.454353e-03
8.912464e+00 -5.586420e-08 6.640907e-06 7.440391e+00 5.920780e-04 -2.310945e-01 1.410961e-03
9.120062e+00 -8.432333e-10 1.037448e-04 7.411876e+00 5.897910e-04 -2.240657e-01 1.382113e-03
9.332495e+00 -4.578757e-08 -2.150176e-04 7.465849e+00 5.941407e-04 -2.372830e-01 1.342416e-03
9.549876e+00 -1.446145e-08 -2.112079e-04 7.486487e+00 5.958266e-04 -2.422090e-01 1.307487e-03
9.772322e+00 -7.315048e-08 -6.255360e-05 7.443365e+00 5.923188e-04 -2.320001e-01 1.290321e-03
