#./overdamped_3d --dev=0 --amp=100.0 --omega=1.0 --force=0 --Dg=0.01 --block=256 --paths=65536 --periods=1000 --trans=100 --samples=100 --spp=1000 --algorithm=euler --pav=1 --mode=moments --domain=1d --domainx=l:-2:1:300:1 --domainy=a:0:10:100:0 --domainz=D:-6:-1:100:1 --q=2 --eps=0 --phi=1.57079632679 --lambda=0 --zeta=0.0333333333333 --comp=0 --mean=1.0 --second=3.14 --skew=0.99 --distribution=e>> comp_e_l:-2:1:300:1_1.0_0.0333333333333_100.0.dat
#l <<v>> qnu(q) mu_q Dx Gx EBx
1.000000e-02 9.993758e-01 1.008774e+00 1.274483e+06 1.015087e+02 3.773510e-02 1.067456e-01
1.023293e-02 9.995812e-01 1.005392e+00 1.234013e+06 9.820210e+01 2.366352e-02 1.038580e-01
1.047129e-02 1.000540e+00 1.008564e+00 1.220759e+06 9.713258e+01 3.786349e-02 1.021223e-01
1.071519e-02 9.995683e-01 1.007101e+00 1.189807e+06 9.472615e+01 1.990104e-02 9.956110e-02
1.096478e-02 9.995767e-01 1.013091e+00 1.173253e+06 9.342013e+01 -6.994605e-03 9.730542e-02
1.122018e-02 1.000342e+00 1.011292e+00 1.160479e+06 9.238880e+01 -1.153433e-02 9.513211e-02
1.148153e-02 9.987746e-01 1.017004e+00 1.131750e+06 9.009921e+01 1.648128e-02 9.373856e-02
1.174897e-02 9.995870e-01 1.012610e+00 1.111723e+06 8.846754e+01 1.495194e-02 9.209132e-02
1.202264e-02 1.000373e+00 1.014722e+00 1.086614e+06 8.656055e+01 1.858759e-02 8.924496e-02
1.230269e-02 9.993595e-01 1.017615e+00 1.054769e+06 8.397874e+01 3.029883e-02 8.746767e-02
1.258925e-02 9.988731e-01 1.019085e+00 1.032730e+06 8.220925e+01 1.596653e-02 8.549428e-02
1.288249e-02 9.996127e-01 1.017100e+00 1.011832e+06 8.055850e+01 4.752398e-03 8.390820e-02
1.318256e-02 9.994333e-01 1.003285e+00 9.685718e+05 7.709720e+01 1.748133e-02 8.076608e-02
1.348963e-02 1.000695e+00 1.005351e+00 9.541588e+05 7.594778e+01 -4.443347e-03 7.970858e-02
1.380384e-02 9.993366e-01 1.007504e+00 9.175821e+05 7.306771e+01 3.868341e-03 7.591665e-02
1.412537e-02 1.000144e+00 1.004694e+00 8.915841e+05 7.095190e+01 1.136601e-02 7.492316e-02
1.445439e-02 9.992556e-01 1.008717e+00 8.824689e+05 7.022170e+01 5.719900e-03 7.414091e-02
1.479108e-02 9.988227e-01 1.002676e+00 8.482082e+05 6.755077e+01 4.382133e-04 7.100379e-02
1.513561e-02 9.991266e-01 1.008731e+00 8.293524e+05 6.599359e+01 1.502907e-02 6.938803e-02
1.548816e-02 9.994257e-01 1.012233e+00 8.163470e+05 6.498328e+01 1.087177e-02 6.819355e-02
1.584893e-02 9.993544e-01 1.012138e+00 8.053779e+05 6.415854e+01 1.424491e-02 6.765389e-02
1.621809e-02 9.990183e-01 1.008066e+00 7.791531e+05 6.203350e+01 -1.044643e-02 6.492710e-02
1.659586e-02 9.991043e-01 1.003580e+00 7.684734e+05 6.118425e+01 -2.397060e-03 6.354773e-02
1.698243e-02 9.992791e-01 1.015179e+00 7.525861e+05 5.995239e+01 -1.377815e-02 6.311834e-02
1.737800e-02 1.000067e+00 1.012825e+00 7.372673e+05 5.866483e+01 2.635837e-03 6.167018e-02
1.778278e-02 9.990630e-01 1.016740e+00 7.233666e+05 5.762587e+01 4.283190e-03 6.069338e-02
1.819700e-02 9.986419e-01 1.005907e+00 6.967192e+05 5.548491e+01 -2.315402e-03 5.878222e-02
1.862086e-02 9.995469e-01 1.012571e+00 6.854436e+05 5.460670e+01 -2.622664e-03 5.763292e-02
1.905460e-02 9.988202e-01 1.003986e+00 6.585721e+05 5.243901e+01 -1.182997e-02 5.598938e-02
1.949843e-02 9.996894e-01 1.008779e+00 6.505989e+05 5.184122e+01 -6.335497e-03 5.495226e-02
1.995261e-02 9.996656e-01 1.017575e+00 6.368399e+05 5.070613e+01 -8.290172e-03 5.383539e-02
2.041737e-02 9.972413e-01 1.014971e+00 6.214714e+05 4.948063e+01 1.706004e-03 5.279136e-02
2.089295e-02 9.999160e-01 1.006895e+00 6.074258e+05 4.837801e+01 1.952887e-03 5.119753e-02
2.137960e-02 9.988434e-01 1.017616e+00 5.991702e+05 4.771465e+01 -7.588863e-03 5.005372e-02
2.187760e-02 9.992999e-01 1.013725e+00 5.786697e+05 4.608076e+01 3.343296e-02 4.853427e-02
2.238719e-02 9.988849e-01 1.017829e+00 5.662490e+05 4.504276e+01 9.154439e-03 4.744124e-02
2.290866e-02 9.990276e-01 1.009486e+00 5.483675e+05 4.367212e+01 1.377523e-02 4.587674e-02
2.344227e-02 9.983672e-01 1.008125e+00 5.284068e+05 4.205478e+01 -2.007544e-02 4.465497e-02
2.398831e-02 9.987546e-01 1.015005e+00 5.260331e+05 4.183897e+01 2.930880e-03 4.409254e-02
2.454707e-02 9.995462e-01 1.015788e+00 5.130422e+05 4.082261e+01 1.764154e-02 4.327810e-02
2.511884e-02 9.984128e-01 1.003898e+00 4.958033e+05 3.944719e+01 5.083442e-03 4.190361e-02
2.570393e-02 9.987658e-01 1.004301e+00 4.814708e+05 3.830223e+01 5.900860e-03 4.085314e-02
2.630266e-02 9.991332e-01 1.004822e+00 4.746932e+05 3.781139e+01 8.139968e-03 4.020953e-02
2.691532e-02 9.985622e-01 1.007407e+00 4.637176e+05 3.692617e+01 2.458000e-02 3.906071e-02
2.754226e-02 9.992911e-01 1.003466e+00 4.511970e+05 3.593718e+01 3.698981e-02 3.786588e-02
2.818380e-02 9.992179e-01 1.005764e+00 4.426720e+05 3.526014e+01 2.424335e-02 3.707623e-02
2.884029e-02 9.977325e-01 1.012349e+00 4.366746e+05 3.481132e+01 2.662146e-02 3.656316e-02
2.951206e-02 9.987605e-01 1.018715e+00 4.271991e+05 3.403592e+01 4.128337e-02 3.605533e-02
3.019948e-02 9.978020e-01 1.013796e+00 4.159221e+05 3.308927e+01 3.770983e-02 3.516865e-02
3.090292e-02 9.976770e-01 1.011288e+00 4.076169e+05 3.247843e+01 4.231048e-02 3.438914e-02
3.162274e-02 9.981176e-01 9.997654e-01 3.973242e+05 3.164637e+01 3.043318e-02 3.313434e-02
3.235933e-02 9.982060e-01 1.002533e+00 3.871518e+05 3.077515e+01 3.202736e-02 3.237796e-02
3.311307e-02 9.982550e-01 1.010342e+00 3.827858e+05 3.044602e+01 2.798748e-02 3.187382e-02
3.388438e-02 9.984623e-01 1.011342e+00 3.742798e+05 2.977725e+01 5.871654e-03 3.114963e-02
3.467364e-02 9.978420e-01 9.992772e-01 3.617722e+05 2.880577e+01 2.078772e-02 2.998304e-02
3.548130e-02 9.984557e-01 1.005163e+00 3.560722e+05 2.832831e+01 1.023614e-02 2.935636e-02
3.630776e-02 9.976038e-01 1.012691e+00 3.476649e+05 2.764840e+01 2.243614e-02 2.862358e-02
3.715347e-02 9.981492e-01 1.002202e+00 3.371567e+05 2.686695e+01 2.383399e-02 2.791727e-02
3.801889e-02 9.980624e-01 1.007904e+00 3.304938e+05 2.631531e+01 2.617133e-02 2.735233e-02
3.890447e-02 9.975603e-01 9.985578e-01 3.219339e+05 2.569493e+01 1.461875e-02 2.674985e-02
3.981066e-02 9.975927e-01 1.012229e+00 3.185083e+05 2.539572e+01 2.987742e-02 2.648568e-02
4.073797e-02 9.974442e-01 1.011486e+00 3.138463e+05 2.498064e+01 1.520729e-02 2.586770e-02
4.168688e-02 9.968424e-01 1.007605e+00 3.002268e+05 2.388884e+01 2.109003e-02 2.495015e-02
4.265789e-02 9.968548e-01 1.007102e+00 2.977153e+05 2.373573e+01 8.831263e-03 2.454984e-02
4.365152e-02 9.965737e-01 1.011953e+00 2.867138e+05 2.284956e+01 7.865191e-03 2.383888e-02
4.466829e-02 9.963564e-01 1.006246e+00 2.783842e+05 2.215055e+01 1.289761e-02 2.329230e-02
4.570875e-02 9.967830e-01 1.009514e+00 2.738924e+05 2.179786e+01 3.224730e-03 2.267551e-02
4.677344e-02 9.967995e-01 1.001934e+00 2.644192e+05 2.102564e+01 -5.319774e-03 2.196968e-02
4.786294e-02 9.964985e-01 1.012905e+00 2.624032e+05 2.091646e+01 1.522660e-03 2.155268e-02
4.897781e-02 9.957398e-01 1.019486e+00 2.579347e+05 2.053513e+01 -1.425171e-02 2.117753e-02
5.011865e-02 9.960248e-01 1.010151e+00 2.499837e+05 1.988864e+01 -1.269799e-02 2.048969e-02
5.128606e-02 9.951407e-01 1.003061e+00 2.422862e+05 1.931727e+01 -8.083999e-03 1.996601e-02
5.248066e-02 9.952467e-01 1.001627e+00 2.354993e+05 1.870930e+01 3.241181e-03 1.941550e-02
5.370309e-02 9.957840e-01 1.003089e+00 2.326128e+05 1.852150e+01 -4.469097e-03 1.915145e-02
5.495400e-02 9.942698e-01 9.956542e-01 2.253026e+05 1.792817e+01 1.066208e-02 1.850808e-02
5.623404e-02 9.944357e-01 1.005147e+00 2.232621e+05 1.772509e+01 9.283304e-03 1.835811e-02
5.754390e-02 9.946675e-01 1.004273e+00 2.165302e+05 1.726417e+01 7.416606e-03 1.780033e-02
5.888427e-02 9.944103e-01 1.004432e+00 2.098925e+05 1.668549e+01 3.113222e-02 1.733375e-02
6.025586e-02 9.938352e-01 9.984952e-01 2.050592e+05 1.628314e+01 7.048965e-03 1.707447e-02
6.165939e-02 9.939058e-01 9.983488e-01 1.999842e+05 1.595910e+01 9.628057e-03 1.663554e-02
6.309562e-02 9.933040e-01 9.988821e-01 1.968481e+05 1.567167e+01 1.384485e-02 1.637161e-02
6.456531e-02 9.928696e-01 9.986219e-01 1.911868e+05 1.521776e+01 1.093578e-02 1.607025e-02
6.606922e-02 9.930714e-01 9.966300e-01 1.883464e+05 1.498539e+01 1.634634e-02 1.568913e-02
6.760818e-02 9.924604e-01 1.002322e+00 1.845561e+05 1.470337e+01 9.780288e-03 1.528215e-02
6.918297e-02 9.915166e-01 9.925244e-01 1.778947e+05 1.418261e+01 -8.180320e-03 1.472807e-02
7.079445e-02 9.923077e-01 9.927929e-01 1.730407e+05 1.374112e+01 5.558014e-03 1.442432e-02
7.244346e-02 9.914858e-01 9.987812e-01 1.710928e+05 1.365709e+01 -1.507062e-02 1.431394e-02
7.413089e-02 9.907584e-01 9.944563e-01 1.671206e+05 1.330854e+01 -5.889535e-03 1.398969e-02
7.585761e-02 9.908081e-01 9.950821e-01 1.635994e+05 1.303511e+01 1.045001e-02 1.373816e-02
7.762456e-02 9.902408e-01 9.996002e-01 1.616316e+05 1.284826e+01 5.422831e-03 1.352715e-02
7.943267e-02 9.890965e-01 9.996304e-01 1.582207e+05 1.256433e+01 -8.617699e-03 1.333332e-02
8.128289e-02 9.892443e-01 1.008596e+00 1.561903e+05 1.242682e+01 -8.892238e-03 1.309419e-02
8.317621e-02 9.890639e-01 1.000278e+00 1.501384e+05 1.196813e+01 6.800890e-04 1.257777e-02
8.511363e-02 9.879947e-01 1.005019e+00 1.474188e+05 1.176823e+01 8.864045e-03 1.243365e-02
8.709618e-02 9.875806e-01 9.936872e-01 1.419231e+05 1.127294e+01 6.229281e-03 1.195812e-02
8.912491e-02 9.868709e-01 9.843345e-01 1.388165e+05 1.103485e+01 4.076600e-03 1.177788e-02
9.120089e-02 9.863248e-01 9.991924e-01 1.372746e+05 1.094127e+01 6.341934e-05 1.150417e-02
9.332523e-02 9.857145e-01 9.928576e-01 1.345982e+05 1.071590e+01 -8.473873e-03 1.123250e-02
9.549905e-02 9.852161e-01 9.946795e-01 1.308932e+05 1.043770e+01 3.556252e-03 1.111007e-02
9.772351e-02 9.843246e-01 1.001027e+00 1.298696e+05 1.031356e+01 -2.140582e-03 1.094401e-02
9.999978e-02 9.838983e-01 9.983466e-01 1.247027e+05 9.893707e+00 7.356286e-03 1.055992e-02
1.023291e-01 9.833617e-01 9.859762e-01 1.216168e+05 9.667389e+00 -8.357465e-03 1.031256e-02
1.047126e-01 9.821645e-01 9.996125e-01 1.200460e+05 9.514601e+00 1.719475e-03 1.010954e-02
1.071517e-01 9.815304e-01 9.898263e-01 1.179424e+05 9.405420e+00 5.556822e-03 9.941816e-03
1.096476e-01 9.803455e-01 9.917761e-01 1.153126e+05 9.159048e+00 1.102710e-02 9.701729e-03
1.122016e-01 9.796715e-01 9.946891e-01 1.128434e+05 9.000212e+00 1.865947e-02 9.493232e-03
1.148151e-01 9.788690e-01 1.003130e+00 1.108547e+05 8.852516e+00 -8.736372e-03 9.286046e-03
1.174895e-01 9.778649e-01 9.844974e-01 1.063637e+05 8.495372e+00 -5.989432e-03 8.839726e-03
1.202262e-01 9.766785e-01 9.941155e-01 1.053057e+05 8.420251e+00 -1.349866e-02 8.817434e-03
1.230266e-01 9.753783e-01 9.918113e-01 1.028515e+05 8.208894e+00 -3.513128e-02 8.600950e-03
1.258922e-01 9.742739e-01 9.890996e-01 9.921664e+04 7.879124e+00 -2.028280e-02 8.281946e-03
1.288246e-01 9.731134e-01 9.975540e-01 9.814692e+04 7.849840e+00 -1.668906e-02 8.268237e-03
1.318253e-01 9.723203e-01 1.001014e+00 9.659548e+04 7.688775e+00 -1.746416e-02 7.952690e-03
1.348960e-01 9.707515e-01 9.977015e-01 9.425509e+04 7.532485e+00 -1.953512e-02 7.789731e-03
1.380381e-01 9.695045e-01 9.927611e-01 9.118200e+04 7.295980e+00 -1.885772e-02 7.551312e-03
1.412534e-01 9.675555e-01 9.950650e-01 8.962172e+04 7.180752e+00 -1.506889e-02 7.388711e-03
1.445436e-01 9.667196e-01 9.896771e-01 8.759256e+04 7.000907e+00 -3.128469e-03 7.193804e-03
1.479105e-01 9.651462e-01 9.946024e-01 8.542188e+04 6.835068e+00 -1.535672e-02 7.007360e-03
1.513557e-01 9.633989e-01 9.981392e-01 8.411964e+04 6.746260e+00 5.896091e-03 6.871104e-03
1.548813e-01 9.620814e-01 1.001566e+00 8.306931e+04 6.631032e+00 -4.403055e-03 6.774783e-03
1.584889e-01 9.598209e-01 1.003747e+00 8.170160e+04 6.544133e+00 -9.399533e-03 6.631970e-03
1.621806e-01 9.580822e-01 1.003070e+00 8.059129e+04 6.429223e+00 -8.803785e-03 6.499290e-03
1.659582e-01 9.561086e-01 1.005773e+00 7.808286e+04 6.278981e+00 -6.219208e-03 6.343603e-03
1.698239e-01 9.538583e-01 1.004203e+00 7.683843e+04 6.138924e+00 -1.074237e-02 6.186604e-03
1.737796e-01 9.515665e-01 9.978402e-01 7.464537e+04 6.015420e+00 -1.424998e-02 6.045699e-03
1.778274e-01 9.500861e-01 9.987447e-01 7.300662e+04 5.842578e+00 -1.666832e-02 5.859375e-03
1.819696e-01 9.477119e-01 9.959080e-01 7.098851e+04 5.697110e+00 -1.074427e-02 5.718350e-03
1.862082e-01 9.453446e-01 9.931650e-01 6.930779e+04 5.596524e+00 -1.479262e-02 5.594611e-03
1.905455e-01 9.427658e-01 1.004972e+00 6.851963e+04 5.544322e+00 -1.775616e-02 5.476832e-03
1.949839e-01 9.402927e-01 9.913896e-01 6.683773e+04 5.393761e+00 -2.535349e-02 5.322695e-03
1.995257e-01 9.374286e-01 1.013514e+00 6.685713e+04 5.409995e+00 -3.113848e-02 5.252361e-03
2.041732e-01 9.349495e-01 9.962255e-01 6.431681e+04 5.185268e+00 -3.226405e-02 5.102634e-03
2.089290e-01 9.317191e-01 9.902179e-01 6.253491e+04 5.077361e+00 -2.195138e-02 4.976630e-03
2.137956e-01 9.289262e-01 9.919485e-01 6.073847e+04 4.916296e+00 -5.954504e-03 4.820585e-03
2.187755e-01 9.257153e-01 9.945360e-01 5.985844e+04 4.877780e+00 -1.781386e-02 4.696250e-03
2.238715e-01 9.222703e-01 9.892105e-01 5.875284e+04 4.782924e+00 -3.202903e-02 4.683018e-03
2.290861e-01 9.190122e-01 9.957221e-01 5.758200e+04 4.682816e+00 -2.704221e-02 4.544616e-03
2.344222e-01 9.154074e-01 9.885927e-01 5.632385e+04 4.620268e+00 -3.165704e-02 4.423380e-03
2.398826e-01 9.114565e-01 9.895645e-01 5.499823e+04 4.485145e+00 -1.989353e-02 4.332304e-03
2.454701e-01 9.080356e-01 9.961116e-01 5.386821e+04 4.397928e+00 -1.154011e-02 4.224896e-03
2.511879e-01 9.037465e-01 9.879310e-01 5.252950e+04 4.268536e+00 -2.853435e-02 4.103422e-03
2.570388e-01 8.996350e-01 9.958093e-01 5.190016e+04 4.230816e+00 -2.689481e-02 4.070640e-03
2.630260e-01 8.956329e-01 9.890803e-01 5.043880e+04 4.094101e+00 -1.949209e-02 3.908396e-03
2.691526e-01 8.907617e-01 9.871222e-01 4.971423e+04 4.042854e+00 -2.288455e-02 3.847480e-03
2.754220e-01 8.860021e-01 9.935950e-01 4.877312e+04 3.969642e+00 -1.890868e-02 3.783941e-03
2.818374e-01 8.813666e-01 9.910492e-01 4.774638e+04 3.858711e+00 -4.558843e-02 3.704071e-03
2.884022e-01 8.761082e-01 9.829257e-01 4.620852e+04 3.765606e+00 -4.747409e-02 3.631830e-03
2.951200e-01 8.705601e-01 9.844655e-01 4.582236e+04 3.725180e+00 -3.245187e-02 3.574133e-03
3.019942e-01 8.651516e-01 9.891124e-01 4.537578e+04 3.667566e+00 -2.332425e-02 3.539324e-03
3.090285e-01 8.595226e-01 9.858698e-01 4.387364e+04 3.524804e+00 -2.381480e-02 3.443956e-03
3.162267e-01 8.535870e-01 9.962313e-01 4.323419e+04 3.446023e+00 -6.151676e-03 3.397226e-03
3.235926e-01 8.476001e-01 9.787827e-01 4.214848e+04 3.350371e+00 -1.265192e-02 3.326058e-03
3.311300e-01 8.411309e-01 9.765768e-01 4.121216e+04 3.299918e+00 6.558895e-04 3.228903e-03
3.388430e-01 8.345773e-01 9.823423e-01 4.064266e+04 3.223047e+00 -1.045203e-02 3.182530e-03
3.467357e-01 8.278758e-01 9.894006e-01 4.027470e+04 3.149995e+00 7.642031e-03 3.136396e-03
3.548122e-01 8.207005e-01 9.826999e-01 3.868449e+04 2.977789e+00 -1.163042e-02 2.998590e-03
3.630768e-01 8.135999e-01 9.896343e-01 3.829011e+04 2.944048e+00 1.586235e-02 3.029466e-03
3.715340e-01 8.058973e-01 9.868665e-01 3.747310e+04 2.901235e+00 1.534259e-02 3.010869e-03
3.801881e-01 7.981349e-01 9.944334e-01 3.705142e+04 2.841711e+00 6.789684e-03 2.982736e-03
3.890438e-01 7.902910e-01 9.811947e-01 3.581066e+04 2.759588e+00 -3.042758e-03 2.875209e-03
3.981058e-01 7.819713e-01 9.887096e-01 3.559717e+04 2.710568e+00 3.170252e-03 2.881646e-03
4.073789e-01 7.733971e-01 9.784741e-01 3.442182e+04 2.658365e+00 6.417871e-03 2.826095e-03
4.168679e-01 7.645794e-01 1.000927e+00 3.409463e+04 2.636879e+00 3.110290e-03 2.793312e-03
4.265780e-01 7.555673e-01 9.961703e-01 3.367179e+04 2.612528e+00 4.827380e-03 2.778649e-03
4.365143e-01 7.462254e-01 9.993287e-01 3.335321e+04 2.671734e+00 9.781122e-04 2.763867e-03
4.466820e-01 7.366338e-01 9.921673e-01 3.251188e+04 2.568761e+00 8.052707e-03 2.725959e-03
4.570865e-01 7.267116e-01 9.922818e-01 3.165589e+04 2.538362e+00 -4.250228e-03 2.698898e-03
4.677334e-01 7.164202e-01 9.921960e-01 3.100836e+04 2.481544e+00 -1.246190e-02 2.681494e-03
4.786283e-01 7.063684e-01 9.883060e-01 3.044086e+04 2.466742e+00 -5.104363e-03 2.659917e-03
4.897770e-01 6.954824e-01 9.887158e-01 2.975760e+04 2.431887e+00 -1.743370e-02 2.663732e-03
5.011854e-01 6.843156e-01 9.934160e-01 2.903962e+04 2.378093e+00 -4.832327e-03 2.631903e-03
5.128595e-01 6.733109e-01 9.894488e-01 2.829876e+04 2.303290e+00 -1.438940e-02 2.625346e-03
5.248055e-01 6.617021e-01 9.881116e-01 2.767657e+04 2.266526e+00 1.656449e-02 2.598405e-03
5.370297e-01 6.498064e-01 9.932597e-01 2.704276e+04 2.193553e+00 -7.970929e-04 2.581358e-03
5.495388e-01 6.380432e-01 9.896284e-01 2.629174e+04 2.141907e+00 -5.667925e-03 2.594352e-03
5.623392e-01 6.256666e-01 9.934543e-01 2.566735e+04 2.066070e+00 -9.632111e-03 2.608538e-03
5.754377e-01 6.132509e-01 9.899924e-01 2.467143e+04 1.944873e+00 1.733053e-02 2.560019e-03
5.888414e-01 6.004668e-01 9.906625e-01 2.430170e+04 1.910735e+00 2.440727e-02 2.591372e-03
6.025573e-01 5.876545e-01 9.878622e-01 2.393889e+04 1.819618e+00 2.416313e-02 2.627969e-03
6.165926e-01 5.744809e-01 1.002371e+00 2.328692e+04 1.775294e+00 2.120054e-02 2.625942e-03
6.309550e-01 5.611163e-01 9.995024e-01 2.277803e+04 1.726990e+00 2.831876e-02 2.663136e-03
6.456518e-01 5.476596e-01 1.001768e+00 2.200537e+04 1.686565e+00 -3.925502e-03 2.694249e-03
6.606910e-01 5.338316e-01 9.950967e-01 2.126189e+04 1.651471e+00 7.117033e-03 2.706170e-03
6.760805e-01 5.199997e-01 9.937381e-01 2.061698e+04 1.628235e+00 6.556511e-06 2.728820e-03
6.918284e-01 5.060424e-01 9.904832e-01 2.007876e+04 1.615025e+00 8.991718e-03 2.770662e-03
7.079431e-01 4.919387e-01 9.987188e-01 1.969400e+04 1.595130e+00 7.991195e-03 2.849936e-03
7.244333e-01 4.777794e-01 9.967160e-01 1.899001e+04 1.545872e+00 -7.016659e-03 2.869844e-03
7.413075e-01 4.632464e-01 1.004203e+00 1.858910e+04 1.526296e+00 1.016140e-03 2.937675e-03
7.585748e-01 4.488966e-01 9.925197e-01 1.763634e+04 1.468960e+00 9.955168e-04 2.948403e-03
7.762442e-01 4.345583e-01 9.840219e-01 1.708162e+04 1.472024e+00 2.696753e-03 3.008962e-03
7.943253e-01 4.198828e-01 9.950719e-01 1.646188e+04 1.444610e+00 3.694892e-03 3.108382e-03
8.128275e-01 4.057215e-01 9.934584e-01 1.591304e+04 1.357432e+00 1.394129e-02 3.177762e-03
8.317607e-01 3.912737e-01 9.928340e-01 1.557856e+04 1.256449e+00 1.599348e-02 3.296494e-03
8.511349e-01 3.765619e-01 1.003221e+00 1.511738e+04 1.163184e+00 7.525444e-03 3.399253e-03
8.709604e-01 3.622034e-01 9.934238e-01 1.431532e+04 1.094787e+00 3.623819e-02 3.456473e-03
8.912476e-01 3.478575e-01 9.940597e-01 1.374530e+04 1.066139e+00 2.725828e-02 3.599286e-03
9.120075e-01 3.337001e-01 9.905084e-01 1.325738e+04 1.041032e+00 4.172754e-02 3.706217e-03
9.332508e-01 3.194766e-01 9.854117e-01 1.256952e+04 9.889092e-01 3.497577e-02 3.785849e-03
9.549890e-01 3.054318e-01 9.909176e-01 1.198087e+04 9.510900e-01 2.132428e-02 3.933072e-03
9.772336e-01 2.917710e-01 9.985950e-01 1.151248e+04 9.147828e-01 2.216005e-02 4.112005e-03
9.999962e-01 2.782713e-01 9.958901e-01 1.092801e+04 8.694037e-01 1.854539e-02 4.237652e-03
1.023289e+00 2.648425e-01 9.854208e-01 1.041708e+04 8.218363e-01 1.074803e-02 4.436970e-03
1.047125e+00 2.515827e-01 9.903594e-01 9.810771e+03 7.723391e-01 2.769780e-02 4.597664e-03
1.071515e+00 2.386493e-01 9.983820e-01 9.400599e+03 7.416023e-01 2.918196e-02 4.845142e-03
1.096474e+00 2.260491e-01 9.986531e-01 8.898037e+03 6.955170e-01 2.323568e-02 5.086422e-03
1.122014e+00 2.138570e-01 9.915175e-01 8.396092e+03 6.531520e-01 -1.417041e-03 5.293727e-03
1.148149e+00 2.017480e-01 9.972909e-01 8.015253e+03 6.221466e-01 -2.905297e-02 5.603552e-03
1.174893e+00 1.900637e-01 9.927954e-01 7.527748e+03 5.915689e-01 -3.813004e-02 5.862713e-03
1.202260e+00 1.787874e-01 9.999035e-01 7.128376e+03 5.648309e-01 -2.898437e-02 6.182551e-03
1.230264e+00 1.677945e-01 9.949161e-01 6.643546e+03 5.256291e-01 -2.458775e-02 6.518483e-03
1.258921e+00 1.570892e-01 9.983038e-01 6.202167e+03 4.930023e-01 -2.545667e-02 6.905317e-03
1.288245e+00 1.468364e-01 1.006386e+00 5.831193e+03 4.704421e-01 8.329272e-03 7.373810e-03
1.318252e+00 1.369337e-01 1.004914e+00 5.450015e+03 4.438981e-01 -1.912385e-02 7.863164e-03
1.348958e+00 1.275575e-01 9.949043e-01 5.039816e+03 4.105999e-01 -9.186029e-03 8.319378e-03
1.380379e+00 1.183675e-01 9.929749e-01 4.697393e+03 3.829268e-01 -1.804036e-02 8.875012e-03
1.412532e+00 1.097167e-01 9.988011e-01 4.393088e+03 3.590958e-01 -2.309710e-02 9.607673e-03
1.445434e+00 1.015258e-01 9.933107e-01 4.055131e+03 3.285953e-01 -1.354474e-02 1.028609e-02
1.479103e+00 9.360750e-02 9.936481e-01 3.727924e+03 2.973934e-01 -1.118839e-03 1.096714e-02
1.513556e+00 8.615029e-02 9.863164e-01 3.377304e+03 2.651123e-01 -7.629216e-03 1.160502e-02
1.548811e+00 7.907688e-02 9.828580e-01 3.092868e+03 2.416805e-01 -1.355845e-02 1.247442e-02
1.584887e+00 7.239249e-02 9.995030e-01 2.894729e+03 2.269450e-01 -2.571762e-03 1.371574e-02
1.621804e+00 6.614050e-02 9.996507e-01 2.645996e+03 2.079944e-01 -2.105230e-02 1.484954e-02
1.659581e+00 6.023671e-02 9.877957e-01 2.366815e+03 1.874186e-01 -1.812452e-02 1.577652e-02
1.698237e+00 5.471725e-02 9.956662e-01 2.162166e+03 1.734074e-01 -4.170835e-02 1.724076e-02
1.737795e+00 4.958083e-02 1.001823e+00 1.992076e+03 1.598842e-01 -4.259497e-02 1.892054e-02
1.778273e+00 4.482684e-02 9.950820e-01 1.779098e+03 1.426370e-01 -9.220183e-03 2.043855e-02
1.819694e+00 4.029829e-02 9.857085e-01 1.574962e+03 1.263522e-01 -9.069145e-03 2.183700e-02
1.862080e+00 3.625286e-02 9.787548e-01 1.419877e+03 1.139186e-01 7.927775e-03 2.384710e-02
1.905454e+00 3.243101e-02 9.734338e-01 1.257040e+03 1.005393e-01 1.964343e-02 2.586877e-02
1.949837e+00 2.895562e-02 9.830134e-01 1.144092e+03 9.111682e-02 2.940655e-02 2.871478e-02
1.995255e+00 2.575943e-02 9.753593e-01 1.011254e+03 8.039080e-02 7.464290e-02 3.140390e-02
2.041730e+00 2.290610e-02 9.684795e-01 8.965659e+02 7.133561e-02 7.224178e-02 3.389144e-02
2.089288e+00 2.023995e-02 9.693957e-01 7.846812e+02 6.251743e-02 1.748657e-02 3.694463e-02
2.137954e+00 1.779219e-02 9.699559e-01 7.028884e+02 5.602603e-02 3.705812e-02 4.095292e-02
2.187753e+00 1.564502e-02 9.569761e-01 6.084389e+02 4.851381e-02 3.358436e-02 4.410553e-02
2.238713e+00 1.372288e-02 9.587467e-01 5.364257e+02 4.275183e-02 3.434527e-02 4.814816e-02
2.290859e+00 1.191271e-02 9.603668e-01 4.768421e+02 3.796824e-02 2.945328e-02 5.354714e-02
2.344220e+00 1.036057e-02 9.574842e-01 4.161711e+02 3.308779e-02 2.631164e-02 5.825734e-02
2.398823e+00 8.987677e-03 9.490114e-01 3.600469e+02 2.860050e-02 4.895890e-02 6.266332e-02
2.454699e+00 7.720755e-03 9.325800e-01 3.064210e+02 2.436143e-02 4.178870e-02 6.696689e-02
2.511877e+00 6.649946e-03 9.339964e-01 2.683719e+02 2.135070e-02 4.324377e-02 7.240939e-02
2.570385e+00 5.652283e-03 9.184983e-01 2.282226e+02 1.814763e-02 6.468320e-02 7.703102e-02
2.630257e+00 4.857515e-03 9.172097e-01 2.010287e+02 1.598259e-02 4.692304e-02 8.280885e-02
2.691524e+00 4.101170e-03 8.930687e-01 1.692007e+02 1.345267e-02 7.139051e-02 8.727384e-02
2.754218e+00 3.480362e-03 8.885928e-01 1.448467e+02 1.151596e-02 8.089840e-02 9.076452e-02
2.818372e+00 2.918765e-03 8.782600e-01 1.248769e+02 9.937219e-03 1.069214e-01 9.570587e-02
2.884020e+00 2.449211e-03 8.432266e-01 1.044107e+02 8.311627e-03 1.176026e-01 9.663212e-02
2.951197e+00 2.061135e-03 8.354237e-01 8.985750e+01 7.152180e-03 1.677765e-01 9.840024e-02
3.019939e+00 1.713751e-03 7.988605e-01 7.600506e+01 6.048640e-03 1.441801e-01 9.902990e-02
3.090283e+00 1.404915e-03 7.617238e-01 6.263279e+01 4.982810e-03 1.768347e-01 9.663439e-02
3.162264e+00 1.143686e-03 7.303117e-01 5.372724e+01 4.275004e-03 2.286036e-01 9.572065e-02
3.235923e+00 9.225839e-04 6.968130e-01 4.499098e+01 3.580606e-03 2.685803e-01 9.253073e-02
3.311297e+00 7.619734e-04 6.577009e-01 3.847527e+01 3.061242e-03 2.778759e-01 8.803642e-02
3.388427e+00 6.002953e-04 5.962656e-01 3.149453e+01 2.505579e-03 3.625419e-01 8.227241e-02
3.467354e+00 4.886718e-04 5.542685e-01 2.705962e+01 2.152894e-03 3.752921e-01 7.664549e-02
3.548119e+00 4.009785e-04 5.069028e-01 2.339814e+01 1.861582e-03 3.088099e-01 7.093000e-02
3.630765e+00 3.055362e-04 4.408756e-01 1.930574e+01 1.536279e-03 3.421321e-01 6.331992e-02
3.715336e+00 2.393133e-04 3.822705e-01 1.684069e+01 1.340064e-03 3.756659e-01 5.721629e-02
3.801878e+00 1.959379e-04 3.405525e-01 1.518723e+01 1.208607e-03 3.512547e-01 5.251491e-02
3.890435e+00 1.545911e-04 2.963251e-01 1.369615e+01 1.089926e-03 3.971748e-01 4.824996e-02
3.981055e+00 1.199100e-04 2.414136e-01 1.211847e+01 9.644291e-04 2.906795e-01 4.220176e-02
4.073785e+00 8.779778e-05 1.970694e-01 1.089373e+01 8.669577e-04 2.803535e-01 3.731489e-02
4.168675e+00 6.487635e-05 1.559007e-01 1.004139e+01 7.991728e-04 2.138569e-01 3.322482e-02
4.265777e+00 4.923280e-05 1.245261e-01 9.383629e+00 7.467510e-04 1.719983e-01 2.962422e-02
4.365139e+00 3.983122e-05 1.006715e-01 9.029195e+00 7.185603e-04 1.143733e-01 2.778804e-02
4.466816e+00 2.853889e-05 8.276288e-02 8.679942e+00 6.907756e-04 9.614050e-02 2.503586e-02
4.570861e+00 2.092985e-05 5.482466e-02 8.254190e+00 6.569080e-04 -6.231230e-02 2.231169e-02
4.677330e+00 1.582049e-05 4.316867e-02 8.035965e+00 6.395580e-04 -7.441497e-02 2.089262e-02
4.786279e+00 1.175897e-05 3.346333e-02 7.921152e+00 6.303761e-04 -1.043928e-01 1.925075e-02
4.897766e+00 8.206262e-06 2.392287e-02 7.823326e+00 6.226255e-04 -1.327016e-01 1.784849e-02
5.011849e+00 5.216536e-06 1.452447e-02 7.582097e+00 6.034762e-04 -1.665837e-01 1.648426e-02
5.128591e+00 4.163001e-06 1.113522e-02 7.569267e+00 6.023908e-04 -1.861549e-01 1.584625e-02
5.248051e+00 2.777442e-06 7.449068e-03 7.512058e+00 5.978628e-04 -1.990736e-01 1.507878e-02
5.370293e+00 2.715211e-06 7.611595e-03 7.576785e+00 6.030316e-04 -2.035456e-01 1.469183e-02
5.495383e+00 1.739042e-06 4.638917e-03 7.526513e+00 5.990236e-04 -2.190689e-01 1.378119e-02
5.623387e+00 1.097215e-06 3.798163e-03 7.479144e+00 5.952163e-04 -2.107007e-01 1.322830e-02
5.754373e+00 6.210413e-07 1.438363e-03 7.468235e+00 5.944157e-04 -2.230914e-01 1.291990e-02
5.888409e+00 4.809802e-07 1.538001e-03 7.428294e+00 5.911294e-04 -2.173849e-01 1.247430e-02
6.025568e+00 2.754421e-07 8.055226e-04 7.447251e+00 5.926206e-04 -2.257270e-01 1.196849e-02
6.165921e+00 1.064160e-07 2.314433e-04 7.423018e+00 5.907685e-04 -2.245106e-01 1.174498e-02
6.309543e+00 2.554575e-07 7.885362e-04 7.445670e+00 5.925365e-04 -2.255468e-01 1.149583e-02
6.456511e+00 -2.926019e-08 -2.227366e-04 7.399314e+00 5.889432e-04 -2.209933e-01 1.107109e-02
6.606903e+00 1.732844e-08 3.097661e-04 7.404293e+00 5.892680e-04 -2.214824e-01 1.078963e-02
6.760797e+00 -2.188190e-08 8.809002e-05 7.482460e+00 5.954732e-04 -2.403405e-01 1.053822e-02
6.918276e+00 3.415095e-08 -1.201267e-04 7.428909e+00 5.912837e-04 -2.282529e-01 1.030993e-02
7.079423e+00 -1.400189e-07 -9.749463e-06 7.439384e+00 5.920277e-04 -2.305113e-01 1.005387e-02
7.244324e+00 1.956301e-08 -9.030600e-05 7.379966e+00 5.872554e-04 -2.161967e-01 9.787321e-03
7.413066e+00 -1.555765e-08 2.483374e-04 7.461470e+00 5.938799e-04 -2.351789e-01 9.664178e-03
7.585738e+00 3.039856e-08 -2.574309e-05 7.401288e+00 5.890540e-04 -2.213472e-01 9.412289e-03
7.762433e+00 -1.488307e-08 -4.363230e-05 7.439902e+00 5.920677e-04 -2.306935e-01 9.133935e-03
7.943243e+00 -9.267134e-08 -1.119339e-04 7.365302e+00 5.862112e-04 -2.127686e-01 8.856177e-03
8.128264e+00 1.336525e-08 -9.863096e-05 7.400864e+00 5.890246e-04 -2.213815e-01 8.523107e-03
8.317595e+00 -4.582973e-08 -4.692445e-05 7.396836e+00 5.887154e-04 -2.203286e-01 8.464932e-03
8.511337e+00 2.689914e-08 2.509817e-04 7.436384e+00 5.918404e-04 -2.294331e-01 8.255124e-03
8.709592e+00 9.570697e-09 -6.138407e-05 7.463130e+00 5.939738e-04 -2.361212e-01 8.062363e-03
8.912464e+00 -1.981598e-09 -2.573667e-04 7.410855e+00 5.897300e-04 -2.241690e-01 7.781625e-03
9.120062e+00 -1.034647e-07 -5.031947e-05 7.464057e+00 5.940508e-04 -2.363390e-01 7.662416e-03
9.332495e+00 -4.679944e-09 -1.759929e-04 7.414878e+00 5.900491e-04 -2.250606e-01 7.427216e-03
9.549876e+00 -9.739344e-09 -1.198554e-04 7.497912e+00 5.966880e-04 -2.445291e-01 7.334471e-03
9.772322e+00 -1.096203e-09 7.358640e-06 7.440522e+00 5.920883e-04 -2.309172e-01 7.093310e-03
