#./overdamped_3d --dev=0 --amp=100.0 --omega=1.0 --force=0 --Dg=0.01 --block=256 --paths=65536 --periods=1000 --trans=100 --samples=100 --spp=1000 --algorithm=euler --pav=1 --mode=moments --domain=1d --domainx=l:-2:1:300:1 --domainy=a:0:10:100:0 --domainz=D:-6:-1:100:1 --q=2 --eps=0 --phi=1.57079632679 --lambda=0 --zeta=0.0333333333333 --comp=0 --mean=1.0 --second=3.14 --skew=0.0 --distribution=s>> comp_s_3.14_l:-2:1:300:1_1.0_0.0_0.0333333333333_100.0.dat
#l <<v>> qnu(q) mu_q Dx Gx EBx
1.000000e-02 1.001154e+00 1.008441e+00 6.293520e+05 5.003354e+01 -3.529131e-03 1.803422e-02
1.023293e-02 1.000713e+00 1.014837e+00 6.222631e+05 4.962228e+01 -8.102417e-03 1.783037e-02
1.047129e-02 9.932730e-01 1.005797e+00 5.870881e+05 4.667473e+01 -2.237320e-03 1.715803e-02
1.071519e-02 1.001995e+00 1.003259e+00 5.864324e+05 4.663749e+01 -2.280414e-03 1.687610e-02
1.096478e-02 9.989210e-01 9.992973e-01 5.611350e+05 4.467861e+01 4.746675e-03 1.631069e-02
1.122018e-02 9.953090e-01 1.013731e+00 5.578200e+05 4.450004e+01 -1.292038e-02 1.622581e-02
1.148153e-02 1.003821e+00 1.004264e+00 5.489917e+05 4.382427e+01 2.064466e-03 1.571190e-02
1.174897e-02 1.000817e+00 1.011084e+00 5.421438e+05 4.320388e+01 -7.958770e-03 1.563573e-02
1.202264e-02 9.950622e-01 1.014813e+00 5.245922e+05 4.181509e+01 1.321304e-02 1.526177e-02
1.230269e-02 1.001608e+00 1.021669e+00 5.253399e+05 4.177276e+01 1.130342e-02 1.497400e-02
1.258925e-02 1.003669e+00 1.010989e+00 5.076562e+05 4.043999e+01 7.910013e-03 1.462770e-02
1.288249e-02 9.949954e-01 1.011798e+00 4.895163e+05 3.896877e+01 1.908183e-03 1.436889e-02
1.318256e-02 9.976302e-01 1.013733e+00 4.883459e+05 3.882235e+01 -2.402723e-03 1.416266e-02
1.348963e-02 1.004107e+00 1.009331e+00 4.786137e+05 3.806413e+01 -7.794082e-03 1.376677e-02
1.380384e-02 9.989704e-01 1.011906e+00 4.617012e+05 3.675715e+01 -5.646586e-03 1.346171e-02
1.412537e-02 9.934464e-01 1.004690e+00 4.393196e+05 3.500995e+01 5.769730e-04 1.290452e-02
1.445439e-02 9.988014e-01 1.012578e+00 4.404678e+05 3.503796e+01 -1.501584e-02 1.284897e-02
1.479108e-02 1.006080e+00 1.012328e+00 4.339367e+05 3.457673e+01 -8.818030e-03 1.248908e-02
1.513561e-02 9.999148e-01 1.011111e+00 4.200372e+05 3.340057e+01 1.672781e-02 1.228201e-02
1.548816e-02 9.921521e-01 1.005856e+00 4.035961e+05 3.211301e+01 1.795280e-02 1.191711e-02
1.584893e-02 9.980231e-01 1.007153e+00 4.015347e+05 3.196436e+01 4.747152e-03 1.177096e-02
1.621809e-02 1.005413e+00 1.008225e+00 3.997942e+05 3.181794e+01 1.065111e-02 1.152742e-02
1.659586e-02 1.002820e+00 1.013860e+00 3.920515e+05 3.123829e+01 6.007314e-03 1.138103e-02
1.698243e-02 9.948767e-01 1.009351e+00 3.714282e+05 2.960218e+01 -1.177311e-03 1.107204e-02
1.737800e-02 9.943871e-01 1.014675e+00 3.662761e+05 2.915177e+01 1.691401e-02 1.086819e-02
1.778278e-02 1.003074e+00 1.012723e+00 3.644635e+05 2.900885e+01 6.684065e-03 1.056170e-02
1.819700e-02 1.007760e+00 1.005076e+00 3.535527e+05 2.817010e+01 9.880066e-03 1.025879e-02
1.862086e-02 1.002299e+00 1.002683e+00 3.403464e+05 2.711586e+01 1.725078e-03 9.986281e-03
1.905460e-02 9.933865e-01 9.949743e-01 3.266439e+05 2.601642e+01 -1.496583e-02 9.770751e-03
1.949843e-02 9.932164e-01 1.005153e+00 3.214959e+05 2.558575e+01 -1.580811e-02 9.585857e-03
1.995261e-02 1.001675e+00 1.015750e+00 3.200202e+05 2.548102e+01 -7.735789e-03 9.399056e-03
2.041737e-02 1.008098e+00 1.015849e+00 3.156828e+05 2.513184e+01 -3.239214e-03 9.192944e-03
2.089295e-02 1.004675e+00 1.005923e+00 3.055972e+05 2.431124e+01 2.966762e-03 8.961678e-03
2.137960e-02 9.953634e-01 1.021228e+00 2.948618e+05 2.345689e+01 -2.630711e-03 8.890152e-03
2.187760e-02 9.908534e-01 1.027835e+00 2.891848e+05 2.307046e+01 -7.781386e-04 8.780241e-03
2.238719e-02 9.938682e-01 1.020148e+00 2.817229e+05 2.244371e+01 -1.828593e-02 8.477807e-03
2.290866e-02 1.002400e+00 1.016976e+00 2.765609e+05 2.202513e+01 -2.343327e-02 8.155346e-03
2.344227e-02 1.009987e+00 1.016498e+00 2.766811e+05 2.204710e+01 -2.539164e-02 8.029342e-03
2.398831e-02 1.007000e+00 1.012260e+00 2.699419e+05 2.146618e+01 -1.613653e-02 7.945895e-03
2.454707e-02 9.976675e-01 1.002143e+00 2.571549e+05 2.044791e+01 -1.918387e-02 7.714987e-03
2.511884e-02 9.892580e-01 1.008741e+00 2.466772e+05 1.961617e+01 -1.955473e-02 7.606983e-03
2.570393e-02 9.894249e-01 1.008387e+00 2.365052e+05 1.886113e+01 -1.300204e-02 7.235646e-03
2.630266e-02 9.964650e-01 1.008169e+00 2.366971e+05 1.884649e+01 -5.920708e-03 7.143021e-03
2.691532e-02 1.005951e+00 1.002712e+00 2.356822e+05 1.878410e+01 -2.995849e-03 6.994963e-03
2.754226e-02 1.011402e+00 1.004229e+00 2.328983e+05 1.852404e+01 -1.007032e-02 6.852627e-03
2.818380e-02 1.009225e+00 1.002050e+00 2.273029e+05 1.809369e+01 -2.841043e-02 6.743789e-03
2.884029e-02 1.002155e+00 1.005654e+00 2.210508e+05 1.756466e+01 -2.419746e-02 6.665707e-03
2.951206e-02 9.934689e-01 1.014445e+00 2.141101e+05 1.700093e+01 -1.961911e-02 6.616235e-03
3.019948e-02 9.879532e-01 1.021000e+00 2.066067e+05 1.640887e+01 -8.946240e-03 6.457686e-03
3.090292e-02 9.904583e-01 1.003582e+00 1.988080e+05 1.582668e+01 -7.075071e-05 6.185770e-03
3.162274e-02 9.978719e-01 9.949071e-01 1.946886e+05 1.551952e+01 -2.071446e-02 5.931020e-03
3.235933e-02 1.006199e+00 1.009057e+00 1.971693e+05 1.569522e+01 -1.156592e-02 5.918860e-03
3.311307e-02 1.011878e+00 9.987369e-01 1.940699e+05 1.544981e+01 -2.485448e-02 5.766988e-03
3.388438e-02 1.012965e+00 1.009384e+00 1.922903e+05 1.531612e+01 -2.009261e-02 5.746603e-03
3.467364e-02 1.008746e+00 1.009525e+00 1.895952e+05 1.510030e+01 -2.407670e-02 5.758405e-03
3.548130e-02 9.993066e-01 1.007838e+00 1.808168e+05 1.438888e+01 -4.312193e-02 5.665183e-03
3.630776e-02 9.908054e-01 1.008399e+00 1.738064e+05 1.382706e+01 -3.129596e-02 5.594134e-03
3.715347e-02 9.855207e-01 1.010292e+00 1.683813e+05 1.339671e+01 -4.067791e-02 5.463481e-03
3.801889e-02 9.860017e-01 1.009872e+00 1.645089e+05 1.307649e+01 -3.348827e-02 5.327821e-03
3.890447e-02 9.923469e-01 1.009057e+00 1.611033e+05 1.281229e+01 -3.759396e-02 5.137324e-03
3.981066e-02 1.000925e+00 1.011166e+00 1.614659e+05 1.282916e+01 -4.582453e-02 4.977942e-03
4.073797e-02 1.010095e+00 1.007683e+00 1.598300e+05 1.270343e+01 -4.413629e-02 4.894376e-03
4.168688e-02 1.016320e+00 1.009325e+00 1.593921e+05 1.270661e+01 -4.425985e-02 4.827261e-03
4.265789e-02 1.018255e+00 1.004027e+00 1.539698e+05 1.226671e+01 -3.598160e-02 4.685879e-03
4.365152e-02 1.015394e+00 1.000611e+00 1.514478e+05 1.200474e+01 -5.330873e-02 4.689932e-03
4.466829e-02 1.007843e+00 1.007609e+00 1.458130e+05 1.156929e+01 -6.576401e-02 4.596233e-03
4.570875e-02 9.974585e-01 1.013789e+00 1.421962e+05 1.128345e+01 -7.434142e-02 4.600763e-03
4.677344e-02 9.881719e-01 1.014253e+00 1.363880e+05 1.086010e+01 -6.090844e-02 4.545450e-03
4.786294e-02 9.823009e-01 1.014343e+00 1.314783e+05 1.045330e+01 -5.977815e-02 4.463673e-03
4.897781e-02 9.797499e-01 1.013109e+00 1.266409e+05 1.008788e+01 -4.835969e-02 4.312158e-03
5.011865e-02 9.810117e-01 1.015969e+00 1.244057e+05 9.901029e+00 -4.875916e-02 4.225373e-03
5.128606e-02 9.868413e-01 1.030833e+00 1.244794e+05 9.914716e+00 -4.081374e-02 4.097223e-03
5.248066e-02 9.954672e-01 1.025228e+00 1.228573e+05 9.689034e+00 -1.989621e-02 3.967643e-03
5.370309e-02 1.005092e+00 1.016533e+00 1.210165e+05 9.619006e+00 -2.878940e-02 3.837824e-03
5.495400e-02 1.013934e+00 1.022099e+00 1.223885e+05 9.670572e+00 -2.698785e-02 3.806710e-03
5.623404e-02 1.020508e+00 1.019866e+00 1.206168e+05 9.547705e+00 -3.403682e-02 3.712177e-03
5.754390e-02 1.024137e+00 1.015817e+00 1.183518e+05 9.347806e+00 -3.298086e-02 3.676534e-03
5.888427e-02 1.023637e+00 1.017769e+00 1.164805e+05 9.255496e+00 -4.945755e-02 3.666282e-03
6.025586e-02 1.019679e+00 1.009967e+00 1.121063e+05 8.891031e+00 -3.222877e-02 3.605485e-03
6.165939e-02 1.012568e+00 1.022887e+00 1.098061e+05 8.742063e+00 -4.619473e-02 3.610253e-03
6.309562e-02 1.003514e+00 1.010383e+00 1.054872e+05 8.371231e+00 -1.660407e-02 3.597498e-03
6.456531e-02 9.938022e-01 1.019108e+00 1.027633e+05 8.168150e+00 -2.795291e-02 3.600597e-03
6.606922e-02 9.850090e-01 1.011172e+00 9.722014e+04 7.716468e+00 -2.800918e-02 3.522635e-03
6.760818e-02 9.775312e-01 1.017627e+00 9.442787e+04 7.503519e+00 -3.830135e-03 3.542423e-03
6.918297e-02 9.728383e-01 1.019100e+00 9.038954e+04 7.228817e+00 2.203226e-02 3.392935e-03
7.079445e-02 9.704651e-01 1.014982e+00 8.586930e+04 6.874538e+00 2.628279e-02 3.257275e-03
7.244346e-02 9.715584e-01 1.012500e+00 8.464259e+04 6.724615e+00 2.677476e-02 3.178239e-03
7.413089e-02 9.754090e-01 9.942075e-01 8.230996e+04 6.536493e+00 2.949798e-02 3.030777e-03
7.585761e-02 9.818714e-01 1.012354e+00 8.243348e+04 6.557183e+00 -6.181717e-03 3.010631e-03
7.762456e-02 9.896398e-01 1.008920e+00 8.102993e+04 6.411716e+00 -2.695787e-02 2.898932e-03
7.943267e-02 9.990354e-01 1.000462e+00 8.024501e+04 6.329592e+00 -1.154667e-02 2.797604e-03
8.128289e-02 1.007842e+00 9.932801e-01 7.920359e+04 6.216592e+00 1.501441e-02 2.678990e-03
8.317621e-02 1.016901e+00 9.955736e-01 7.903891e+04 6.229961e+00 -1.058877e-03 2.652764e-03
8.511363e-02 1.024701e+00 9.910347e-01 7.765930e+04 6.098499e+00 -2.769828e-04 2.585649e-03
8.709618e-02 1.031092e+00 9.992858e-01 7.863097e+04 6.158341e+00 -1.262677e-02 2.560377e-03
8.912491e-02 1.035373e+00 9.944234e-01 7.742853e+04 6.116961e+00 -7.154047e-03 2.543330e-03
9.120089e-02 1.037097e+00 1.002583e+00 7.743730e+04 6.094679e+00 4.482269e-04 2.584934e-03
9.332523e-02 1.036695e+00 9.907423e-01 7.563360e+04 5.950485e+00 9.573221e-03 2.557755e-03
9.549905e-02 1.033395e+00 1.003553e+00 7.486791e+04 5.851490e+00 1.059151e-02 2.590179e-03
9.772351e-02 1.028833e+00 1.002400e+00 7.395009e+04 5.772868e+00 -6.264329e-03 2.631068e-03
9.999978e-02 1.022398e+00 9.980817e-01 7.165569e+04 5.588885e+00 -1.327431e-02 2.609730e-03
1.023291e-01 1.013826e+00 9.942753e-01 7.088034e+04 5.562147e+00 -4.230917e-03 2.669096e-03
1.047126e-01 1.005088e+00 1.006558e+00 6.898602e+04 5.442462e+00 2.551556e-03 2.705455e-03
1.071517e-01 9.951577e-01 1.012812e+00 6.680134e+04 5.289673e+00 -7.193089e-04 2.739310e-03
1.096476e-01 9.862193e-01 1.001704e+00 6.342707e+04 5.048395e+00 2.474725e-02 2.683163e-03
1.122016e-01 9.764497e-01 1.016978e+00 6.253050e+04 4.971364e+00 2.897501e-02 2.784491e-03
1.148151e-01 9.680399e-01 1.004030e+00 5.891094e+04 4.682020e+00 8.208036e-03 2.718687e-03
1.174895e-01 9.605156e-01 1.024307e+00 5.763591e+04 4.605944e+00 2.439022e-02 2.707720e-03
1.202262e-01 9.547850e-01 1.009157e+00 5.501935e+04 4.405409e+00 3.684449e-02 2.695680e-03
1.230266e-01 9.508925e-01 1.005869e+00 5.229620e+04 4.228110e+00 5.693030e-02 2.570152e-03
1.258922e-01 9.478460e-01 1.006914e+00 5.066197e+04 4.073730e+00 6.187034e-02 2.559304e-03
1.288246e-01 9.466612e-01 1.002216e+00 4.883762e+04 3.971234e+00 3.360927e-02 2.499461e-03
1.318253e-01 9.472671e-01 1.010667e+00 4.752197e+04 3.870648e+00 4.025519e-02 2.441764e-03
1.348960e-01 9.495671e-01 1.005282e+00 4.659655e+04 3.733138e+00 2.173364e-02 2.371550e-03
1.380381e-01 9.531300e-01 1.008790e+00 4.585551e+04 3.693031e+00 1.024199e-02 2.313495e-03
1.412534e-01 9.581544e-01 1.003903e+00 4.472663e+04 3.630642e+00 5.838752e-03 2.238989e-03
1.445436e-01 9.647850e-01 1.004063e+00 4.384989e+04 3.529738e+00 7.935166e-03 2.112746e-03
1.479105e-01 9.721923e-01 1.008421e+00 4.384932e+04 3.520189e+00 7.987380e-03 2.060890e-03
1.513557e-01 9.802983e-01 1.003753e+00 4.343570e+04 3.421513e+00 5.533457e-03 1.976967e-03
1.548813e-01 9.886101e-01 1.002160e+00 4.250387e+04 3.345119e+00 4.101980e-02 1.877666e-03
1.584889e-01 9.982087e-01 9.920285e-01 4.178707e+04 3.259493e+00 3.355563e-02 1.812577e-03
1.621806e-01 1.007736e+00 1.000099e+00 4.278054e+04 3.312333e+00 3.586400e-02 1.781106e-03
1.659582e-01 1.017366e+00 1.002648e+00 4.277458e+04 3.328885e+00 8.803010e-03 1.727462e-03
1.698239e-01 1.026882e+00 1.005927e+00 4.283647e+04 3.302147e+00 1.669681e-02 1.665831e-03
1.737796e-01 1.036533e+00 9.919538e-01 4.221953e+04 3.301510e+00 -3.223181e-03 1.629710e-03
1.778274e-01 1.045081e+00 9.846019e-01 4.216767e+04 3.271271e+00 -8.867979e-04 1.568079e-03
1.819696e-01 1.053179e+00 9.968889e-01 4.251172e+04 3.308195e+00 7.597327e-03 1.570106e-03
1.862082e-01 1.060478e+00 9.911426e-01 4.239617e+04 3.253763e+00 1.634955e-02 1.524091e-03
1.905455e-01 1.067437e+00 9.942132e-01 4.288801e+04 3.392865e+00 1.126754e-02 1.525164e-03
1.949839e-01 1.073742e+00 9.959639e-01 4.299214e+04 3.369310e+00 1.462352e-02 1.492023e-03
1.995257e-01 1.078645e+00 9.951873e-01 4.344483e+04 3.416420e+00 4.443765e-03 1.481771e-03
2.041732e-01 1.082939e+00 9.817193e-01 4.242236e+04 3.373448e+00 2.095711e-02 1.454473e-03
2.089290e-01 1.085623e+00 9.949419e-01 4.262559e+04 3.386817e+00 1.005173e-03 1.432896e-03
2.137956e-01 1.088073e+00 1.001023e+00 4.282019e+04 3.441566e+00 -1.908511e-02 1.444101e-03
2.187755e-01 1.089324e+00 9.971771e-01 4.246004e+04 3.361352e+00 -3.443420e-03 1.439810e-03
2.238715e-01 1.089448e+00 1.008943e+00 4.332353e+04 3.501090e+00 -1.972425e-02 1.466393e-03
2.290861e-01 1.088758e+00 1.003414e+00 4.298404e+04 3.454617e+00 -2.304536e-02 1.423597e-03
2.344222e-01 1.087042e+00 9.989157e-01 4.284926e+04 3.422149e+00 -2.170128e-02 1.428127e-03
2.398826e-01 1.084529e+00 1.003075e+00 4.314782e+04 3.399231e+00 -6.016374e-02 1.434088e-03
2.454701e-01 1.081166e+00 1.015546e+00 4.382807e+04 3.446659e+00 -4.516578e-02 1.466751e-03
2.511879e-01 1.077136e+00 1.027283e+00 4.358854e+04 3.521144e+00 -1.404065e-02 1.453757e-03
2.570388e-01 1.072541e+00 1.007102e+00 4.270641e+04 3.392865e+00 3.986239e-03 1.440287e-03
2.630260e-01 1.066721e+00 1.015474e+00 4.335423e+04 3.366764e+00 2.094817e-02 1.492977e-03
2.691526e-01 1.060425e+00 1.016651e+00 4.267304e+04 3.300555e+00 3.614187e-03 1.464009e-03
2.754220e-01 1.053063e+00 1.013889e+00 4.226446e+04 3.254082e+00 1.104867e-02 1.441121e-03
2.818374e-01 1.045784e+00 1.007113e+00 4.127560e+04 3.176414e+00 1.909125e-02 1.448870e-03
2.884022e-01 1.037370e+00 1.011737e+00 4.133514e+04 3.194240e+00 3.066957e-02 1.455069e-03
2.951200e-01 1.029089e+00 9.969415e-01 4.031891e+04 3.118164e+00 1.105869e-02 1.447797e-03
3.019942e-01 1.020718e+00 9.946250e-01 3.966287e+04 3.059913e+00 -1.701075e-02 1.460791e-03
3.090285e-01 1.012061e+00 1.007084e+00 3.956597e+04 3.105113e+00 -3.072566e-02 1.466870e-03
3.162267e-01 1.002726e+00 9.979262e-01 3.841009e+04 2.987020e+00 -1.990205e-02 1.437783e-03
3.235926e-01 9.935172e-01 9.750499e-01 3.700309e+04 2.869245e+00 -9.000838e-03 1.427531e-03
3.311300e-01 9.835166e-01 9.838002e-01 3.675530e+04 2.901076e+00 -3.303289e-02 1.461625e-03
3.388430e-01 9.738274e-01 9.750337e-01 3.625411e+04 2.865107e+00 -2.341849e-02 1.467228e-03
3.467357e-01 9.635568e-01 9.817263e-01 3.625376e+04 2.911262e+00 -2.620691e-02 1.473069e-03
3.548122e-01 9.536298e-01 9.926872e-01 3.605818e+04 2.909352e+00 -4.662514e-03 1.503348e-03
3.630768e-01 9.435433e-01 9.861471e-01 3.600520e+04 2.929406e+00 5.361915e-03 1.512289e-03
3.715340e-01 9.334353e-01 9.913899e-01 3.601750e+04 2.953916e+00 -1.846325e-02 1.534820e-03
3.801881e-01 9.236649e-01 9.909084e-01 3.571010e+04 2.969513e+00 -1.324546e-02 1.538396e-03
3.890438e-01 9.136115e-01 9.863880e-01 3.581490e+04 2.934021e+00 -6.177187e-03 1.572013e-03
3.981058e-01 9.035906e-01 9.695966e-01 3.470332e+04 2.863516e+00 -8.983135e-03 1.546383e-03
4.073789e-01 8.938157e-01 9.826152e-01 3.503508e+04 2.891368e+00 3.061771e-03 1.590490e-03
4.168679e-01 8.839424e-01 9.722993e-01 3.380046e+04 2.786644e+00 -1.337385e-02 1.564980e-03
4.265780e-01 8.743678e-01 9.976314e-01 3.496950e+04 2.821499e+00 -2.728671e-02 1.621246e-03
4.365143e-01 8.647449e-01 9.911484e-01 3.456880e+04 2.783302e+00 -1.624590e-02 1.647949e-03
4.466820e-01 8.554327e-01 1.003831e+00 3.429320e+04 2.777413e+00 4.649878e-03 1.670837e-03
4.570865e-01 8.468373e-01 1.008586e+00 3.462259e+04 2.776458e+00 2.736449e-03 1.711130e-03
4.677334e-01 8.374236e-01 1.005442e+00 3.369468e+04 2.624624e+00 -1.995730e-02 1.695991e-03
4.786283e-01 8.291391e-01 1.003195e+00 3.352986e+04 2.613642e+00 -1.571965e-02 1.690626e-03
4.897770e-01 8.203018e-01 1.013518e+00 3.376523e+04 2.607913e+00 1.649380e-03 1.723170e-03
5.011854e-01 8.123002e-01 1.016155e+00 3.352405e+04 2.554118e+00 8.695602e-03 1.731277e-03
5.128595e-01 8.042882e-01 1.012437e+00 3.322795e+04 2.526744e+00 -1.291311e-02 1.737833e-03
5.248055e-01 7.962887e-01 1.019861e+00 3.339259e+04 2.574490e+00 -2.823204e-02 1.797318e-03
5.370297e-01 7.886086e-01 1.016430e+00 3.309749e+04 2.531837e+00 -3.024727e-02 1.795173e-03
5.495388e-01 7.815748e-01 1.015980e+00 3.249473e+04 2.516876e+00 -2.628434e-02 1.768112e-03
5.623392e-01 7.742035e-01 1.013716e+00 3.217172e+04 2.455442e+00 -1.329643e-02 1.764059e-03
5.754377e-01 7.670466e-01 1.017141e+00 3.199161e+04 2.511465e+00 1.193559e-02 1.772404e-03
5.888414e-01 7.604362e-01 9.888651e-01 3.066187e+04 2.413425e+00 -9.038985e-03 1.729965e-03
6.025573e-01 7.539617e-01 1.006263e+00 3.080035e+04 2.430455e+00 -4.374027e-02 1.732349e-03
6.165926e-01 7.477118e-01 1.005736e+00 3.059299e+04 2.436980e+00 -2.951950e-02 1.741529e-03
6.309550e-01 7.413240e-01 1.002000e+00 3.014504e+04 2.378252e+00 -3.350455e-02 1.744747e-03
6.456518e-01 7.358429e-01 9.919352e-01 2.929859e+04 2.341965e+00 -3.276539e-02 1.754880e-03
6.606910e-01 7.298414e-01 9.880137e-01 2.923859e+04 2.329710e+00 -3.864777e-02 1.751900e-03
6.760805e-01 7.244048e-01 9.935583e-01 2.900361e+04 2.344830e+00 -3.467131e-02 1.755953e-03
6.918284e-01 7.195615e-01 9.969665e-01 2.914119e+04 2.336395e+00 -2.289456e-02 1.736045e-03
7.079431e-01 7.142307e-01 9.827687e-01 2.870915e+04 2.342920e+00 -9.836435e-03 1.731038e-03
7.244333e-01 7.093595e-01 9.993685e-01 2.961400e+04 2.416927e+00 -6.365716e-03 1.800656e-03
7.413075e-01 7.047606e-01 9.963183e-01 2.927784e+04 2.385414e+00 -2.055508e-02 1.784444e-03
7.585748e-01 7.003763e-01 9.832708e-01 2.852190e+04 2.335439e+00 3.711224e-03 1.747251e-03
7.762442e-01 6.959879e-01 9.857579e-01 2.852454e+04 2.333370e+00 1.110446e-02 1.788735e-03
7.943253e-01 6.921942e-01 9.852730e-01 2.836671e+04 2.308542e+00 -4.778802e-03 1.765728e-03
8.128275e-01 6.878083e-01 9.884328e-01 2.850398e+04 2.307587e+00 2.946341e-02 1.755238e-03
8.317607e-01 6.842617e-01 9.998789e-01 2.906472e+04 2.383345e+00 1.539230e-02 1.754284e-03
8.511349e-01 6.805595e-01 9.917034e-01 2.888089e+04 2.391780e+00 5.355835e-03 1.734614e-03
8.709604e-01 6.770363e-01 9.935330e-01 2.903830e+04 2.375547e+00 1.378345e-02 1.754403e-03
8.912476e-01 6.737096e-01 1.003987e+00 2.945189e+04 2.401170e+00 9.066820e-03 1.763940e-03
9.120075e-01 6.702045e-01 1.006609e+00 3.004108e+04 2.435071e+00 1.997602e-02 1.781225e-03
9.332508e-01 6.672122e-01 9.980949e-01 2.950423e+04 2.407696e+00 -4.636645e-03 1.750350e-03
9.549890e-01 6.642674e-01 9.950948e-01 2.965568e+04 2.419314e+00 -1.292312e-02 1.741767e-03
9.772336e-01 6.615821e-01 1.004721e+00 3.056845e+04 2.492048e+00 -6.041467e-03 1.759052e-03
9.999962e-01 6.590147e-01 9.986936e-01 3.065273e+04 2.504462e+00 7.850051e-03 1.756072e-03
1.023289e+00 6.561889e-01 1.010986e+00 3.139716e+04 2.528813e+00 -4.811883e-04 1.778126e-03
1.047125e+00 6.539265e-01 9.913400e-01 3.092467e+04 2.519582e+00 -1.274449e-02 1.695514e-03
1.071515e+00 6.518601e-01 9.954410e-01 3.114970e+04 2.530564e+00 -1.256585e-02 1.719952e-03
1.096474e+00 6.495493e-01 9.914449e-01 3.121156e+04 2.534702e+00 1.004684e-02 1.696944e-03
1.122014e+00 6.477254e-01 9.899052e-01 3.132789e+04 2.537169e+00 1.059318e-02 1.679301e-03
1.148149e+00 6.459539e-01 9.801954e-01 3.118073e+04 2.521094e+00 7.666349e-04 1.630545e-03
1.174893e+00 6.439381e-01 9.844733e-01 3.129908e+04 2.515921e+00 1.333499e-02 1.621485e-03
1.202260e+00 6.421763e-01 9.828098e-01 3.167422e+04 2.549026e+00 -6.000042e-03 1.610518e-03
1.230264e+00 6.407317e-01 9.853398e-01 3.203377e+04 2.560325e+00 3.515959e-03 1.589179e-03
1.258921e+00 6.392236e-01 1.000751e+00 3.301668e+04 2.651839e+00 -5.041957e-04 1.596451e-03
1.288245e+00 6.375485e-01 9.948366e-01 3.308057e+04 2.655421e+00 6.238222e-03 1.539826e-03
1.318252e+00 6.361239e-01 9.954346e-01 3.353023e+04 2.681283e+00 6.860018e-03 1.533985e-03
1.348958e+00 6.348320e-01 9.948022e-01 3.408317e+04 2.752425e+00 7.759929e-03 1.504540e-03
1.380379e+00 6.335422e-01 1.000112e+00 3.437324e+04 2.756802e+00 -3.739297e-03 1.486421e-03
1.412532e+00 6.322426e-01 9.916231e-01 3.457941e+04 2.770330e+00 -6.421983e-03 1.473069e-03
1.445434e+00 6.312974e-01 1.000515e+00 3.524059e+04 2.807254e+00 -5.969226e-03 1.462460e-03
1.479103e+00 6.302862e-01 9.982106e-01 3.565004e+04 2.840677e+00 -3.118879e-02 1.413822e-03
1.513556e+00 6.291856e-01 1.004224e+00 3.662118e+04 2.915161e+00 -1.504445e-02 1.426697e-03
1.548811e+00 6.281775e-01 1.007335e+00 3.756018e+04 2.996330e+00 -1.314747e-02 1.406431e-03
1.584887e+00 6.273463e-01 1.004092e+00 3.786944e+04 3.031902e+00 -1.288742e-02 1.376390e-03
1.621804e+00 6.263323e-01 1.015929e+00 3.961534e+04 3.175937e+00 -6.709754e-03 1.371741e-03
1.659581e+00 6.254826e-01 1.011778e+00 4.004405e+04 3.203470e+00 1.492715e-02 1.383305e-03
1.698237e+00 6.250808e-01 1.000662e+00 3.945231e+04 3.129861e+00 -3.679246e-02 1.372576e-03
1.737795e+00 6.244054e-01 1.014167e+00 4.091281e+04 3.258459e+00 -2.252042e-02 1.353145e-03
1.778273e+00 6.237099e-01 9.992350e-01 4.051947e+04 3.245090e+00 -1.520681e-02 1.339555e-03
1.819694e+00 6.229014e-01 1.003278e+00 4.144812e+04 3.299998e+00 -7.592797e-03 1.289606e-03
1.862080e+00 6.222907e-01 1.012053e+00 4.245262e+04 3.375119e+00 -1.768529e-02 1.310468e-03
1.905454e+00 6.215996e-01 1.014737e+00 4.353879e+04 3.438542e+00 -1.792103e-02 1.276612e-03
1.949837e+00 6.212105e-01 1.015196e+00 4.458319e+04 3.543107e+00 -3.998291e-02 1.262784e-03
1.995255e+00 6.205830e-01 1.018156e+00 4.554259e+04 3.631836e+00 -3.529787e-02 1.240253e-03
2.041730e+00 6.204193e-01 1.002229e+00 4.534681e+04 3.595947e+00 -4.307771e-02 1.219749e-03
2.089288e+00 6.200622e-01 1.005366e+00 4.598068e+04 3.661041e+00 -3.930539e-02 1.209021e-03
2.137954e+00 6.196223e-01 1.013606e+00 4.730937e+04 3.764492e+00 -3.506023e-02 1.178741e-03
2.187753e+00 6.192780e-01 1.005618e+00 4.732396e+04 3.778577e+00 2.330184e-03 1.153469e-03
2.238713e+00 6.190628e-01 9.976622e-01 4.813183e+04 3.826085e+00 4.990220e-03 1.137614e-03
2.290859e+00 6.186272e-01 1.006312e+00 4.942402e+04 3.929058e+00 9.739399e-05 1.154900e-03
2.344220e+00 6.183950e-01 9.976109e-01 4.978694e+04 3.945371e+00 2.098668e-02 1.116872e-03
2.398823e+00 6.187332e-01 9.850949e-01 4.926403e+04 3.897545e+00 8.982658e-03 1.076221e-03
2.454699e+00 6.183133e-01 9.899864e-01 5.056732e+04 4.021527e+00 -1.602888e-03 1.071215e-03
2.511877e+00 6.182023e-01 9.968702e-01 5.287206e+04 4.181716e+00 -5.547225e-03 1.063228e-03
2.570385e+00 6.180485e-01 9.952279e-01 5.297973e+04 4.188242e+00 1.649618e-02 1.014471e-03
2.630257e+00 6.183174e-01 9.968886e-01 5.420856e+04 4.309995e+00 -1.993477e-03 1.010418e-03
2.691524e+00 6.181687e-01 9.954499e-01 5.532548e+04 4.394905e+00 -1.504445e-02 1.014948e-03
2.754218e+00 6.182503e-01 1.003194e+00 5.686427e+04 4.516499e+00 1.461053e-02 9.597540e-04
2.818372e+00 6.183846e-01 1.007123e+00 5.825951e+04 4.633478e+00 -4.000783e-03 9.528399e-04
2.884020e+00 6.184379e-01 1.010259e+00 6.026989e+04 4.776001e+00 -7.315934e-03 9.285212e-04
2.951197e+00 6.186842e-01 1.020468e+00 6.173514e+04 4.885977e+00 -1.630723e-02 9.214878e-04
3.019939e+00 6.182036e-01 1.013960e+00 6.325636e+04 5.018235e+00 -7.877529e-03 8.912086e-04
3.090283e+00 6.185900e-01 1.019381e+00 6.470843e+04 5.125664e+00 -1.772463e-03 8.889437e-04
3.162264e+00 6.188553e-01 9.995840e-01 6.417980e+04 5.093595e+00 -4.711568e-03 8.749962e-04
3.235923e+00 6.190202e-01 1.011134e+00 6.596053e+04 5.241131e+00 5.873561e-03 8.604527e-04
3.311297e+00 6.193944e-01 1.013664e+00 6.751693e+04 5.377686e+00 1.544845e-02 8.275509e-04
3.388427e+00 6.194539e-01 9.985214e-01 6.827272e+04 5.427263e+00 3.146613e-02 8.277893e-04
3.467354e+00 6.202370e-01 9.933812e-01 6.866548e+04 5.456707e+00 1.756263e-02 8.192062e-04
3.548119e+00 6.206724e-01 1.001134e+00 7.129706e+04 5.672043e+00 2.074516e-02 8.304119e-04
3.630765e+00 6.208310e-01 1.000121e+00 7.245717e+04 5.744061e+00 9.370565e-03 8.033514e-04
3.715336e+00 6.218652e-01 1.011572e+00 7.399301e+04 5.869077e+00 3.921211e-02 8.049011e-04
3.801878e+00 6.222070e-01 1.008157e+00 7.610647e+04 6.046614e+00 3.062725e-02 7.774830e-04
3.890435e+00 6.226009e-01 1.005497e+00 7.726840e+04 6.143699e+00 5.705595e-03 7.760525e-04
3.981055e+00 6.227458e-01 1.005892e+00 7.939123e+04 6.311289e+00 4.119396e-03 7.654428e-04
4.073785e+00 6.231352e-01 1.005326e+00 8.034758e+04 6.381874e+00 9.538174e-03 7.573366e-04
4.168675e+00 6.238437e-01 1.008600e+00 8.227062e+04 6.516360e+00 2.098203e-02 7.563829e-04
4.265777e+00 6.241652e-01 1.013592e+00 8.539828e+04 6.759071e+00 2.536416e-02 7.038116e-04
4.365139e+00 6.244954e-01 1.010177e+00 8.703660e+04 6.927298e+00 2.572846e-02 7.297993e-04
4.466816e+00 6.256073e-01 1.018693e+00 8.959595e+04 7.112873e+00 1.961470e-02 7.143021e-04
4.570861e+00 6.258618e-01 1.008606e+00 9.151359e+04 7.286511e+00 4.265070e-02 6.936789e-04
4.677330e+00 6.273116e-01 1.016219e+00 9.447191e+04 7.509726e+00 3.635859e-02 6.908178e-04
4.786279e+00 6.278036e-01 1.017229e+00 9.654025e+04 7.673656e+00 3.544056e-02 6.905794e-04
4.897766e+00 6.283353e-01 1.009228e+00 9.932043e+04 7.880955e+00 6.407523e-02 6.519556e-04
5.011849e+00 6.291718e-01 1.014254e+00 1.021973e+05 8.115628e+00 3.619289e-02 6.470680e-04
5.128591e+00 6.304479e-01 1.010826e+00 1.041852e+05 8.293484e+00 3.588319e-02 6.260872e-04
5.248051e+00 6.309876e-01 1.022179e+00 1.089636e+05 8.664236e+00 2.777505e-02 6.208420e-04
5.370293e+00 6.319457e-01 1.025598e+00 1.097230e+05 8.729966e+00 3.254068e-02 6.104708e-04
5.495383e+00 6.328275e-01 1.015759e+00 1.117074e+05 8.872012e+00 3.739178e-02 6.060600e-04
5.623387e+00 6.335021e-01 1.017371e+00 1.151932e+05 9.157616e+00 1.698506e-02 5.911589e-04
5.754373e+00 6.340179e-01 1.015364e+00 1.175152e+05 9.343032e+00 1.604187e-02 5.913973e-04
5.888409e+00 6.341832e-01 1.018125e+00 1.212893e+05 9.655213e+00 6.482720e-03 5.692244e-04
6.025568e+00 6.358596e-01 1.003629e+00 1.213757e+05 9.667389e+00 3.089786e-02 5.683899e-04
6.165921e+00 6.366817e-01 1.004001e+00 1.223359e+05 9.734552e+00 1.655936e-02 5.447865e-04
6.309543e+00 6.385973e-01 9.963228e-01 1.248686e+05 9.938351e+00 2.914310e-03 5.367994e-04
6.456511e+00 6.392996e-01 9.877102e-01 1.249208e+05 9.938908e+00 -3.636718e-03 5.282164e-04
6.606903e+00 6.402794e-01 9.924594e-01 1.288496e+05 1.025220e+01 2.843225e-02 5.575418e-04
6.760797e+00 6.416299e-01 1.003383e+00 1.333340e+05 1.059940e+01 1.766586e-02 5.353689e-04
6.918276e+00 6.424807e-01 1.009055e+00 1.385103e+05 1.101718e+01 1.661289e-02 5.149841e-04
7.079423e+00 6.437030e-01 1.007666e+00 1.395030e+05 1.110002e+01 6.262541e-03 5.124807e-04
7.244324e+00 6.451223e-01 9.998321e-01 1.409647e+05 1.120809e+01 1.459491e-02 5.097389e-04
7.413066e+00 6.458116e-01 1.006898e+00 1.464747e+05 1.164187e+01 2.806425e-03 5.044937e-04
7.585738e+00 6.473761e-01 1.003067e+00 1.491630e+05 1.185959e+01 -9.571850e-03 4.986525e-04
7.762433e+00 6.484752e-01 1.007071e+00 1.551780e+05 1.235018e+01 -2.671474e-02 5.004406e-04
7.943243e+00 6.492672e-01 9.991255e-01 1.537265e+05 1.223074e+01 -3.999954e-02 4.830360e-04
8.128264e+00 6.508456e-01 9.893644e-01 1.543403e+05 1.229512e+01 -2.873737e-02 4.695654e-04
8.317595e+00 6.519174e-01 9.889550e-01 1.572110e+05 1.250257e+01 -1.749516e-02 4.671812e-04
8.511337e+00 6.524751e-01 9.890732e-01 1.609538e+05 1.280943e+01 -4.848242e-03 4.595518e-04
8.709592e+00 6.543203e-01 9.810474e-01 1.646287e+05 1.311166e+01 -1.529491e-02 4.627705e-04
8.912464e+00 6.548436e-01 9.879529e-01 1.699885e+05 1.353024e+01 -2.463341e-02 4.485846e-04
9.120062e+00 6.567559e-01 9.871681e-01 1.724931e+05 1.372998e+01 -1.825565e-02 4.618168e-04
9.332495e+00 6.580492e-01 9.839672e-01 1.778413e+05 1.416049e+01 -2.772254e-02 4.364252e-04
9.549876e+00 6.586928e-01 9.958422e-01 1.847979e+05 1.469096e+01 -2.815932e-02 4.299879e-04
9.772322e+00 6.596842e-01 9.805502e-01 1.875635e+05 1.492412e+01 -2.057749e-02 4.278421e-04
