#./double_integration --dev=0 --block=256 --domainz=-10:20:1024 --domaint=-5:2:1024 --domaineps=-1:3:256:1 --lambda=5.0 --zeta=0.2 --second=3.14 --skew=0.99>> integrate_5.0_0.2_-1:3:256:1.dat
#eps <v_r> <v>/v_0 
1.000000e-01 3.669480e-03 1.018347e+00 
1.036633e-01 3.803394e-03 1.019017e+00 
1.074608e-01 3.942174e-03 1.019711e+00 
1.113974e-01 4.085993e-03 1.020430e+00 
1.154782e-01 4.235031e-03 1.021175e+00 
1.197085e-01 4.389478e-03 1.021947e+00 
1.240938e-01 4.549525e-03 1.022748e+00 
1.286397e-01 4.715373e-03 1.023577e+00 
1.333521e-01 4.887230e-03 1.024436e+00 
1.382372e-01 5.065311e-03 1.025327e+00 
1.433013e-01 5.249836e-03 1.026249e+00 
1.485508e-01 5.441036e-03 1.027205e+00 
1.539927e-01 5.639147e-03 1.028196e+00 
1.596339e-01 5.844415e-03 1.029222e+00 
1.654817e-01 6.057093e-03 1.030285e+00 
1.715438e-01 6.277443e-03 1.031387e+00 
1.778279e-01 6.505736e-03 1.032529e+00 
1.843423e-01 6.742252e-03 1.033711e+00 
1.910953e-01 6.987280e-03 1.034936e+00 
1.980957e-01 7.241118e-03 1.036206e+00 
2.053525e-01 7.504074e-03 1.037520e+00 
2.128752e-01 7.776467e-03 1.038882e+00 
2.206734e-01 8.058625e-03 1.040293e+00 
2.287573e-01 8.350887e-03 1.041754e+00 
2.371374e-01 8.653602e-03 1.043268e+00 
2.458244e-01 8.967131e-03 1.044836e+00 
2.548297e-01 9.291845e-03 1.046459e+00 
2.641648e-01 9.628128e-03 1.048141e+00 
2.738420e-01 9.976373e-03 1.049882e+00 
2.838736e-01 1.033699e-02 1.051685e+00 
2.942727e-01 1.071039e-02 1.053552e+00 
3.050528e-01 1.109701e-02 1.055485e+00 
3.162278e-01 1.149729e-02 1.057486e+00 
3.278121e-01 1.191168e-02 1.059558e+00 
3.398208e-01 1.234066e-02 1.061703e+00 
3.522695e-01 1.278470e-02 1.063923e+00 
3.651741e-01 1.324429e-02 1.066221e+00 
3.785515e-01 1.371995e-02 1.068600e+00 
3.924190e-01 1.421218e-02 1.071061e+00 
4.067944e-01 1.472151e-02 1.073608e+00 
4.216965e-01 1.524850e-02 1.076243e+00 
4.371445e-01 1.579369e-02 1.078968e+00 
4.531584e-01 1.635766e-02 1.081788e+00 
4.697589e-01 1.694097e-02 1.084705e+00 
4.869675e-01 1.754421e-02 1.087721e+00 
5.048066e-01 1.816800e-02 1.090840e+00 
5.232991e-01 1.881294e-02 1.094065e+00 
5.424691e-01 1.947964e-02 1.097398e+00 
5.623413e-01 2.016874e-02 1.100844e+00 
5.829415e-01 2.088087e-02 1.104404e+00 
6.042964e-01 2.161668e-02 1.108083e+00 
6.264335e-01 2.237682e-02 1.111884e+00 
6.493816e-01 2.316194e-02 1.115810e+00 
6.731704e-01 2.397271e-02 1.119864e+00 
6.978306e-01 2.480978e-02 1.124049e+00 
7.233942e-01 2.567382e-02 1.128369e+00 
7.498942e-01 2.656549e-02 1.132827e+00 
7.773650e-01 2.748545e-02 1.137427e+00 
8.058422e-01 2.843435e-02 1.142172e+00 
8.353625e-01 2.941285e-02 1.147064e+00 
8.659643e-01 3.042158e-02 1.152108e+00 
8.976871e-01 3.146118e-02 1.157306e+00 
9.305720e-01 3.253225e-02 1.162661e+00 
9.646616e-01 3.363540e-02 1.168177e+00 
1.000000e+00 3.477121e-02 1.173856e+00 
1.036633e+00 3.594023e-02 1.179701e+00 
1.074608e+00 3.714301e-02 1.185715e+00 
1.113974e+00 3.838006e-02 1.191900e+00 
1.154782e+00 3.965183e-02 1.198259e+00 
1.197085e+00 4.095879e-02 1.204794e+00 
1.240938e+00 4.230133e-02 1.211507e+00 
1.286397e+00 4.367982e-02 1.218399e+00 
1.333521e+00 4.509458e-02 1.225473e+00 
1.382372e+00 4.654589e-02 1.232729e+00 
1.433013e+00 4.803397e-02 1.240170e+00 
1.485508e+00 4.955899e-02 1.247795e+00 
1.539927e+00 5.112107e-02 1.255605e+00 
1.596339e+00 5.272026e-02 1.263601e+00 
1.654817e+00 5.435656e-02 1.271783e+00 
1.715438e+00 5.602989e-02 1.280149e+00 
1.778279e+00 5.774011e-02 1.288701e+00 
1.843423e+00 5.948703e-02 1.297435e+00 
1.910953e+00 6.127035e-02 1.306352e+00 
1.980957e+00 6.308973e-02 1.315449e+00 
2.053525e+00 6.494473e-02 1.324724e+00 
2.128752e+00 6.683486e-02 1.334174e+00 
2.206734e+00 6.875953e-02 1.343798e+00 
2.287573e+00 7.071808e-02 1.353590e+00 
2.371374e+00 7.270979e-02 1.363549e+00 
2.458244e+00 7.473383e-02 1.373669e+00 
2.548297e+00 7.678932e-02 1.383947e+00 
2.641648e+00 7.887530e-02 1.394377e+00 
2.738420e+00 8.099073e-02 1.404954e+00 
2.838736e+00 8.313450e-02 1.415673e+00 
2.942727e+00 8.530544e-02 1.426527e+00 
3.050528e+00 8.750228e-02 1.437511e+00 
3.162278e+00 8.972373e-02 1.448619e+00 
3.278121e+00 9.196841e-02 1.459842e+00 
3.398208e+00 9.423489e-02 1.471174e+00 
3.522695e+00 9.652168e-02 1.482608e+00 
3.651741e+00 9.882727e-02 1.494136e+00 
3.785515e+00 1.011501e-01 1.505750e+00 
3.924190e+00 1.034884e-01 1.517442e+00 
4.067944e+00 1.058408e-01 1.529204e+00 
4.216965e+00 1.082053e-01 1.541027e+00 
4.371445e+00 1.105804e-01 1.552902e+00 
4.531584e+00 1.129643e-01 1.564822e+00 
4.697589e+00 1.153553e-01 1.576777e+00 
4.869675e+00 1.177516e-01 1.588758e+00 
5.048066e+00 1.201514e-01 1.600757e+00 
5.232991e+00 1.225531e-01 1.612765e+00 
5.424691e+00 1.249547e-01 1.624774e+00 
5.623413e+00 1.273547e-01 1.636773e+00 
5.829415e+00 1.297512e-01 1.648756e+00 
6.042964e+00 1.321426e-01 1.660713e+00 
6.264335e+00 1.345272e-01 1.672636e+00 
6.493816e+00 1.369033e-01 1.684516e+00 
6.731704e+00 1.392692e-01 1.696346e+00 
6.978306e+00 1.416236e-01 1.708118e+00 
7.233942e+00 1.439647e-01 1.719823e+00 
7.498942e+00 1.462911e-01 1.731455e+00 
7.773650e+00 1.486013e-01 1.743006e+00 
8.058422e+00 1.508940e-01 1.754470e+00 
8.353625e+00 1.531677e-01 1.765839e+00 
8.659643e+00 1.554213e-01 1.777106e+00 
8.976871e+00 1.576534e-01 1.788267e+00 
9.305720e+00 1.598629e-01 1.799314e+00 
9.646616e+00 1.620486e-01 1.810243e+00 
1.000000e+01 1.642096e-01 1.821048e+00 
1.036633e+01 1.663448e-01 1.831724e+00 
1.074608e+01 1.684533e-01 1.842266e+00 
1.113974e+01 1.705341e-01 1.852671e+00 
1.154782e+01 1.725866e-01 1.862933e+00 
1.197085e+01 1.746099e-01 1.873050e+00 
1.240938e+01 1.766034e-01 1.883017e+00 
1.286397e+01 1.785664e-01 1.892832e+00 
1.333521e+01 1.804984e-01 1.902492e+00 
1.382372e+01 1.823989e-01 1.911995e+00 
1.433013e+01 1.842674e-01 1.921337e+00 
1.485508e+01 1.861036e-01 1.930518e+00 
1.539927e+01 1.879071e-01 1.939536e+00 
1.596339e+01 1.896777e-01 1.948388e+00 
1.654817e+01 1.914150e-01 1.957075e+00 
1.715438e+01 1.931190e-01 1.965595e+00 
1.778279e+01 1.947896e-01 1.973948e+00 
1.843423e+01 1.964266e-01 1.982133e+00 
1.910953e+01 1.980301e-01 1.990150e+00 
1.980957e+01 1.996000e-01 1.998000e+00 
2.053525e+01 2.011364e-01 2.005682e+00 
2.128752e+01 2.026395e-01 2.013197e+00 
2.206734e+01 2.041093e-01 2.020546e+00 
2.287573e+01 2.055460e-01 2.027730e+00 
2.371374e+01 2.069498e-01 2.034749e+00 
2.458244e+01 2.083211e-01 2.041605e+00 
2.548297e+01 2.096599e-01 2.048300e+00 
2.641648e+01 2.109668e-01 2.054834e+00 
2.738420e+01 2.122419e-01 2.061209e+00 
2.838736e+01 2.134856e-01 2.067428e+00 
2.942727e+01 2.146983e-01 2.073492e+00 
3.050528e+01 2.158804e-01 2.079402e+00 
3.162278e+01 2.170323e-01 2.085162e+00 
3.278121e+01 2.181545e-01 2.090772e+00 
3.398208e+01 2.192473e-01 2.096236e+00 
3.522695e+01 2.203112e-01 2.101556e+00 
3.651741e+01 2.213467e-01 2.106734e+00 
3.785515e+01 2.223544e-01 2.111772e+00 
3.924190e+01 2.233345e-01 2.116673e+00 
4.067944e+01 2.242878e-01 2.121439e+00 
4.216965e+01 2.252146e-01 2.126073e+00 
4.371445e+01 2.261155e-01 2.130578e+00 
4.531584e+01 2.269911e-01 2.134955e+00 
4.697589e+01 2.278417e-01 2.139208e+00 
4.869675e+01 2.286680e-01 2.143340e+00 
5.048066e+01 2.294704e-01 2.147352e+00 
5.232991e+01 2.302495e-01 2.151248e+00 
5.424691e+01 2.310058e-01 2.155029e+00 
5.623413e+01 2.317399e-01 2.158699e+00 
5.829415e+01 2.324521e-01 2.162261e+00 
6.042964e+01 2.331432e-01 2.165716e+00 
6.264335e+01 2.338135e-01 2.169067e+00 
6.493816e+01 2.344635e-01 2.172318e+00 
6.731704e+01 2.350938e-01 2.175469e+00 
6.978306e+01 2.357049e-01 2.178525e+00 
7.233942e+01 2.362973e-01 2.181486e+00 
7.498942e+01 2.368714e-01 2.184357e+00 
7.773650e+01 2.374277e-01 2.187138e+00 
8.058422e+01 2.379666e-01 2.189833e+00 
8.353625e+01 2.384888e-01 2.192444e+00 
8.659643e+01 2.389945e-01 2.194973e+00 
8.976871e+01 2.394843e-01 2.197422e+00 
9.305720e+01 2.399586e-01 2.199793e+00 
9.646616e+01 2.404179e-01 2.202089e+00 
1.000000e+02 2.408624e-01 2.204312e+00 
1.036633e+02 2.412928e-01 2.206464e+00 
1.074608e+02 2.417093e-01 2.208547e+00 
1.113974e+02 2.421124e-01 2.210562e+00 
1.154782e+02 2.425025e-01 2.212512e+00 
1.197085e+02 2.428799e-01 2.214399e+00 
1.240938e+02 2.432450e-01 2.216225e+00 
1.286397e+02 2.435982e-01 2.217991e+00 
1.333521e+02 2.439399e-01 2.219700e+00 
1.382372e+02 2.442704e-01 2.221352e+00 
1.433013e+02 2.445899e-01 2.222950e+00 
1.485508e+02 2.448990e-01 2.224495e+00 
1.539927e+02 2.451978e-01 2.225989e+00 
1.596339e+02 2.454867e-01 2.227434e+00 
1.654817e+02 2.457660e-01 2.228830e+00 
1.715438e+02 2.460361e-01 2.230180e+00 
1.778279e+02 2.462971e-01 2.231485e+00 
1.843423e+02 2.465494e-01 2.232747e+00 
1.910953e+02 2.467932e-01 2.233966e+00 
1.980957e+02 2.470289e-01 2.235144e+00 
2.053525e+02 2.472566e-01 2.236283e+00 
2.128752e+02 2.474767e-01 2.237383e+00 
2.206734e+02 2.476893e-01 2.238447e+00 
2.287573e+02 2.478948e-01 2.239474e+00 
2.371374e+02 2.480933e-01 2.240467e+00 
2.458244e+02 2.482851e-01 2.241426e+00 
2.548297e+02 2.484704e-01 2.242352e+00 
2.641648e+02 2.486494e-01 2.243247e+00 
2.738420e+02 2.488222e-01 2.244111e+00 
2.838736e+02 2.489892e-01 2.244946e+00 
2.942727e+02 2.491505e-01 2.245753e+00 
3.050528e+02 2.493063e-01 2.246532e+00 
3.162278e+02 2.494568e-01 2.247284e+00 
3.278121e+02 2.496021e-01 2.248010e+00 
3.398208e+02 2.497424e-01 2.248712e+00 
3.522695e+02 2.498779e-01 2.249389e+00 
3.651741e+02 2.500087e-01 2.250044e+00 
3.785515e+02 2.501351e-01 2.250675e+00 
3.924190e+02 2.502571e-01 2.251285e+00 
4.067944e+02 2.503749e-01 2.251874e+00 
4.216965e+02 2.504886e-01 2.252443e+00 
4.371445e+02 2.505984e-01 2.252992e+00 
4.531584e+02 2.507044e-01 2.253522e+00 
4.697589e+02 2.508068e-01 2.254034e+00 
4.869675e+02 2.509056e-01 2.254528e+00 
5.048066e+02 2.510010e-01 2.255005e+00 
5.232991e+02 2.510930e-01 2.255465e+00 
5.424691e+02 2.511819e-01 2.255910e+00 
5.623413e+02 2.512677e-01 2.256339e+00 
5.829415e+02 2.513506e-01 2.256753e+00 
6.042964e+02 2.514305e-01 2.257153e+00 
6.264335e+02 2.515077e-01 2.257538e+00 
6.493816e+02 2.515822e-01 2.257911e+00 
6.731704e+02 2.516541e-01 2.258270e+00 
6.978306e+02 2.517234e-01 2.258617e+00 
7.233942e+02 2.517904e-01 2.258952e+00 
7.498942e+02 2.518550e-01 2.259275e+00 
7.773650e+02 2.519174e-01 2.259587e+00 
8.058422e+02 2.519776e-01 2.259888e+00 
8.353625e+02 2.520357e-01 2.260179e+00 
8.659643e+02 2.520918e-01 2.260459e+00 
8.976871e+02 2.521459e-01 2.260730e+00 
9.305720e+02 2.521982e-01 2.260991e+00 
9.646616e+02 2.522486e-01 2.261243e+00 
