#./overdamped_3d --dev=0 --amp=40.0 --omega=1.0 --force=0 --Dg=0.01 --block=256 --paths=262144 --periods=1000 --trans=100 --samples=100 --spp=1000 --algorithm=euler --pav=1 --mode=moments --domain=1d --domainx=a:-1:3:300:1 --domainy=a:0:10:100:0 --domainz=D:-6:-1:100:1 --q=2 --eps=0 --phi=1.57079632679 --lambda=5.0 --zeta=0.2 --comp=0 --mean=1.0 --second=3.14 --skew=0.99 --distribution=s>> sim_integrate_5.0_0.2_a:-1:3:300:1.dat
#a <<v>> qnu(q) mu_q Dx Gx EBx
1.000000e-01 1.000613e+00 1.014319e+00 1.034978e+05 8.363911e+00 -1.902115e-02 4.173517e-04
1.031177e-01 1.000866e+00 1.011342e+00 1.033850e+05 8.196161e+00 -1.716721e-02 4.575253e-04
1.063327e-01 1.000465e+00 1.010331e+00 1.032673e+05 8.326349e+00 -2.055150e-02 4.065037e-04
1.096478e-01 1.000762e+00 1.014209e+00 1.038207e+05 8.250592e+00 -1.546788e-02 4.490614e-04
1.130663e-01 1.000695e+00 1.012377e+00 1.032749e+05 8.285924e+00 -1.974332e-02 4.364252e-04
1.165914e-01 1.000579e+00 1.014170e+00 1.035559e+05 8.243907e+00 -2.149326e-02 4.591942e-04
1.202264e-01 1.000621e+00 1.011823e+00 1.035480e+05 8.251547e+00 -2.265716e-02 4.339218e-04
1.239747e-01 1.000775e+00 1.013552e+00 1.040605e+05 8.309161e+00 -2.337885e-02 4.384518e-04
1.278399e-01 1.000588e+00 1.012763e+00 1.033941e+05 8.335899e+00 -2.280152e-02 4.646778e-04
1.318256e-01 1.000880e+00 1.014539e+00 1.037876e+05 8.162420e+00 -1.595354e-02 4.426241e-04
1.359356e-01 1.000867e+00 1.015082e+00 1.039202e+05 8.264915e+00 -1.828498e-02 4.547834e-04
1.401737e-01 1.000840e+00 1.011210e+00 1.035556e+05 8.330806e+00 -1.881069e-02 4.479885e-04
1.445439e-01 1.000852e+00 1.015485e+00 1.035027e+05 8.274783e+00 -1.890063e-02 4.310608e-04
1.490504e-01 1.000969e+00 1.011177e+00 1.034365e+05 8.273510e+00 -2.339542e-02 4.296303e-04
1.536974e-01 1.001014e+00 1.009869e+00 1.027998e+05 8.168786e+00 -2.108687e-02 4.150867e-04
1.584892e-01 1.001041e+00 1.012155e+00 1.036899e+05 8.301203e+00 -2.097350e-02 4.386902e-04
1.634305e-01 1.001217e+00 1.014907e+00 1.038759e+05 8.250910e+00 -2.157068e-02 4.599094e-04
1.685258e-01 1.001384e+00 1.014949e+00 1.036325e+05 8.266190e+00 -2.561772e-02 4.138947e-04
1.737800e-01 1.001107e+00 1.011468e+00 1.036675e+05 8.260141e+00 -1.225930e-02 4.293919e-04
1.791980e-01 1.001327e+00 1.010698e+00 1.032968e+05 8.247409e+00 -1.454383e-02 4.342794e-04
1.847849e-01 1.001540e+00 1.011044e+00 1.029755e+05 8.229902e+00 -1.669818e-02 4.394054e-04
1.905460e-01 1.001535e+00 1.013550e+00 1.034664e+05 8.197116e+00 -2.149802e-02 4.211664e-04
1.964867e-01 1.001551e+00 1.011976e+00 1.034842e+05 8.301840e+00 -2.212065e-02 4.179478e-04
2.026126e-01 1.001551e+00 1.013458e+00 1.038529e+05 8.268099e+00 -1.695156e-02 4.323721e-04
2.089295e-01 1.001815e+00 1.013041e+00 1.036144e+05 8.275102e+00 -2.626824e-02 4.407167e-04
2.154433e-01 1.002020e+00 1.014875e+00 1.036802e+05 8.287197e+00 -2.106172e-02 4.230738e-04
2.221602e-01 1.001915e+00 1.016526e+00 1.036160e+05 8.281468e+00 -1.481724e-02 4.560947e-04
2.290866e-01 1.001996e+00 1.014248e+00 1.038092e+05 8.287516e+00 -2.068812e-02 4.743338e-04
2.362289e-01 1.002259e+00 1.016069e+00 1.040614e+05 8.196797e+00 -1.752925e-02 4.407167e-04
2.435938e-01 1.002233e+00 1.012050e+00 1.034540e+05 8.216533e+00 -1.695240e-02 4.527569e-04
2.511884e-01 1.002101e+00 1.014757e+00 1.033580e+05 8.142366e+00 -1.969588e-02 4.799366e-04
2.590198e-01 1.002249e+00 1.014783e+00 1.038690e+05 8.307888e+00 -2.074778e-02 4.444122e-04
2.670953e-01 1.002548e+00 1.013785e+00 1.040282e+05 8.334308e+00 -1.307279e-02 4.335642e-04
2.754226e-01 1.002802e+00 1.015472e+00 1.038581e+05 8.307251e+00 -2.434039e-02 4.591942e-04
2.840095e-01 1.002930e+00 1.015856e+00 1.040602e+05 8.208894e+00 -1.923680e-02 4.432201e-04
2.928641e-01 1.003038e+00 1.015629e+00 1.038572e+05 8.292609e+00 -1.812738e-02 4.203320e-04
3.019949e-01 1.003420e+00 1.011943e+00 1.034199e+05 8.175153e+00 -1.635355e-02 4.167557e-04
3.114102e-01 1.003596e+00 1.015735e+00 1.041651e+05 8.219716e+00 -1.717222e-02 4.504919e-04
3.211191e-01 1.003592e+00 1.013559e+00 1.034587e+05 8.173243e+00 -1.614344e-02 4.338026e-04
3.311307e-01 1.003684e+00 1.013145e+00 1.035559e+05 8.263642e+00 -1.897025e-02 4.527569e-04
3.414545e-01 1.004135e+00 1.013494e+00 1.033422e+05 8.228628e+00 -1.350105e-02 4.333258e-04
3.521001e-01 1.004454e+00 1.012824e+00 1.032585e+05 8.236268e+00 -1.430798e-02 4.525185e-04
3.630776e-01 1.004673e+00 1.010837e+00 1.034956e+05 8.194888e+00 -2.191412e-02 4.199743e-04
3.743974e-01 1.004772e+00 1.015542e+00 1.040257e+05 8.227037e+00 -1.719469e-02 4.355907e-04
3.860700e-01 1.004988e+00 1.013569e+00 1.033508e+05 8.383964e+00 -1.865345e-02 4.405975e-04
3.981066e-01 1.005386e+00 1.014210e+00 1.035589e+05 8.280831e+00 -1.359767e-02 4.305840e-04
4.105185e-01 1.005629e+00 1.009014e+00 1.031030e+05 8.280513e+00 -2.024990e-02 4.534721e-04
4.233173e-01 1.006089e+00 1.013080e+00 1.032049e+05 8.333671e+00 -1.754183e-02 4.462004e-04
4.365152e-01 1.006592e+00 1.011840e+00 1.031191e+05 8.160510e+00 -1.955950e-02 4.395247e-04
4.501246e-01 1.006785e+00 1.015159e+00 1.036513e+05 8.215578e+00 -2.159595e-02 4.447699e-04
4.641582e-01 1.007094e+00 1.012414e+00 1.033563e+05 8.247409e+00 -1.923132e-02 4.373789e-04
4.786294e-01 1.007826e+00 1.011839e+00 1.033898e+05 8.127406e+00 -1.658332e-02 4.206896e-04
4.935517e-01 1.008134e+00 1.014045e+00 1.036419e+05 8.271918e+00 -1.307470e-02 4.340410e-04
5.089393e-01 1.008619e+00 1.013654e+00 1.031802e+05 8.118175e+00 -2.161282e-02 4.438162e-04
5.248066e-01 1.008936e+00 1.013151e+00 1.035642e+05 8.207302e+00 -1.523507e-02 4.272461e-04
5.411686e-01 1.009613e+00 1.012589e+00 1.030084e+05 8.157327e+00 -1.601321e-02 4.218817e-04
5.580408e-01 1.010122e+00 1.010978e+00 1.033728e+05 8.197434e+00 -2.485132e-02 4.440546e-04
5.754390e-01 1.010847e+00 1.012915e+00 1.035966e+05 8.189158e+00 -2.123773e-02 4.304647e-04
5.933796e-01 1.011503e+00 1.009732e+00 1.031495e+05 8.182792e+00 -1.491946e-02 4.203320e-04
6.118796e-01 1.012197e+00 1.014570e+00 1.038610e+05 8.271282e+00 -1.744127e-02 4.168749e-04
6.309564e-01 1.012968e+00 1.012485e+00 1.031852e+05 8.121995e+00 -1.754236e-02 4.336834e-04
6.506279e-01 1.013615e+00 1.013553e+00 1.034238e+05 8.275102e+00 -1.747799e-02 4.304647e-04
6.709126e-01 1.014529e+00 1.012771e+00 1.032470e+05 8.346085e+00 -1.824605e-02 4.402399e-04
6.918299e-01 1.015609e+00 1.012042e+00 1.027870e+05 8.122313e+00 -2.111995e-02 4.428625e-04
7.133992e-01 1.016371e+00 1.010796e+00 1.031546e+05 8.261733e+00 -2.031457e-02 4.291534e-04
7.356411e-01 1.017219e+00 1.013643e+00 1.035111e+05 8.236587e+00 -2.521336e-02 4.173517e-04
7.585764e-01 1.018223e+00 1.013260e+00 1.032915e+05 8.245499e+00 -1.978564e-02 4.485846e-04
7.822267e-01 1.019287e+00 1.012619e+00 1.033865e+05 8.212076e+00 -2.304417e-02 4.644394e-04
8.066144e-01 1.020478e+00 1.010520e+00 1.028641e+05 8.166558e+00 -2.328664e-02 4.191399e-04
8.317624e-01 1.021951e+00 1.008032e+00 1.022971e+05 8.162739e+00 -1.905620e-02 4.212856e-04
8.576946e-01 1.023128e+00 1.010736e+00 1.028792e+05 8.189476e+00 -1.941973e-02 4.557371e-04
8.844351e-01 1.024529e+00 1.007337e+00 1.020366e+05 8.100031e+00 -1.765865e-02 4.761219e-04
9.120094e-01 1.026019e+00 1.011068e+00 1.026636e+05 8.171015e+00 -1.765692e-02 4.521608e-04
9.404434e-01 1.027469e+00 1.010437e+00 1.027294e+05 8.126769e+00 -1.404464e-02 4.225969e-04
9.697639e-01 1.029135e+00 1.012251e+00 1.025925e+05 8.110854e+00 -1.787847e-02 4.462004e-04
9.999985e-01 1.030946e+00 1.010766e+00 1.022898e+05 8.026183e+00 -1.843172e-02 4.308224e-04
1.031176e+00 1.032718e+00 1.009119e+00 1.020614e+05 8.113400e+00 -1.669687e-02 4.444122e-04
1.063325e+00 1.034652e+00 1.011321e+00 1.021488e+05 8.059288e+00 -1.588762e-02 4.340410e-04
1.096476e+00 1.036788e+00 1.007369e+00 1.017640e+05 8.155099e+00 -2.014071e-02 4.497766e-04
1.130662e+00 1.038910e+00 1.007076e+00 1.018690e+05 8.148415e+00 -1.994187e-02 4.422665e-04
1.165913e+00 1.041159e+00 1.007887e+00 1.021667e+05 8.121358e+00 -1.880980e-02 4.286766e-04
1.202263e+00 1.043605e+00 1.008439e+00 1.018139e+05 8.069792e+00 -1.622421e-02 4.595518e-04
1.239746e+00 1.045965e+00 1.011065e+00 1.025446e+05 8.128361e+00 -1.872897e-02 4.416704e-04
1.278398e+00 1.048581e+00 1.012971e+00 1.024720e+05 8.235950e+00 -2.883524e-02 4.471540e-04
1.318255e+00 1.051544e+00 1.011116e+00 1.023167e+05 8.129952e+00 -2.460504e-02 4.451275e-04
1.359354e+00 1.054337e+00 1.009991e+00 1.022821e+05 8.142366e+00 -2.078182e-02 4.689693e-04
1.401735e+00 1.057542e+00 1.015247e+00 1.027462e+05 8.104170e+00 -2.622318e-02 4.565716e-04
1.445438e+00 1.060819e+00 1.011642e+00 1.026248e+05 8.151598e+00 -2.218223e-02 4.848242e-04
1.490502e+00 1.064052e+00 1.012219e+00 1.019136e+05 8.098758e+00 -1.879621e-02 4.373789e-04
1.536972e+00 1.068197e+00 1.013201e+00 1.026652e+05 8.241361e+00 -2.703446e-02 4.199743e-04
1.584891e+00 1.071912e+00 1.007403e+00 1.021288e+05 8.205073e+00 -2.698320e-02 4.326105e-04
1.634303e+00 1.076100e+00 1.012904e+00 1.023450e+05 8.004539e+00 -2.781558e-02 4.354715e-04
1.685256e+00 1.080400e+00 1.013704e+00 1.025773e+05 8.156691e+00 -2.361971e-02 4.372597e-04
1.737798e+00 1.084968e+00 1.016570e+00 1.031886e+05 8.149688e+00 -2.298164e-02 4.576445e-04
1.791978e+00 1.089460e+00 1.015022e+00 1.029527e+05 8.253457e+00 -1.590574e-02 4.570484e-04
1.847847e+00 1.094442e+00 1.012532e+00 1.027593e+05 8.044009e+00 -2.944994e-02 4.372597e-04
1.905458e+00 1.099510e+00 1.013614e+00 1.024913e+05 8.157009e+00 -2.939951e-02 4.167557e-04
1.964865e+00 1.104625e+00 1.014038e+00 1.028174e+05 8.312662e+00 -3.082728e-02 4.411936e-04
2.026124e+00 1.110442e+00 1.015840e+00 1.027015e+05 8.092073e+00 -2.851886e-02 4.348755e-04
2.089293e+00 1.116174e+00 1.015275e+00 1.027633e+05 8.213668e+00 -2.862287e-02 4.644394e-04
2.154431e+00 1.122375e+00 1.010349e+00 1.025566e+05 8.060243e+00 -2.802819e-02 4.369020e-04
2.221600e+00 1.128918e+00 1.014914e+00 1.026693e+05 8.179291e+00 -2.665234e-02 4.305840e-04
2.290864e+00 1.135844e+00 1.017125e+00 1.030922e+05 8.234358e+00 -3.046739e-02 4.391670e-04
2.362287e+00 1.142768e+00 1.014593e+00 1.023229e+05 8.134409e+00 -3.118050e-02 4.599094e-04
2.435936e+00 1.150054e+00 1.014306e+00 1.020343e+05 8.195524e+00 -3.281039e-02 4.386902e-04
2.511882e+00 1.157732e+00 1.009520e+00 1.020454e+05 8.080614e+00 -3.186339e-02 4.653931e-04
2.590195e+00 1.165650e+00 1.013800e+00 1.022327e+05 8.145231e+00 -3.568953e-02 4.371405e-04
2.670950e+00 1.173919e+00 1.019080e+00 1.026240e+05 8.209530e+00 -3.834850e-02 4.401207e-04
2.754223e+00 1.182377e+00 1.012011e+00 1.016652e+05 8.168786e+00 -3.785783e-02 4.701614e-04
2.840092e+00 1.191067e+00 1.014023e+00 1.022549e+05 8.228947e+00 -3.281051e-02 4.369020e-04
2.928639e+00 1.200248e+00 1.014473e+00 1.018395e+05 8.234676e+00 -3.101420e-02 4.431009e-04
3.019946e+00 1.210129e+00 1.014052e+00 1.017824e+05 8.181837e+00 -3.431219e-02 4.389286e-04
3.114099e+00 1.219607e+00 1.011087e+00 1.017070e+05 8.177062e+00 -2.147090e-02 4.792213e-04
3.211188e+00 1.229806e+00 1.008850e+00 1.011977e+05 8.101305e+00 -2.511132e-02 4.740953e-04
3.311304e+00 1.240075e+00 1.012098e+00 1.012238e+05 8.192341e+00 -2.257717e-02 4.948378e-04
3.414541e+00 1.250816e+00 1.009647e+00 1.013795e+05 8.122950e+00 -2.571893e-02 4.515648e-04
3.520998e+00 1.261598e+00 1.013155e+00 1.017646e+05 8.314572e+00 -2.326226e-02 4.794598e-04
3.630773e+00 1.272643e+00 1.013898e+00 1.014951e+05 8.220989e+00 -2.404439e-02 4.612207e-04
3.743970e+00 1.284265e+00 1.011802e+00 1.018675e+05 8.166558e+00 -2.443433e-02 4.994869e-04
3.860697e+00 1.296077e+00 1.015549e+00 1.014068e+05 8.299930e+00 -2.294868e-02 4.951954e-04
3.981063e+00 1.308457e+00 1.017252e+00 1.013991e+05 8.162102e+00 -2.582455e-02 4.582405e-04
4.105181e+00 1.320842e+00 1.012449e+00 1.006727e+05 8.122631e+00 -3.668344e-02 4.807711e-04
4.233170e+00 1.333383e+00 1.015872e+00 1.009822e+05 8.093984e+00 -3.749663e-02 4.761219e-04
4.365148e+00 1.346677e+00 1.018452e+00 1.008936e+05 8.169105e+00 -3.334486e-02 4.756451e-04
4.501241e+00 1.359859e+00 1.011818e+00 9.990709e+04 7.918276e+00 -3.484172e-02 4.826784e-04
4.641578e+00 1.373483e+00 1.011318e+00 9.919982e+04 8.016953e+00 -3.319633e-02 4.736185e-04
4.786289e+00 1.387059e+00 1.008781e+00 9.813350e+04 7.913820e+00 -3.812164e-02 4.845858e-04
4.935513e+00 1.400981e+00 1.011577e+00 9.874605e+04 7.899815e+00 -4.090524e-02 4.807711e-04
5.089388e+00 1.415000e+00 1.006748e+00 9.761859e+04 7.595510e+00 -3.609997e-02 5.090237e-04
5.248061e+00 1.429388e+00 1.010807e+00 9.803462e+04 7.783950e+00 -3.703809e-02 5.208254e-04
5.411681e+00 1.444011e+00 1.012117e+00 9.773171e+04 7.599967e+00 -3.469008e-02 5.185604e-04
5.580403e+00 1.458111e+00 1.007516e+00 9.745421e+04 7.819601e+00 -3.621012e-02 4.581213e-04
5.754384e+00 1.472831e+00 1.009609e+00 9.734288e+04 7.750845e+00 -3.292835e-02 4.943609e-04
5.933790e+00 1.487654e+00 1.003640e+00 9.618901e+04 7.747663e+00 -3.579140e-02 4.864931e-04
6.118789e+00 1.502512e+00 1.007763e+00 9.599066e+04 7.486648e+00 -3.068739e-02 5.211830e-04
6.309556e+00 1.517398e+00 1.000020e+00 9.490352e+04 7.464366e+00 -2.047884e-02 5.091429e-04
6.506271e+00 1.532718e+00 1.003311e+00 9.504314e+04 7.435082e+00 -2.336961e-02 5.211830e-04
6.709118e+00 1.547587e+00 1.001422e+00 9.476529e+04 7.869894e+00 -2.283698e-02 4.791021e-04
6.918290e+00 1.562425e+00 9.945440e-01 9.362930e+04 7.656626e+00 -2.166045e-02 5.151033e-04
7.133984e+00 1.577703e+00 9.987010e-01 9.336496e+04 7.649623e+00 -7.111728e-03 5.112886e-04
7.356401e+00 1.592409e+00 9.983513e-01 9.369048e+04 7.841246e+00 -1.261669e-02 5.141497e-04
7.585754e+00 1.607512e+00 1.004505e+00 9.459366e+04 7.715195e+00 -3.572941e-03 5.290508e-04
7.822257e+00 1.622486e+00 1.007171e+00 9.465230e+04 7.760395e+00 -1.074469e-02 5.382299e-04
8.066133e+00 1.637536e+00 1.000365e+00 9.342313e+04 7.836153e+00 -9.949744e-03 5.371571e-04
8.317613e+00 1.652350e+00 1.002339e+00 9.379657e+04 8.021409e+00 -1.667577e-02 5.489588e-04
8.576933e+00 1.666764e+00 1.000521e+00 9.286047e+04 7.599330e+00 -6.573200e-03 5.292892e-04
8.844338e+00 1.681314e+00 1.001594e+00 9.353698e+04 8.351814e+00 -8.719146e-03 5.323887e-04
9.120080e+00 1.695773e+00 9.987302e-01 9.307702e+04 7.972389e+00 -3.693402e-03 5.586147e-04
9.404419e+00 1.710286e+00 1.001304e+00 9.293643e+04 7.808778e+00 4.123211e-03 5.519390e-04
9.697623e+00 1.724194e+00 1.001388e+00 9.249052e+04 7.495561e+00 1.595020e-04 5.257130e-04
9.999969e+00 1.738310e+00 1.000036e+00 9.205474e+04 7.927189e+00 -5.095065e-03 5.265474e-04
1.031174e+01 1.752309e+00 1.004173e+00 9.249743e+04 7.629888e+00 -9.737194e-03 5.593300e-04
1.063323e+01 1.765755e+00 1.004084e+00 9.217379e+04 7.452908e+00 -2.039707e-02 5.685091e-04
1.096475e+01 1.779179e+00 1.003539e+00 9.223107e+04 7.668722e+00 -2.426505e-02 6.111860e-04
1.130660e+01 1.792259e+00 1.007221e+00 9.236195e+04 7.433172e+00 -1.390535e-02 5.733967e-04
1.165911e+01 1.805347e+00 1.009011e+00 9.287459e+04 7.804958e+00 -1.552004e-02 5.800724e-04
1.202261e+01 1.818172e+00 1.008181e+00 9.270007e+04 7.351685e+00 -3.177047e-03 5.778074e-04
1.239744e+01 1.830590e+00 1.006932e+00 9.280020e+04 7.089397e+00 -9.637296e-03 6.096363e-04
1.278396e+01 1.843081e+00 1.005128e+00 9.271688e+04 7.714558e+00 -9.532034e-03 6.067753e-04
1.318252e+01 1.855172e+00 1.009813e+00 9.302107e+04 7.797318e+00 -1.086581e-02 6.147623e-04
1.359352e+01 1.867015e+00 1.009921e+00 9.291051e+04 7.105949e+00 -1.201087e-02 5.829334e-04
1.401733e+01 1.878930e+00 1.009994e+00 9.278002e+04 7.070299e+00 -1.174062e-02 6.600618e-04
1.445435e+01 1.890128e+00 1.013133e+00 9.290066e+04 7.403888e+00 -3.262281e-03 6.384850e-04
1.490500e+01 1.901171e+00 1.009323e+00 9.236390e+04 7.612699e+00 -2.097368e-03 6.070137e-04
1.536969e+01 1.912000e+00 1.009307e+00 9.231230e+04 7.191257e+00 -7.972121e-03 6.215572e-04
1.584888e+01 1.922697e+00 1.008845e+00 9.244194e+04 7.466276e+00 -6.790459e-03 6.301403e-04
1.634300e+01 1.933225e+00 1.015595e+00 9.276785e+04 7.868620e+00 6.936073e-03 6.397963e-04
1.685253e+01 1.943488e+00 1.016953e+00 9.316227e+04 7.645803e+00 5.614400e-03 6.475449e-04
1.737795e+01 1.953156e+00 1.012005e+00 9.248136e+04 7.069026e+00 2.370000e-03 6.468296e-04
1.791974e+01 1.962773e+00 1.012900e+00 9.214928e+04 7.063933e+00 2.133727e-03 6.195307e-04
1.847843e+01 1.972154e+00 1.012897e+00 9.208695e+04 7.392428e+00 -8.777559e-03 6.490946e-04
1.905454e+01 1.981076e+00 1.011791e+00 9.240466e+04 7.659809e+00 -8.730590e-03 6.130934e-04
1.964861e+01 1.990024e+00 1.016599e+00 9.295638e+04 7.186164e+00 -5.987227e-03 6.517172e-04
2.026120e+01 1.998716e+00 1.009828e+00 9.181451e+04 7.192530e+00 -6.513178e-03 6.339550e-04
2.089288e+01 2.006922e+00 1.003625e+00 9.106621e+04 7.560496e+00 -9.395540e-03 6.502867e-04
2.154427e+01 2.015069e+00 1.004467e+00 9.104652e+04 7.523572e+00 -1.591426e-02 6.877184e-04
2.221596e+01 2.023106e+00 1.006430e+00 9.111139e+04 7.579595e+00 -1.769388e-02 6.765127e-04
2.290859e+01 2.030725e+00 1.005887e+00 9.092284e+04 7.439538e+00 -2.075815e-02 6.837845e-04
2.362282e+01 2.038259e+00 1.006988e+00 9.092666e+04 7.680181e+00 -1.838320e-02 6.463528e-04
2.435931e+01 2.045424e+00 1.006530e+00 9.120454e+04 7.532485e+00 -1.367170e-02 6.524324e-04
2.511877e+01 2.052273e+00 1.004794e+00 9.094630e+04 7.798592e+00 -7.161677e-03 6.570816e-04
2.590190e+01 2.059375e+00 1.006553e+00 9.107507e+04 7.705646e+00 -1.090574e-02 7.181168e-04
2.670945e+01 2.065723e+00 1.010746e+00 9.132235e+04 7.904271e+00 -5.879104e-03 6.983280e-04
2.754218e+01 2.072051e+00 1.004711e+00 9.091148e+04 7.583415e+00 1.502514e-03 6.768703e-04
2.840087e+01 2.078395e+00 1.001341e+00 9.013780e+04 7.267651e+00 5.571485e-03 6.798506e-04
2.928633e+01 2.084134e+00 1.006372e+00 9.054338e+04 7.821510e+00 1.359344e-03 7.091761e-04
3.019939e+01 2.089889e+00 1.009709e+00 9.092519e+04 8.023955e+00 9.012222e-04 6.810427e-04
3.114093e+01 2.095731e+00 1.010673e+00 9.150343e+04 8.035415e+00 -1.978338e-03 6.746054e-04
3.211182e+01 2.101279e+00 1.011988e+00 9.157412e+04 7.649623e+00 3.272772e-03 7.051229e-04
3.311298e+01 2.106238e+00 1.010591e+00 9.111637e+04 7.759121e+00 3.107667e-03 7.109642e-04
3.414534e+01 2.111447e+00 1.010331e+00 9.150067e+04 7.631797e+00 1.068914e-02 7.222891e-04
3.520990e+01 2.116288e+00 1.009579e+00 9.141477e+04 7.526119e+00 3.884315e-03 7.417202e-04
3.630765e+01 2.121220e+00 1.015085e+00 9.255598e+04 7.197623e+00 6.216168e-03 7.436275e-04
3.743962e+01 2.125679e+00 1.013520e+00 9.235199e+04 6.596654e+00 9.112239e-03 7.414818e-04
3.860689e+01 2.130261e+00 1.012239e+00 9.227239e+04 7.322401e+00 2.422285e-02 6.972551e-04
3.981054e+01 2.134439e+00 1.016599e+00 9.261751e+04 7.704372e+00 1.706135e-02 7.748604e-04
4.105173e+01 2.138819e+00 1.015696e+00 9.242141e+04 7.518479e+00 1.124787e-02 7.110834e-04
4.233161e+01 2.142859e+00 1.018710e+00 9.268755e+04 7.288023e+00 7.644773e-03 7.866621e-04
4.365139e+01 2.146497e+00 1.016574e+00 9.294130e+04 7.630524e+00 1.833487e-02 7.717609e-04
4.501232e+01 2.150204e+00 1.017937e+00 9.287596e+04 7.280384e+00 1.286221e-02 7.424355e-04
4.641568e+01 2.153789e+00 1.013582e+00 9.227488e+04 7.341499e+00 8.930206e-03 7.503033e-04
4.786279e+01 2.157254e+00 1.019213e+00 9.268801e+04 6.647583e+00 1.331902e-02 7.363558e-04
4.935502e+01 2.160884e+00 1.016597e+00 9.203897e+04 6.308902e+00 1.867938e-02 7.472038e-04
5.089378e+01 2.164039e+00 1.018734e+00 9.199804e+04 6.837296e+00 2.111638e-02 7.655621e-04
5.248050e+01 2.167175e+00 1.019180e+00 9.273621e+04 7.375876e+00 1.665139e-02 7.308722e-04
5.411670e+01 2.170092e+00 1.016162e+00 9.233306e+04 6.517713e+00 1.436198e-02 7.541180e-04
5.580391e+01 2.173039e+00 1.016510e+00 9.158021e+04 6.777454e+00 1.129401e-02 7.629395e-04
5.754372e+01 2.175815e+00 1.013694e+00 9.154617e+04 6.969713e+00 1.035774e-02 7.523298e-04
5.933778e+01 2.178741e+00 1.016074e+00 9.200957e+04 6.893319e+00 2.095377e-02 7.658005e-04
6.118777e+01 2.181262e+00 1.012350e+00 9.184285e+04 7.049927e+00 1.369119e-02 7.600784e-04
6.309543e+01 2.183973e+00 1.012813e+00 9.183148e+04 7.080485e+00 2.749729e-02 7.867813e-04
6.506258e+01 2.186347e+00 1.019921e+00 9.200912e+04 7.885172e+00 2.629995e-02 7.686615e-04
6.709105e+01 2.188636e+00 1.016145e+00 9.262586e+04 7.619065e+00 3.317881e-02 7.915497e-04
6.918276e+01 2.191012e+00 1.019747e+00 9.295165e+04 7.452271e+00 2.523363e-02 7.759333e-04
7.133969e+01 2.193305e+00 1.018846e+00 9.283746e+04 7.235820e+00 2.510095e-02 8.171797e-04
7.356387e+01 2.195381e+00 1.020737e+00 9.306556e+04 7.459910e+00 2.293324e-02 7.797480e-04
7.585738e+01 2.197312e+00 1.014607e+00 9.234258e+04 6.973533e+00 2.763116e-02 8.012056e-04
7.822240e+01 2.199620e+00 1.018720e+00 9.245977e+04 7.279110e+00 2.422619e-02 8.176565e-04
8.066116e+01 2.201435e+00 1.013676e+00 9.186166e+04 6.759628e+00 2.007985e-02 7.996559e-04
8.317596e+01 2.203423e+00 1.006256e+00 9.086167e+04 6.737983e+00 2.738619e-02 8.162260e-04
8.576916e+01 2.204919e+00 1.009682e+00 9.115031e+04 6.617026e+00 2.863276e-02 7.716417e-04
8.844320e+01 2.206754e+00 1.008021e+00 9.089728e+04 6.460417e+00 2.982450e-02 7.896423e-04
9.120061e+01 2.208396e+00 1.011947e+00 9.134110e+04 7.268924e+00 2.096641e-02 8.143187e-04
9.404400e+01 2.210015e+00 1.011080e+00 9.131030e+04 7.076665e+00 2.690220e-02 7.764101e-04
9.697604e+01 2.211636e+00 1.008310e+00 9.088041e+04 7.317307e+00 2.307391e-02 7.872581e-04
9.999948e+01 2.213032e+00 1.007856e+00 9.097902e+04 7.268924e+00 2.643871e-02 8.138418e-04
1.031172e+02 2.214459e+00 1.011845e+00 9.149116e+04 7.487922e+00 1.857018e-02 7.963181e-04
1.063321e+02 2.215636e+00 1.006477e+00 9.094623e+04 7.373330e+00 1.777196e-02 8.288622e-04
1.096473e+02 2.216959e+00 1.005379e+00 9.082913e+04 7.769308e+00 2.192640e-02 8.052588e-04
1.130658e+02 2.218140e+00 1.004736e+00 9.064402e+04 7.151786e+00 1.697659e-02 7.827282e-04
1.165908e+02 2.219302e+00 1.005176e+00 9.078059e+04 7.493014e+00 1.714849e-02 7.805824e-04
1.202258e+02 2.220552e+00 1.002800e+00 9.033628e+04 6.771088e+00 1.949716e-02 8.184910e-04
1.239741e+02 2.221405e+00 1.005101e+00 9.024157e+04 6.940428e+00 1.254952e-02 8.175373e-04
1.278393e+02 2.222737e+00 1.008642e+00 9.092813e+04 7.512113e+00 1.210296e-02 7.992983e-04
1.318250e+02 2.223752e+00 1.007587e+00 9.112169e+04 7.521026e+00 1.407862e-02 7.864237e-04
1.359349e+02 2.224841e+00 1.011229e+00 9.115411e+04 7.007910e+00 1.229441e-02 7.675886e-04
1.401730e+02 2.225805e+00 1.006801e+00 9.093070e+04 7.191257e+00 1.329243e-02 8.124113e-04
1.445432e+02 2.226881e+00 1.008077e+00 9.105412e+04 6.746896e+00 1.060796e-02 8.229017e-04
1.490497e+02 2.227734e+00 1.005686e+00 9.043826e+04 7.230727e+00 1.475465e-02 7.876158e-04
1.536966e+02 2.228528e+00 1.001966e+00 9.036501e+04 7.001544e+00 1.230335e-02 7.781982e-04
1.584885e+02 2.229499e+00 1.004395e+00 9.084241e+04 6.892045e+00 1.089811e-02 7.721186e-04
1.634297e+02 2.230314e+00 1.005214e+00 9.077538e+04 7.187437e+00 1.436090e-02 7.952452e-04
1.685250e+02 2.231146e+00 1.007018e+00 9.092235e+04 7.354231e+00 1.227200e-02 8.057356e-04
1.737791e+02 2.231956e+00 1.001611e+00 9.043096e+04 6.820744e+00 1.382053e-02 8.207560e-04
1.791971e+02 2.232770e+00 1.003355e+00 9.073303e+04 7.151786e+00 1.495039e-02 8.287430e-04
1.847840e+02 2.233312e+00 1.007131e+00 9.062460e+04 7.049927e+00 1.477027e-02 8.122921e-04
1.905450e+02 2.233939e+00 1.004477e+00 9.079713e+04 7.417893e+00 1.740742e-02 8.450747e-04
1.964857e+02 2.234468e+00 1.010769e+00 9.135773e+04 7.198896e+00 1.589382e-02 8.095503e-04
2.026116e+02 2.235283e+00 1.004397e+00 9.079186e+04 7.047380e+00 1.323128e-02 8.018017e-04
2.089284e+02 2.236029e+00 1.005626e+00 9.114745e+04 6.864034e+00 1.455963e-02 8.215904e-04
2.154422e+02 2.236587e+00 1.005689e+00 9.119935e+04 7.049927e+00 1.546085e-02 8.171797e-04
2.221591e+02 2.237020e+00 1.006537e+00 9.136824e+04 6.893319e+00 2.085638e-02 8.330345e-04
2.290854e+02 2.237490e+00 1.009059e+00 9.147492e+04 7.382243e+00 1.451683e-02 8.144379e-04
2.362277e+02 2.237831e+00 1.009754e+00 9.189362e+04 7.533758e+00 1.501167e-02 8.214712e-04
2.435926e+02 2.238600e+00 1.006068e+00 9.211755e+04 7.925916e+00 1.986015e-02 8.301735e-04
2.511872e+02 2.239379e+00 1.008570e+00 9.176927e+04 7.321127e+00 2.279091e-02 8.317232e-04
2.590185e+02 2.239726e+00 1.007416e+00 9.148027e+04 7.909364e+00 1.169395e-02 7.719994e-04
2.670940e+02 2.240674e+00 1.010822e+00 9.214038e+04 7.757848e+00 1.545262e-02 8.460283e-04
2.754212e+02 2.241939e+00 1.007694e+00 9.206605e+04 7.649623e+00 1.096880e-02 8.046627e-04
2.840081e+02 2.243645e+00 1.011877e+00 9.291424e+04 7.374603e+00 2.684450e-02 8.382797e-04
2.928627e+02 2.245756e+00 1.015779e+00 9.354375e+04 7.672541e+00 7.263184e-03 8.440018e-04
3.019933e+02 2.249368e+00 1.015192e+00 9.351299e+04 6.819471e+00 5.128384e-03 8.450747e-04
3.114087e+02 2.256054e+00 1.012964e+00 9.397141e+04 6.611933e+00 -1.962721e-03 8.486509e-04
3.211176e+02 2.282999e+00 1.002585e+00 9.242682e+04 6.941702e+00 -1.020068e-02 7.805824e-04
3.311291e+02 2.347749e+00 9.989662e-01 9.496762e+04 8.939415e+00 -9.217501e-03 7.625818e-04
3.414528e+02 2.421888e+00 1.003193e+00 9.784031e+04 7.684000e+00 -8.671701e-03 7.163286e-04
3.520984e+02 2.494451e+00 1.027182e+00 1.055063e+05 9.591313e+00 -2.274805e-02 6.827116e-04
3.630758e+02 2.549255e+00 9.887481e-01 1.031922e+05 9.284462e+00 -4.967475e-02 6.237030e-04
3.743955e+02 2.544687e+00 9.920796e-01 1.117179e+05 9.005623e+00 -7.900536e-03 6.057024e-04
3.860681e+02 2.452771e+00 9.922683e-01 1.230137e+05 9.643516e+00 -2.414346e-03 5.673170e-04
3.981047e+02 2.297706e+00 9.901597e-01 1.380380e+05 1.014008e+01 -5.371135e-02 5.316734e-04
4.105165e+02 2.120382e+00 9.879048e-01 1.515128e+05 1.159030e+01 -4.220492e-02 4.687309e-04
4.233152e+02 1.946047e+00 1.006065e+00 1.672175e+05 1.387449e+01 1.864314e-02 4.605055e-04
4.365131e+02 1.779803e+00 1.007254e+00 1.838150e+05 1.454612e+01 -2.346849e-02 4.371405e-04
4.501223e+02 1.624867e+00 1.006795e+00 1.964332e+05 1.588748e+01 -2.462924e-02 3.862381e-04
4.641559e+02 1.482190e+00 1.006100e+00 2.077123e+05 1.635604e+01 2.844095e-03 4.138947e-04
4.786270e+02 1.348925e+00 9.968817e-01 2.134281e+05 1.694936e+01 2.322352e-02 3.994703e-04
4.935493e+02 1.226806e+00 1.000240e+00 2.298277e+05 1.815608e+01 6.417394e-03 3.715754e-04
5.089368e+02 1.166419e+00 9.949687e-01 2.348807e+05 1.878028e+01 1.195335e-02 3.979206e-04
5.248040e+02 1.168885e+00 1.019016e+00 2.446579e+05 1.947738e+01 -1.085460e-02 3.651381e-04
5.411660e+02 1.183089e+00 9.820113e-01 2.385287e+05 1.892702e+01 1.217711e-02 3.352165e-04
5.580380e+02 1.167156e+00 1.010247e+00 2.503979e+05 1.998540e+01 7.312655e-03 3.473759e-04
5.754362e+02 1.036697e+00 1.002505e+00 2.559238e+05 2.035846e+01 -7.553101e-04 3.426075e-04
5.933766e+02 1.117366e+00 1.009887e+00 2.492665e+05 1.989723e+01 1.882672e-03 3.658533e-04
6.118765e+02 1.189982e+00 1.007824e+00 2.402468e+05 1.907854e+01 -4.097164e-03 3.638268e-04
6.309531e+02 1.288783e+00 1.004761e+00 2.279254e+05 1.823979e+01 1.890659e-04 3.947020e-04
6.506245e+02 1.117363e+00 9.988059e-01 2.509826e+05 2.011337e+01 -5.684733e-03 3.401041e-04
6.709092e+02 1.030626e+00 9.978973e-01 2.710756e+05 2.158459e+01 -6.461143e-05 3.607273e-04
6.918263e+02 8.228975e-01 1.002976e+00 2.990604e+05 2.376072e+01 -6.564260e-04 3.201962e-04
7.133955e+02 6.933316e-01 1.006540e+00 3.197541e+05 2.546304e+01 -1.359761e-03 3.011227e-04
7.356372e+02 2.066279e-01 9.957921e-01 1.704291e+06 1.356219e+02 3.411651e-03 2.210140e-04
7.585724e+02 -3.317482e-02 9.978507e-01 4.025595e+06 3.203451e+02 -2.607286e-03 2.192259e-04
7.822225e+02 -2.002091e+00 9.991378e-01 4.812949e+07 3.830074e+03 3.967047e-03 2.557039e-04
8.066101e+02 -3.449278e-01 9.979866e-01 1.190529e+07 9.473807e+02 -7.390380e-03 2.087355e-04
8.317580e+02 3.012324e-01 1.002225e+00 1.584010e+07 1.260487e+03 -5.404115e-03 2.015829e-04
8.576899e+02 1.609381e-01 1.002855e+00 6.701028e+06 5.332420e+02 -3.975689e-03 2.526045e-04
8.844303e+02 -1.263503e-01 1.001301e+00 9.021624e+06 7.179119e+02 -4.583120e-03 2.123117e-04
9.120044e+02 -3.940026e-01 9.981694e-01 8.911749e+06 7.091365e+02 -5.739987e-03 2.267361e-04
9.404382e+02 -4.571864e-01 9.987771e-01 1.874166e+07 1.491375e+03 3.793359e-03 1.952648e-04
9.697585e+02 -9.072309e-01 1.000435e+00 2.798933e+07 2.227378e+03 -1.746833e-03 2.007484e-04
