0.001 0.037972554230667234
0.0512462311557789 0.04036218554004094
0.1014924623115578 0.04287174913504876
0.1517386934673367 0.04550508050505034
0.2019849246231156 0.04826599051563905
0.2522311557788945 0.05115825377792504
0.3024773869346734 0.054185596496923345
0.3527236180904523 0.05735168382012628
0.4029698492462312 0.06066010671076701
0.4532160804020101 0.06411436837373811
0.503462311557789 0.06771787026560588
0.5537085427135678 0.07147389772363345
0.6039547738693468 0.07538560525216752
0.6542010050251257 0.07945600150814093
0.7044472361809045 0.0836879340307714
0.7546934673366835 0.08808407376376264
0.8049396984924624 0.09264689942143192
0.8551859296482412 0.09737868175316156
0.9054321608040202 0.10228146776337585
0.9556783919597991 0.1073570649468706
1.0059246231155778 0.11260702560173266
1.0561708542713568 0.1180326312842616
1.1064170854271356 0.12363487747223441
1.1566633165829145 0.12941445850450567
1.2069095477386935 0.1353717528662871
1.2571557788944723 0.141506808890505
1.3074020100502513 0.14781933094635114
1.3576482412060302 0.1543086661865152
1.407894472361809 0.16097379192462077
1.458140703517588 0.16781330371403674
1.508386934673367 0.17482540419852455
1.5586331658291457 0.182007892804083
1.6088793969849247 0.18935815633987957
1.6591256281407036 0.1968731605742795
1.7093718592964824 0.2045494428497446
1.7596180904522614 0.2123831057977294
1.8098643216080403 0.22036981221170424
1.860110552763819 0.22850478113304526
1.910356783919598 0.23678278520080465
1.960603015075377 0.24519814931229403
2.010849246231156 0.2537447506370037
2.0610954773869348 0.26241602002166764
2.1113417085427137 0.2712049448192753
2.1615879396984927 0.28010407316955094
2.2118341708542713 0.2891055197529162
2.2620804020100502 0.2982009730341995
2.312326633165829 0.3073817040064401
2.362572864321608 0.3166385764390452
2.412819095477387 0.32596205862835076
2.463065326633166 0.33534223664230084
2.5133115577889447 0.3447688290446053
2.5635577889447236 0.35423120307730704
2.6138040201005026 0.3637183922742712
2.6640502512562816 0.3732191154717483
2.7142964824120606 0.3827217971758295
2.7645427135678395 0.39221458924041014
2.814788944723618 0.40168539380320556
2.865035175879397 0.4111218874214324
2.915281407035176 0.4205115463430713
2.965527638190955 0.42984167284412383
3.015773869346734 0.43909942255705
3.066020100502513 0.44827183271062065
3.1162663316582915 0.4573458511967767
3.1665125628140705 0.46630836637577616
3.2167587939698494 0.47514623752696367
3.2670050251256284 0.4838463258489131
3.3172512562814074 0.49239552590950475
3.367497487437186 0.5007807974437415
3.417743718592965 0.5089891973947324
3.467989949748744 0.5170079120913723
3.518236180904523 0.5248242894547647
3.568482412060302 0.5324258711244173
3.618728643216081 0.5398004243946626
3.6689748743718593 0.5469359738516608
3.7192211055276383 0.5538208326016821
3.7694673366834173 0.5604436329821568
3.8197135678391962 0.5667933566482768
3.869959798994975 0.5728593639295845
3.920206030150754 0.5786314223531542
3.9704522613065327 0.5840997342325406
4.020698492462312 0.5892549632246237
4.070944723618092 0.5940882597598861
4.12119095477387 0.5985912852554198
4.171437185929649 0.6027562350240976
4.221683417085428 0.6065758597978336
4.271929648241207 0.6100434857876792
4.322175879396986 0.6131530332086511
4.3724221105527645 0.6158990332025779
4.422668341708543 0.6182766430979837
4.4729145728643225 0.6202816599519305
4.523160804020101 0.6219105323249091
4.57340703517588 0.623160370246219
4.623653266331659 0.6240289533337922
4.673899497487438 0.6245147370390702
4.724145728643217 0.6246168569943291
4.774391959798995 0.6243351314467087
4.824638190954775 0.6236700617701246
4.874884422110553 0.6226228310532191
4.925130653266333 0.6211953007684544
4.975376884422111 0.6193900055344165
5.02562311557789 0.6172101459903013
5.075869346733669 0.6146595798083674
5.126115577889448 0.611742810876878
5.176361809045227 0.6084649766926501
5.226608040201006 0.6048318340087592
5.276854271356784 0.6008497427892238
5.327100502512564 0.5965256485285407
5.377346733668342 0.5918670629997681
5.427592964824122 0.5868820435004172
5.4778391959799 0.5815791706707207
5.52808542713568 0.5759675249638063
5.578331658291458 0.5700566618520208
5.628577889447237 0.5638565858579215
5.678824120603016 0.557377723502471
5.729070351758795 0.5506308952665242
5.779316582914574 0.5436272866649258
5.829562814070353 0.5363784185352843
5.879809045226131 0.5288961166459014
5.9300552763819105 0.5211924807292345
5.980301507537689 0.5132798530487835
6.0305477386934685 0.505170786608332
6.080793969849247 0.4968780131130646
6.1310402010050264 0.4884144107922125
6.181286432160805 0.47979297219257316
6.2315326633165835 0.4710267720514329
6.281778894472363 0.4621289353562358
6.3320251256281415 0.45311260569661077
6.382271356783921 0.44399091401228435
6.432517587939699 0.4347769478378321
6.482763819095478 0.42548372114226723
6.533010050251257 0.41612414485807847
6.583256281407036 0.4067109981905974
6.633502512562815 0.39725690079441994
6.683748743718594 0.38777428589917434
6.733994974874372 0.3782753744621098
6.784241206030152 0.3687721504199145
6.83448743718593 0.35927633710680007
6.88473366834171 0.3497993749003
6.934979899497488 0.3403524001504148
6.985226130653268 0.3309462254417345
7.035472361809046 0.32159132123204265
7.085718592964825 0.31229779890461784
7.135964824120604 0.30307539526512395
7.186211055276383 0.29393345850756464
7.236457286432162 0.284880935667364
7.286703517587941 0.2759263615732386
7.336949748743719 0.2670778493031612
7.387195979899499 0.2583430821434534
7.437442211055277 0.2497293070438796
7.487688442211057 0.24124332955560399
7.537934673366835 0.2328915102330275
7.5881809045226145 0.22467976247488838
7.638427135678393 0.21661355177460062
7.688673366834172 0.20869789634464814
7.738919597989951 0.20093736907498852
7.7891658291457295 0.1933361007808319
7.839412060301509 0.1858977846909174
7.8896582914572875 0.1786256821234834
7.939904522613066 0.17152262929355788
7.990150753768845 0.16459104519199536
8.040396984924623 0.1578329404738442
8.090643216080402 0.1512499272911766
8.140889447236182 0.14484323000344504
8.19113567839196 0.13861369669673865
8.241381909547739 0.13256181144201437
8.291628140703518 0.12668770722146422
8.341874371859296 0.12099117945163604
8.392120603015076 0.11547170003175816
8.442366834170855 0.11012843184590834
8.492613065326633 0.1049602436482067
8.542859296482412 0.0999657252610891
8.59310552763819 0.09514320301790916
8.64335175879397 0.09049075538261594
8.69359798994975 0.08600622868103668
8.743844221105528 0.08168725288033615
8.794090452261306 0.07753125735552044
8.844336683417085 0.07353548658435903
8.894582914572865 0.06969701571481364
8.944829145728644 0.06601276595195091
8.995075376884422 0.06247951971435526
9.0453216080402 0.0590939355132341
9.09556783919598 0.05585256251068137
9.14581407035176 0.05275185471692948
9.196060301507538 0.04978818478984157
9.246306532663317 0.046957857403352454
9.296552763819095 0.04425712215504753
9.346798994974876 0.041682185986534386
9.397045226130654 0.03922922509371178
9.447291457286433 0.03689439630743955
9.497537688442211 0.03467384792845605
9.54778391959799 0.03256373000364865
9.59803015075377 0.03056020403395157
9.648276381909549 0.02865945210720453
9.698522613065327 0.026857685452243006
9.748768844221106 0.025151152413299342
9.799015075376884 0.02353614584645549
9.849261306532664 0.022009009942403672
9.899507537688443 0.020566146482126717
9.949753768844221 0.01920402053430198
10.0 0.01791916560526013
