0.001 0.0
0.0512462311557789 2.3679125223188938e-27
0.1014924623115578 3.6011129135552236e-14
0.1517386934673367 1.0190328581848083e-09
0.2019849246231156 1.7581178620417208e-07
0.2522311557788945 3.89670971025347e-06
0.3024773869346734 3.085073784448457e-05
0.3527236180904523 0.00013545277292468459
0.4029698492462312 0.00041114143744014656
0.4532160804020101 0.0009752629169021774
0.503462311557789 0.0019460216072118767
0.5537085427135678 0.0034231152023251163
0.6039547738693468 0.005476700699983879
0.6542010050251257 0.008144175386285972
0.7044472361809045 0.011432319349975559
0.7546934673366835 0.015322311172015877
0.8049396984924624 0.019775772054302698
0.8551859296482412 0.024740695431368784
0.9054321608040202 0.030156664845954452
0.9556783919597991 0.03595912473794124
1.0059246231155778 0.04208268228275706
1.0561708542713568 0.048463529345158095
1.1064170854271356 0.05504112023290373
1.1566633165829145 0.061759250484715054
1.2069095477386935 0.06856667214878427
1.2571557788944723 0.07541736270382476
1.3074020100502513 0.08227054410450993
1.3576482412060302 0.08909052863237696
1.407894472361809 0.09584645078481732
1.458140703517588 0.10251192982652958
1.508386934673367 0.10906469582064185
1.5586331658291457 0.11548620266226847
1.6088793969849247 0.1217612444755852
1.6591256281407036 0.12787758631920493
1.7093718592964824 0.1338256161197762
1.7596180904522614 0.13959802181603775
1.8098643216080403 0.14518949559347136
1.860110552763819 0.15059646562069515
1.910356783919598 0.155816854703095
1.960603015075377 0.16084986462277018
2.010849246231156 0.16569578454158654
2.0610954773869348 0.17035582163376134
2.1113417085427137 0.17483195203187418
2.1615879396984927 0.17912679017524094
2.2118341708542713 0.18324347471262062
2.2620804020100502 0.1871855692107782
2.312326633165829 0.19095697604102144
2.362572864321608 0.19456186194662756
2.412819095477387 0.19800459392748804
2.463065326633166 0.2012896842093015
2.5133115577889447 0.20442174318992143
2.5635577889447236 0.20740543937307127
2.6138040201005026 0.2102454654084558
2.6640502512562816 0.21294650945695037
2.7142964824120606 0.21551323118998608
2.7645427135678395 0.2179502418138002
2.814788944723618 0.2202620875823468
2.865035175879397 0.22245323632792258
2.915281407035176 0.22452806659661215
2.965527638190955 0.2264908590271046
3.015773869346734 0.22834578965693453
3.066020100502513 0.2300969248803265
3.1162663316582915 0.2317482178171752
3.1665125628140705 0.23330350588374904
3.2167587939698494 0.23476650938298904
3.2670050251256284 0.23614083095618235
3.3172512562814074 0.23742995575873307
3.367497487437186 0.23863725224108195
3.417743718592965 0.23976597343183964
3.467989949748744 0.2408192586342005
3.518236180904523 0.2418001354589041
3.568482412060302 0.2427115221276769
3.618728643216081 0.2435562299903622
3.6689748743718593 0.2443369662070326
3.7192211055276383 0.24505633655342046
3.7694673366834173 0.24571684831411902
3.8197135678391962 0.24632091323332356
3.869959798994975 0.2468708504975031
3.920206030150754 0.2473688897283957
3.9704522613065327 0.24781717396819428
4.020698492462312 0.24821776264179074
4.070944723618092 0.24857263448355238
4.12119095477387 0.24888369041833655
4.171437185929649 0.24915275638839843
4.221683417085428 0.24938158611949926
4.271929648241207 0.24957186382095936
4.322175879396986 0.24972520681562518
4.3724221105527645 0.2498431680967698
4.422668341708543 0.24992723880983733
4.4729145728643225 0.2499788506577017
4.523160804020101 0.24999937822875956
4.57340703517588 0.24999014124771043
4.623653266331659 0.24995240674933758
4.673899497487438 0.2498873911759804
4.724145728643217 0.24979626239970254
4.774391959798995 0.24968014167041241
4.824638190954775 0.24954010549140923
4.874884422110553 0.24937718742398093
4.925130653266333 0.24919237982281917
4.975376884422111 0.24898663550411282
5.02562311557789 0.2487608693482476
5.075869346733669 0.24851595983909877
5.126115577889448 0.2482527505419194
5.176361809045227 0.24797205152185878
5.226608040201006 0.24767464070512824
5.276854271356784 0.2473612651848303
5.327100502512564 0.247032642473444
5.377346733668342 0.24668946170393144
5.427592964824122 0.24633238478138814
5.4778391959799 0.24596204748713485
5.52808542713568 0.24557906053708511
5.578331658291458 0.24518401059619213
5.628577889447237 0.24477746125071628
5.678824120603016 0.24435995394001106
5.729070351758795 0.24393200884946603
5.779316582914574 0.2434941257661982
5.829562814070353 0.24304678489902318
5.879809045226131 0.24259044766418916
5.9300552763819105 0.24212555743829947
5.980301507537689 0.24165254027979924
6.0305477386934685 0.24117180562034873
6.080793969849247 0.24068374692735783
6.1310402010050264 0.24018874233889848
6.181286432160805 0.23968715527217543
6.2315326633165835 0.23917933500667907
6.281778894472363 0.23866561724310054
6.3320251256281415 0.23814632463904786
6.382271356783921 0.23762176732255388
6.432517587939699 0.2370922433843319
6.482763819095478 0.2365580393496863
6.533010050251257 0.2360194306309554
6.583256281407036 0.23547668196131888
6.633502512562815 0.2349300478107748
6.683748743718594 0.23437977278504402
6.733994974874372 0.23382609200814383
6.784241206030152 0.23326923148932388
6.83448743718593 0.23270940847503924
6.88473366834171 0.23214683178659806
6.934979899497488 0.23158170214409976
6.985226130653268 0.23101421247724957
7.035472361809046 0.23044454822360488
7.085718592964825 0.2298728876147969
7.135964824120604 0.22929940195123308
7.186211055276383 0.2287242558657729
7.236457286432162 0.22814760757684516
7.286703517587941 0.22756960913145205
7.336949748743719 0.2269904066384899
7.387195979899499 0.22641014049279415
7.437442211055277 0.2258289455903002
7.487688442211057 0.22524695153469088
7.537934673366835 0.22466428283589343
7.5881809045226145 0.2240810591007606
7.638427135678393 0.22349739521626724
7.688673366834172 0.2229134015255335
7.738919597989951 0.22232918399696905
7.7891658291457295 0.22174484438683204
7.839412060301509 0.2211604803954654
7.8896582914572875 0.2205761858174808
7.939904522613066 0.21999205068613298
7.990150753768845 0.21940816141212788
8.040396984924623 0.21882460091708872
8.090643216080402 0.21824144876190305
8.140889447236182 0.21765878127015614
8.19113567839196 0.21707667164685124
8.241381909547739 0.2164951900926104
8.291628140703518 0.21591440391353595
8.341874371859296 0.21533437762690966
8.392120603015076 0.21475517306289682
8.442366834170855 0.2141768494624155
8.492613065326633 0.2135994635713257
8.542859296482412 0.21302306973108276
8.59310552763819 0.21244771996600137
8.64335175879397 0.21187346406725688
8.69359798994975 0.2113003496737641
8.743844221105528 0.2107284223500448
8.794090452261306 0.21015772566121307
8.844336683417085 0.20958830124518604
8.894582914572865 0.20902018888223134
8.944829145728644 0.20845342656195395
8.995075376884422 0.20788805054782442
9.0453216080402 0.20732409543934213
9.09556783919598 0.20676159423192617
9.14581407035176 0.20620057837462202
9.196060301507538 0.20564107782570998
9.246306532663317 0.2050831211062909
9.296552763819095 0.2045267353519349
9.346798994974876 0.2039719463624595
9.397045226130654 0.2034187786499136
9.447291457286433 0.20286725548483397
9.497537688442211 0.20231739894084047
9.54778391959799 0.20176922993763147
9.59803015075377 0.20122276828244343
9.648276381909549 0.20067803271002768
9.698522613065327 0.2001350409212046
9.748768844221106 0.19959380962004586
9.799015075376884 0.19905435454973833
9.849261306532664 0.1985166905271759
9.899507537688443 0.19798083147632994
9.949753768844221 0.1974467904604399
10.0 0.19691457971307302
