#./overdamped_3d --dev=1 --amp=40.0 --omega=1.0 --force=0 --Dg=0.01 --block=256 --paths=262144 --periods=1000 --trans=100 --samples=100 --spp=500 --algorithm=euler --pav=1 --mode=moments --domain=1d --domainx=g:-0.997:0.997:300:0 --domainy=a:0:10:100:0 --domainz=D:-6:-1:100:1 --q=2 --eps=0 --phi=1.57079632679 --lambda=30.0 --zeta=0.0333333333333 --comp=0 --mean=1.0 --second=3.14 --skew=0.99 --distribution=s>> journal_5_s_3.14_g:-0.997:0.997:300:0_1.0_30.0_40.0.dat
#g <<v>> qnu(q) mu_q Dx Gx EBx
-9.970000e-01 nan nan nan nan nan nan
-9.903533e-01 -3.134752e+00 1.002231e+00 5.794500e+05 4.626443e+01 1.973057e-02 5.149841e-04
-9.837066e-01 -3.103599e+00 9.969333e-01 5.761853e+05 4.502939e+01 2.942419e-02 5.317926e-04
-9.770599e-01 -3.071890e+00 9.987549e-01 5.809125e+05 4.640703e+01 2.894819e-02 5.064011e-04
-9.704132e-01 -3.039673e+00 9.996889e-01 5.828569e+05 4.723209e+01 2.751362e-02 4.994869e-04
-9.637665e-01 -3.007680e+00 9.976922e-01 5.792138e+05 4.610400e+01 2.634323e-02 5.033016e-04
-9.571198e-01 -2.975453e+00 9.998603e-01 5.819607e+05 4.591556e+01 1.282203e-02 5.228519e-04
-9.504731e-01 -2.942483e+00 1.000974e+00 5.822419e+05 4.682975e+01 2.640605e-03 4.900694e-04
-9.438264e-01 -2.910477e+00 1.001772e+00 5.827869e+05 4.582134e+01 4.050970e-03 5.122423e-04
-9.371797e-01 -2.877470e+00 9.983665e-01 5.828056e+05 4.693925e+01 -4.378736e-03 4.932880e-04
-9.305331e-01 -2.845295e+00 1.000641e+00 5.851704e+05 4.625425e+01 -6.038189e-03 4.916191e-04
-9.238864e-01 -2.812811e+00 9.986368e-01 5.881830e+05 4.664640e+01 -1.157641e-03 4.928112e-04
-9.172397e-01 -2.779763e+00 9.946453e-01 5.828256e+05 4.664895e+01 8.213520e-05 4.863739e-04
-9.105930e-01 -2.747367e+00 9.928577e-01 5.818153e+05 4.615493e+01 6.352782e-03 4.805326e-04
-9.039463e-01 -2.713866e+00 9.990753e-01 5.897481e+05 4.737979e+01 4.129887e-03 5.130768e-04
-8.972996e-01 -2.681165e+00 1.001219e+00 5.906532e+05 4.650380e+01 1.310110e-03 5.058050e-04
-8.906529e-01 -2.648428e+00 9.999759e-01 5.910055e+05 4.647070e+01 3.934979e-03 4.798174e-04
-8.840062e-01 -2.615773e+00 1.002769e+00 5.973809e+05 4.696217e+01 -6.448746e-03 4.929304e-04
-8.773595e-01 -2.583597e+00 1.000640e+00 5.945494e+05 4.681956e+01 5.756021e-03 5.072355e-04
-8.707128e-01 -2.551325e+00 9.991760e-01 5.943104e+05 4.673553e+01 1.247752e-02 5.381107e-04
-8.640661e-01 -2.519032e+00 1.002314e+00 5.956486e+05 4.783179e+01 1.720691e-02 5.265474e-04
-8.574194e-01 -2.487559e+00 9.950138e-01 5.909534e+05 4.671516e+01 1.097441e-02 5.067587e-04
-8.507727e-01 -2.455237e+00 9.987218e-01 5.936295e+05 4.753385e+01 1.938355e-02 4.994869e-04
-8.441260e-01 -2.423504e+00 9.986006e-01 5.937287e+05 4.707294e+01 3.206611e-02 5.365610e-04
-8.374794e-01 -2.391608e+00 1.003584e+00 5.978312e+05 4.721045e+01 2.686477e-02 4.684925e-04
-8.308327e-01 -2.360133e+00 9.985386e-01 5.957458e+05 4.734541e+01 1.946318e-02 5.099773e-04
-8.241860e-01 -2.327587e+00 9.996480e-01 5.943126e+05 4.788144e+01 2.525818e-02 5.038977e-04
-8.175393e-01 -2.296589e+00 9.971569e-01 5.957578e+05 4.778086e+01 3.151286e-02 5.199909e-04
-8.108926e-01 -2.265325e+00 9.976571e-01 5.937182e+05 4.722573e+01 3.075421e-02 4.901886e-04
-8.042459e-01 -2.234417e+00 9.966393e-01 5.961008e+05 4.774139e+01 2.824116e-02 5.086660e-04
-7.975992e-01 -2.203149e+00 1.000866e+00 6.001611e+05 4.805588e+01 2.013791e-02 5.341768e-04
-7.909525e-01 -2.172608e+00 9.984490e-01 5.985788e+05 4.787253e+01 2.110255e-02 4.938841e-04
-7.843058e-01 -2.141748e+00 9.971146e-01 5.997519e+05 4.762425e+01 1.814187e-02 5.018711e-04
-7.776591e-01 -2.111054e+00 1.001827e+00 6.007682e+05 4.813864e+01 1.368427e-02 5.351305e-04
-7.710124e-01 -2.080133e+00 9.958330e-01 6.002616e+05 4.791710e+01 8.917928e-03 5.105734e-04
-7.643657e-01 -2.049997e+00 9.968210e-01 5.984545e+05 4.778341e+01 2.747917e-02 4.909039e-04
-7.577190e-01 -2.019533e+00 9.968855e-01 5.980628e+05 4.760643e+01 1.679015e-02 5.272627e-04
-7.510723e-01 -1.988946e+00 9.990293e-01 6.010816e+05 4.809026e+01 2.335298e-02 4.954338e-04
-7.444257e-01 -1.959424e+00 1.001197e+00 6.037652e+05 4.814500e+01 1.570451e-02 5.084276e-04
-7.377790e-01 -1.929856e+00 9.993019e-01 6.060547e+05 4.848241e+01 1.962972e-02 4.924536e-04
-7.311323e-01 -1.899524e+00 1.004187e+00 6.068308e+05 4.806479e+01 1.520169e-02 5.139112e-04
-7.244856e-01 -1.869871e+00 9.986765e-01 6.073086e+05 4.857027e+01 1.776707e-02 4.916191e-04
-7.178389e-01 -1.839700e+00 9.971632e-01 6.062382e+05 4.824559e+01 1.769745e-02 5.151033e-04
-7.111922e-01 -1.810788e+00 9.974204e-01 6.066078e+05 4.836591e+01 1.776338e-03 4.975796e-04
-7.045455e-01 -1.781336e+00 9.992700e-01 6.070271e+05 4.829398e+01 1.410651e-02 5.182028e-04
-6.978988e-01 -1.752267e+00 1.001938e+00 6.084754e+05 4.826723e+01 2.202785e-02 4.795790e-04
-6.912521e-01 -1.722438e+00 1.006948e+00 6.114312e+05 4.855690e+01 1.705015e-02 4.522800e-04
-6.846054e-01 -1.693560e+00 1.004287e+00 6.151806e+05 4.853716e+01 2.248037e-02 5.023479e-04
-6.779587e-01 -1.664837e+00 1.003911e+00 6.146384e+05 4.876189e+01 6.552815e-03 4.680157e-04
-6.713120e-01 -1.636269e+00 1.006276e+00 6.151165e+05 4.877526e+01 1.586449e-02 4.986525e-04
-6.646653e-01 -1.607730e+00 9.965538e-01 6.111331e+05 4.882937e+01 1.256430e-02 5.068779e-04
-6.580186e-01 -1.578452e+00 1.003162e+00 6.132539e+05 4.897834e+01 1.318073e-02 5.028248e-04
-6.513720e-01 -1.550531e+00 1.003323e+00 6.172670e+05 4.891850e+01 1.312709e-02 4.601479e-04
-6.447253e-01 -1.521576e+00 1.002363e+00 6.130054e+05 4.862374e+01 1.622832e-02 5.003214e-04
-6.380786e-01 -1.493088e+00 9.995621e-01 6.123488e+05 4.856263e+01 2.272844e-02 5.135536e-04
-6.314319e-01 -1.464915e+00 1.006107e+00 6.151854e+05 4.893633e+01 2.402103e-02 4.818439e-04
-6.247852e-01 -1.437403e+00 1.007846e+00 6.164379e+05 4.908274e+01 2.752209e-02 4.757643e-04
-6.181385e-01 -1.409082e+00 1.000440e+00 6.113574e+05 4.872306e+01 3.152740e-02 4.909039e-04
-6.114918e-01 -1.381326e+00 1.002677e+00 6.184189e+05 4.897580e+01 3.037286e-02 5.229712e-04
-6.048451e-01 -1.353550e+00 1.001304e+00 6.181341e+05 4.920943e+01 3.196990e-02 4.893541e-04
-5.981984e-01 -1.326519e+00 1.001554e+00 6.170131e+05 4.906174e+01 3.498411e-02 4.860163e-04
-5.915517e-01 -1.298493e+00 1.005058e+00 6.205877e+05 4.932243e+01 2.737856e-02 5.115271e-04
-5.849050e-01 -1.270401e+00 1.001528e+00 6.179299e+05 4.902195e+01 1.790857e-02 4.929304e-04
-5.782583e-01 -1.243056e+00 1.004369e+00 6.212459e+05 4.935108e+01 2.084672e-02 4.862547e-04
-5.716116e-01 -1.214871e+00 1.005372e+00 6.244032e+05 4.953284e+01 1.235962e-02 4.993677e-04
-5.649650e-01 -1.187510e+00 1.004020e+00 6.208132e+05 4.945103e+01 2.721238e-02 4.662275e-04
-5.583183e-01 -1.160853e+00 1.007330e+00 6.243930e+05 4.975438e+01 2.595437e-02 5.103350e-04
-5.516716e-01 -1.133242e+00 1.009457e+00 6.261642e+05 4.979099e+01 2.727497e-02 4.988909e-04
-5.450249e-01 -1.106193e+00 1.004102e+00 6.199116e+05 4.932689e+01 1.526642e-02 4.876852e-04
-5.383782e-01 -1.078954e+00 1.009691e+00 6.228864e+05 4.956212e+01 2.333462e-02 4.760027e-04
-5.317315e-01 -1.052871e+00 1.005968e+00 6.222922e+05 4.959077e+01 3.074956e-02 4.861355e-04
-5.250848e-01 -1.026162e+00 1.001696e+00 6.211700e+05 4.941156e+01 2.684104e-02 4.837513e-04
-5.184381e-01 -9.984125e-01 1.004764e+00 6.209836e+05 4.935585e+01 2.627087e-02 5.059242e-04
-5.117914e-01 -9.719639e-01 1.004149e+00 6.197036e+05 4.935012e+01 2.293289e-02 4.839897e-04
-5.051447e-01 -9.457717e-01 1.006081e+00 6.225664e+05 4.953252e+01 2.572429e-02 4.891157e-04
-4.984981e-01 -9.193171e-01 1.006359e+00 6.197569e+05 4.922471e+01 2.830505e-02 5.168915e-04
-4.918514e-01 -8.927217e-01 1.010137e+00 6.219929e+05 4.948207e+01 1.905966e-02 4.689693e-04
-4.852047e-01 -8.661587e-01 1.005595e+00 6.198173e+05 4.932721e+01 1.952231e-02 4.812479e-04
-4.785581e-01 -8.404925e-01 1.006463e+00 6.209528e+05 4.936572e+01 2.102566e-02 4.843473e-04
-4.719114e-01 -8.139743e-01 1.002529e+00 6.179951e+05 4.915166e+01 1.904404e-02 4.904270e-04
-4.652647e-01 -7.876320e-01 1.005854e+00 6.199159e+05 4.920323e+01 1.385403e-02 4.810095e-04
-4.586181e-01 -7.620936e-01 1.003034e+00 6.160408e+05 4.901351e+01 2.027190e-02 4.709959e-04
-4.519714e-01 -7.355230e-01 1.008509e+00 6.180372e+05 4.916996e+01 1.855099e-02 4.788637e-04
-4.453247e-01 -7.107449e-01 1.002446e+00 6.182272e+05 4.918365e+01 1.599884e-02 4.645586e-04
-4.386781e-01 -6.843677e-01 1.010624e+00 6.246063e+05 4.973640e+01 1.291132e-02 4.891157e-04
-4.320314e-01 -6.585829e-01 1.002894e+00 6.163718e+05 4.904423e+01 1.748502e-02 4.763603e-04
-4.253848e-01 -6.330100e-01 1.004979e+00 6.186064e+05 4.927397e+01 1.472819e-02 4.729033e-04
-4.187381e-01 -6.077675e-01 1.005891e+00 6.204454e+05 4.941999e+01 1.544309e-02 4.620552e-04
-4.120914e-01 -5.818701e-01 1.007657e+00 6.236534e+05 4.966979e+01 2.334225e-02 4.781485e-04
-4.054448e-01 -5.565586e-01 1.005566e+00 6.207336e+05 4.942851e+01 2.518594e-02 5.216599e-04
-3.987981e-01 -5.320607e-01 1.008139e+00 6.206096e+05 4.940655e+01 1.592553e-02 4.986525e-04
-3.921514e-01 -5.061205e-01 1.008627e+00 6.216689e+05 4.948557e+01 1.605797e-02 4.928112e-04
-3.855048e-01 -4.799512e-01 1.001006e+00 6.164761e+05 4.908505e+01 1.693666e-02 4.903078e-04
-3.788581e-01 -4.553478e-01 1.002524e+00 6.153816e+05 4.895868e+01 4.115820e-03 4.427433e-04
-3.722115e-01 -4.303096e-01 1.005716e+00 6.168931e+05 4.911426e+01 9.293318e-03 4.551411e-04
-3.655648e-01 -4.051463e-01 1.006188e+00 6.187832e+05 4.923255e+01 5.200386e-03 5.053282e-04
-3.589181e-01 -3.804422e-01 1.003256e+00 6.154838e+05 4.899863e+01 5.375743e-03 4.723072e-04
-3.522715e-01 -3.558448e-01 9.988636e-01 6.136813e+05 4.884692e+01 3.204823e-03 4.793406e-04
-3.456248e-01 -3.307165e-01 9.990621e-01 6.110141e+05 4.862159e+01 6.758332e-03 4.863739e-04
-3.389781e-01 -3.054564e-01 1.005367e+00 6.172712e+05 4.913421e+01 1.517928e-02 4.553795e-04
-3.323315e-01 -2.806070e-01 1.001683e+00 6.154922e+05 4.898801e+01 1.476872e-02 4.615784e-04
-3.256848e-01 -2.563320e-01 9.992766e-01 6.163505e+05 4.905589e+01 1.730597e-02 4.624128e-04
-3.190382e-01 -2.315673e-01 1.002581e+00 6.146624e+05 4.891341e+01 1.414454e-02 4.682541e-04
-3.123915e-01 -2.068478e-01 1.005636e+00 6.171002e+05 4.910733e+01 1.509440e-02 4.990101e-04
-3.057448e-01 -1.828989e-01 1.001786e+00 6.125496e+05 4.874625e+01 2.039289e-02 4.806519e-04
-2.990982e-01 -1.581678e-01 1.006058e+00 6.153446e+05 4.896600e+01 1.650190e-02 4.782677e-04
-2.924515e-01 -1.336339e-01 1.001753e+00 6.119742e+05 4.869479e+01 2.066219e-02 4.675388e-04
-2.858048e-01 -1.094743e-01 1.005272e+00 6.182462e+05 4.919416e+01 1.093197e-02 4.991293e-04
-2.791582e-01 -8.438537e-02 1.003026e+00 6.175469e+05 4.913883e+01 1.350760e-02 4.677773e-04
-2.725115e-01 -6.024301e-02 1.005355e+00 6.196206e+05 4.930427e+01 1.292944e-02 4.879236e-04
-2.658648e-01 -3.666684e-02 1.004211e+00 6.210451e+05 4.941982e+01 1.648295e-02 4.611015e-04
-2.592182e-01 -1.269108e-02 1.001076e+00 6.174472e+05 4.913230e+01 7.426858e-03 4.990101e-04
-2.525715e-01 1.128578e-02 1.005640e+00 6.224361e+05 4.953086e+01 1.673913e-02 4.918575e-04
-2.459249e-01 3.555377e-02 1.004416e+00 6.230904e+05 4.958374e+01 1.743674e-02 4.752874e-04
-2.392782e-01 5.895403e-02 1.002518e+00 6.187549e+05 4.924047e+01 2.144182e-02 5.232096e-04
-2.326315e-01 8.255435e-02 1.004691e+00 6.221368e+05 4.951043e+01 1.608407e-02 4.844666e-04
-2.259849e-01 1.069580e-01 1.009588e+00 6.246781e+05 4.971353e+01 1.523674e-02 4.982948e-04
-2.193382e-01 1.305353e-01 1.007526e+00 6.237700e+05 4.963784e+01 2.616370e-02 4.627705e-04
-2.126915e-01 1.537758e-01 1.001790e+00 6.200167e+05 4.933570e+01 2.493894e-02 4.718304e-04
-2.060449e-01 1.773568e-01 1.006276e+00 6.255346e+05 4.977557e+01 2.565587e-02 4.957914e-04
-1.993982e-01 2.007332e-01 1.007444e+00 6.253034e+05 4.975181e+01 1.219940e-02 4.833937e-04
-1.927516e-01 2.246262e-01 1.010288e+00 6.291089e+05 5.005771e+01 2.164590e-02 4.703999e-04
-1.861049e-01 2.471384e-01 1.004579e+00 6.226131e+05 4.952995e+01 2.293229e-02 4.667044e-04
-1.794582e-01 2.706106e-01 1.002265e+00 6.171368e+05 4.909538e+01 3.257704e-02 4.689693e-04
-1.728116e-01 2.934941e-01 1.000757e+00 6.173496e+05 4.911525e+01 3.481400e-02 4.485846e-04
-1.661649e-01 3.167522e-01 9.998470e-01 6.184112e+05 4.920321e+01 1.794791e-02 4.608631e-04
-1.595182e-01 3.399503e-01 1.002566e+00 6.202604e+05 4.934778e+01 2.382493e-02 4.774332e-04
-1.528716e-01 3.634734e-01 1.000524e+00 6.209622e+05 4.940516e+01 3.187752e-02 4.687309e-04
-1.462249e-01 3.860337e-01 1.002758e+00 6.197014e+05 4.930178e+01 3.380764e-02 4.971027e-04
-1.395783e-01 4.088907e-01 1.004317e+00 6.188843e+05 4.924417e+01 2.271295e-02 4.956722e-04
-1.329316e-01 4.313837e-01 1.004209e+00 6.193306e+05 4.928551e+01 2.060759e-02 4.756451e-04
-1.262849e-01 4.541802e-01 1.003976e+00 6.208966e+05 4.941832e+01 1.985228e-02 4.639626e-04
-1.196383e-01 4.765489e-01 1.002483e+00 6.220514e+05 4.951501e+01 1.141119e-02 4.888773e-04
-1.129916e-01 4.996585e-01 1.002814e+00 6.207856e+05 4.937631e+01 2.231669e-02 4.447699e-04
-1.063449e-01 5.214803e-01 1.003534e+00 6.212214e+05 4.942764e+01 2.820253e-02 4.818439e-04
-9.969828e-02 5.447410e-01 1.003858e+00 6.234743e+05 4.962523e+01 3.056777e-02 4.794598e-04
-9.305161e-02 5.669116e-01 1.006359e+00 6.238804e+05 4.963072e+01 1.863241e-02 4.706383e-04
-8.640495e-02 5.900888e-01 1.000417e+00 6.178546e+05 4.915373e+01 1.171410e-02 4.742146e-04
-7.975829e-02 6.119558e-01 9.962627e-01 6.122731e+05 4.870993e+01 1.235962e-02 4.723072e-04
-7.311162e-02 6.345518e-01 9.979795e-01 6.158692e+05 4.901471e+01 7.713318e-03 4.882812e-04
-6.646496e-02 6.559935e-01 9.965513e-01 6.123584e+05 4.874518e+01 1.660085e-02 4.978180e-04
-5.981829e-02 6.782488e-01 9.924522e-01 6.084611e+05 4.840141e+01 1.193213e-02 4.870892e-04
-5.317163e-02 7.002840e-01 9.916524e-01 6.083391e+05 4.839917e+01 1.113105e-02 4.932880e-04
-4.652496e-02 7.232786e-01 9.905773e-01 6.050035e+05 4.817142e+01 4.165411e-03 4.734993e-04
-3.987829e-02 7.446431e-01 9.963340e-01 6.116548e+05 4.867658e+01 1.555455e-02 5.159378e-04
-3.323163e-02 7.663046e-01 9.890500e-01 6.070669e+05 4.831164e+01 7.579088e-03 5.031824e-04
-2.658496e-02 7.897419e-01 9.958166e-01 6.129216e+05 4.886868e+01 6.422400e-03 4.647970e-04
-1.993829e-02 8.110299e-01 9.965121e-01 6.098671e+05 4.858968e+01 1.014555e-02 4.924536e-04
-1.329163e-02 8.331116e-01 9.906194e-01 6.079030e+05 4.835811e+01 1.052105e-02 4.863739e-04
-6.644960e-03 8.542262e-01 9.930812e-01 6.054607e+05 4.821854e+01 6.055355e-03 4.682541e-04
1.706183e-06 8.754546e-01 9.968828e-01 6.089541e+05 4.844724e+01 7.405281e-03 4.544258e-04
6.648373e-03 8.972470e-01 9.956621e-01 6.110257e+05 4.865462e+01 -1.150310e-03 4.590750e-04
1.329504e-02 9.198045e-01 9.932749e-01 6.108868e+05 4.875298e+01 7.447839e-03 4.540682e-04
1.994171e-02 9.421033e-01 9.938143e-01 6.089271e+05 4.850565e+01 3.996491e-03 4.653931e-04
2.658837e-02 9.629353e-01 9.882525e-01 6.051801e+05 4.813927e+01 8.258462e-03 4.544258e-04
3.323504e-02 9.848654e-01 9.896541e-01 6.042143e+05 4.810617e+01 7.789373e-03 4.659891e-04
3.988171e-02 1.007057e+00 9.918852e-01 6.048693e+05 4.804060e+01 -3.979027e-03 4.695654e-04
4.652837e-02 1.028622e+00 9.895443e-01 6.040320e+05 4.798330e+01 9.596229e-03 4.732609e-04
5.317504e-02 1.050754e+00 9.915215e-01 6.033344e+05 4.795784e+01 7.622600e-03 4.990101e-04
5.982171e-02 1.072887e+00 9.848998e-01 6.022014e+05 4.795179e+01 1.668787e-02 4.707575e-04
6.646837e-02 1.094399e+00 9.957824e-01 6.084288e+05 4.842735e+01 1.699662e-02 4.631281e-04
7.311504e-02 1.117406e+00 9.940240e-01 6.075463e+05 4.847318e+01 4.622459e-03 4.752874e-04
7.976170e-02 1.138998e+00 9.955943e-01 6.085785e+05 4.846873e+01 1.048148e-02 5.103350e-04
8.640836e-02 1.160837e+00 1.000162e+00 6.104972e+05 4.873038e+01 3.430367e-03 4.398823e-04
9.305502e-02 1.183466e+00 9.968657e-01 6.082706e+05 4.853143e+01 1.358628e-03 4.831553e-04
9.970169e-02 1.205322e+00 9.937279e-01 6.015764e+05 4.806766e+01 4.076004e-03 4.618168e-04
1.063484e-01 1.228082e+00 9.911039e-01 6.022009e+05 4.803073e+01 -3.125966e-03 4.577637e-04
1.129950e-01 1.250594e+00 9.941165e-01 6.039204e+05 4.817397e+01 -8.375347e-03 4.804134e-04
1.196417e-01 1.272603e+00 9.931999e-01 6.028632e+05 4.803805e+01 -5.666018e-04 4.882812e-04
1.262883e-01 1.295469e+00 9.935864e-01 6.019899e+05 4.809662e+01 4.198670e-03 4.621744e-04
1.329350e-01 1.318104e+00 9.944165e-01 6.021197e+05 4.806670e+01 5.331755e-03 4.690886e-04
1.395817e-01 1.341418e+00 9.918909e-01 5.986203e+05 4.765863e+01 -3.345013e-03 4.884005e-04
1.462283e-01 1.363624e+00 9.891266e-01 5.965634e+05 4.745555e+01 -3.631890e-03 4.442930e-04
1.528750e-01 1.386494e+00 9.919010e-01 5.970914e+05 4.769046e+01 -9.586036e-03 4.961491e-04
1.595217e-01 1.410033e+00 9.898389e-01 5.984719e+05 4.757523e+01 -1.445651e-03 4.947186e-04
1.661683e-01 1.432474e+00 9.949861e-01 6.002966e+05 4.774712e+01 -9.094715e-03 4.838705e-04
1.728150e-01 1.455361e+00 9.883926e-01 5.988044e+05 4.782861e+01 8.380175e-03 4.557371e-04
1.794616e-01 1.478919e+00 9.903797e-01 5.978659e+05 4.740844e+01 8.848548e-03 4.928112e-04
1.861083e-01 1.502096e+00 9.890200e-01 5.995251e+05 4.765990e+01 9.070158e-03 4.817247e-04
1.927550e-01 1.525748e+00 9.900278e-01 5.997783e+05 4.765481e+01 1.038098e-02 4.843473e-04
1.994016e-01 1.548725e+00 9.883837e-01 6.001813e+05 4.786235e+01 1.920259e-02 4.684925e-04
2.060483e-01 1.572153e+00 9.908595e-01 5.989362e+05 4.782733e+01 3.802896e-03 4.957914e-04
2.126950e-01 1.595570e+00 9.927121e-01 6.011549e+05 4.800113e+01 6.971717e-03 4.304647e-04
2.193416e-01 1.619177e+00 9.890479e-01 5.981174e+05 4.778913e+01 4.907131e-03 4.655123e-04
2.259883e-01 1.642123e+00 9.871283e-01 5.954516e+05 4.746637e+01 3.946900e-03 4.806519e-04
2.326349e-01 1.666075e+00 9.841012e-01 5.944815e+05 4.747719e+01 8.835196e-03 4.316568e-04
2.392816e-01 1.689727e+00 9.890944e-01 5.961088e+05 4.741225e+01 1.018667e-02 4.701614e-04
2.459283e-01 1.713550e+00 9.898591e-01 5.982776e+05 4.764526e+01 4.941463e-03 4.773140e-04
2.525750e-01 1.737465e+00 9.894524e-01 5.958656e+05 4.738424e+01 6.915212e-03 4.789829e-04
2.592216e-01 1.761006e+00 9.920195e-01 5.999391e+05 4.752303e+01 7.360339e-03 4.637241e-04
2.658683e-01 1.785225e+00 9.862315e-01 5.946982e+05 4.748610e+01 5.331516e-03 4.444122e-04
2.725149e-01 1.808563e+00 9.860477e-01 5.981679e+05 4.770383e+01 1.746285e-02 4.876852e-04
2.791616e-01 1.833324e+00 9.973517e-01 6.070239e+05 4.818511e+01 1.755571e-02 4.681349e-04
2.858083e-01 1.857174e+00 9.903697e-01 5.996019e+05 4.780760e+01 2.209163e-02 4.779100e-04
2.924549e-01 1.881737e+00 9.921227e-01 6.006568e+05 4.805206e+01 1.368940e-02 4.695654e-04
2.991016e-01 1.906011e+00 9.872523e-01 5.979661e+05 4.766499e+01 1.956260e-02 5.003214e-04
3.057483e-01 1.930323e+00 9.895436e-01 5.967468e+05 4.768664e+01 1.882577e-02 4.771948e-04
3.123949e-01 1.954581e+00 9.938708e-01 5.970380e+05 4.756568e+01 1.459169e-02 4.968643e-04
3.190416e-01 1.979080e+00 9.867586e-01 5.959284e+05 4.752748e+01 1.983774e-02 4.864931e-04
3.256882e-01 2.003633e+00 9.859570e-01 5.937730e+05 4.735178e+01 8.198738e-03 4.885197e-04
3.323349e-01 2.028562e+00 9.914077e-01 5.963564e+05 4.762298e+01 1.343584e-02 5.066395e-04
3.389816e-01 2.053142e+00 9.857820e-01 5.912919e+05 4.733268e+01 1.483667e-02 4.853010e-04
3.456282e-01 2.078122e+00 9.849454e-01 5.904598e+05 4.676227e+01 1.848757e-02 4.918575e-04
3.522749e-01 2.102879e+00 9.818813e-01 5.892236e+05 4.700418e+01 1.375449e-02 4.657507e-04
3.589216e-01 2.128617e+00 9.863920e-01 5.911944e+05 4.694689e+01 2.195120e-02 4.987717e-04
3.655682e-01 2.153253e+00 9.869573e-01 5.917801e+05 4.707676e+01 1.340449e-02 4.910231e-04
3.722149e-01 2.178183e+00 9.826456e-01 5.882304e+05 4.634846e+01 1.725090e-02 4.783869e-04
3.788615e-01 2.203680e+00 9.875731e-01 5.914445e+05 4.726392e+01 1.767874e-02 4.607439e-04
3.855082e-01 2.229174e+00 9.915920e-01 5.954868e+05 4.699782e+01 1.974595e-02 4.644394e-04
3.921549e-01 2.254683e+00 9.885663e-01 5.941298e+05 4.680301e+01 2.839673e-02 4.535913e-04
3.988015e-01 2.279317e+00 9.894229e-01 5.947553e+05 4.682593e+01 2.893460e-02 4.745722e-04
4.054482e-01 2.305486e+00 9.844701e-01 5.907511e+05 4.714297e+01 2.185035e-02 4.737377e-04
4.120949e-01 2.330213e+00 9.806249e-01 5.883656e+05 4.710095e+01 2.066803e-02 5.041361e-04
4.187415e-01 2.356552e+00 9.865562e-01 5.925388e+05 4.666805e+01 2.350700e-02 4.897118e-04
4.253882e-01 2.382948e+00 9.871233e-01 5.916938e+05 4.702201e+01 2.092874e-02 4.720688e-04
4.320349e-01 2.408088e+00 9.867643e-01 5.914379e+05 4.725246e+01 2.741194e-02 4.808903e-04
4.386815e-01 2.434573e+00 9.812592e-01 5.863941e+05 4.696981e+01 2.046692e-02 4.767179e-04
4.453282e-01 2.460644e+00 9.815831e-01 5.855705e+05 4.723591e+01 2.243435e-02 4.886389e-04
4.519748e-01 2.486961e+00 9.857249e-01 5.868306e+05 4.669733e+01 2.277446e-02 4.880428e-04
4.586215e-01 2.513229e+00 9.867533e-01 5.901965e+05 4.683611e+01 1.216650e-02 4.799366e-04
4.652682e-01 2.539197e+00 9.878860e-01 5.902798e+05 4.757459e+01 1.668954e-02 4.855394e-04
4.719148e-01 2.565599e+00 9.843143e-01 5.854396e+05 4.659038e+01 1.436758e-02 4.649162e-04
4.785615e-01 2.591882e+00 9.887456e-01 5.896054e+05 4.679919e+01 1.447439e-02 4.645586e-04
4.852082e-01 2.617906e+00 9.864017e-01 5.854962e+05 4.696981e+01 6.187081e-03 4.799366e-04
4.918548e-01 2.644975e+00 9.917751e-01 5.905532e+05 4.700036e+01 -2.215981e-03 4.801750e-04
4.985015e-01 2.671984e+00 9.917107e-01 5.873346e+05 4.599960e+01 3.352523e-03 4.922152e-04
5.051482e-01 2.697731e+00 9.885089e-01 5.873434e+05 4.636120e+01 7.233381e-03 4.763603e-04
5.117949e-01 2.724963e+00 9.964905e-01 5.894374e+05 4.660057e+01 -3.331900e-04 4.709959e-04
5.184416e-01 2.751906e+00 9.880404e-01 5.870338e+05 4.662349e+01 -1.540303e-03 4.938841e-04
5.250883e-01 2.778652e+00 9.903477e-01 5.883581e+05 4.680428e+01 5.192995e-03 4.454851e-04
5.317349e-01 2.805733e+00 9.911874e-01 5.883858e+05 4.659293e+01 -2.611578e-03 4.941225e-04
5.383816e-01 2.833123e+00 9.944508e-01 5.921066e+05 4.598941e+01 -8.918047e-04 4.965067e-04
5.450283e-01 2.860103e+00 9.893467e-01 5.886336e+05 4.699272e+01 2.377510e-03 4.751682e-04
5.516750e-01 2.888163e+00 9.942656e-01 5.905048e+05 4.714042e+01 4.572988e-03 4.768372e-04
5.583217e-01 2.915163e+00 9.956475e-01 5.901659e+05 4.709713e+01 4.208922e-03 5.097389e-04
5.649684e-01 2.942374e+00 9.941609e-01 5.898709e+05 4.636884e+01 8.998871e-03 4.867315e-04
5.716151e-01 2.970201e+00 9.897022e-01 5.874002e+05 4.689596e+01 3.789186e-03 4.515648e-04
5.782618e-01 2.997646e+00 9.871083e-01 5.851557e+05 4.578824e+01 -7.431507e-04 4.882812e-04
5.849085e-01 3.025848e+00 9.933864e-01 5.882533e+05 4.624660e+01 -7.976294e-03 4.942417e-04
5.915552e-01 3.053634e+00 9.928629e-01 5.864814e+05 4.614474e+01 -6.903410e-03 4.853010e-04
5.982019e-01 3.081091e+00 9.896559e-01 5.880713e+05 4.665659e+01 -6.695747e-03 4.912615e-04
6.048486e-01 3.109194e+00 9.961559e-01 5.910703e+05 4.661075e+01 -2.648771e-03 5.027056e-04
6.114953e-01 3.137366e+00 9.942657e-01 5.902698e+05 4.703856e+01 -1.244503e-02 4.924536e-04
6.181419e-01 3.165128e+00 9.969316e-01 5.902664e+05 4.652417e+01 -3.211856e-03 4.639626e-04
6.247886e-01 3.193882e+00 9.970827e-01 5.910303e+05 4.677882e+01 -4.533052e-03 4.924536e-04
6.314353e-01 3.222781e+00 9.954749e-01 5.921418e+05 4.804442e+01 -7.125735e-03 4.888773e-04
6.380820e-01 3.251282e+00 9.978251e-01 5.901024e+05 4.782288e+01 -1.685506e-02 4.669428e-04
6.447287e-01 3.280305e+00 9.937647e-01 5.878482e+05 4.716334e+01 -7.483482e-03 4.860163e-04
6.513754e-01 3.309050e+00 9.931144e-01 5.835932e+05 4.663367e+01 -5.328715e-03 4.898310e-04
6.580221e-01 3.337729e+00 9.911816e-01 5.810222e+05 4.804442e+01 -8.698285e-03 4.988909e-04
6.646688e-01 3.367270e+00 9.942102e-01 5.838602e+05 4.666168e+01 -1.341015e-02 4.878044e-04
6.713155e-01 3.396552e+00 9.956470e-01 5.876635e+05 4.645796e+01 -8.360982e-03 4.775524e-04
6.779622e-01 3.426229e+00 9.941077e-01 5.868884e+05 4.784834e+01 -7.444739e-03 4.677773e-04
6.846089e-01 3.456175e+00 9.927283e-01 5.843261e+05 4.604543e+01 -2.434850e-04 4.626513e-04
6.912556e-01 3.485472e+00 9.911779e-01 5.804766e+05 4.681447e+01 -6.774664e-04 5.009174e-04
6.979023e-01 3.515286e+00 9.959585e-01 5.851351e+05 4.640449e+01 -7.380605e-03 4.997253e-04
7.045490e-01 3.544972e+00 9.948816e-01 5.844728e+05 4.608363e+01 -6.329358e-03 4.932880e-04
7.111956e-01 3.574836e+00 9.927391e-01 5.808629e+05 4.617530e+01 -1.598024e-02 4.661083e-04
7.178423e-01 3.604484e+00 9.913893e-01 5.846512e+05 4.738743e+01 -4.102349e-03 4.862547e-04
7.244890e-01 3.634172e+00 9.956336e-01 5.859346e+05 4.705893e+01 -1.327676e-02 5.065203e-04
7.311357e-01 3.664515e+00 9.971276e-01 5.849342e+05 4.694434e+01 -1.457363e-02 4.827976e-04
7.377824e-01 3.695249e+00 1.000735e+00 5.877398e+05 4.858682e+01 -1.556718e-02 5.058050e-04
7.444291e-01 3.725620e+00 1.005392e+00 5.923659e+05 4.866831e+01 -1.976860e-02 4.963875e-04
7.510758e-01 3.755716e+00 1.002980e+00 5.899965e+05 4.762934e+01 -2.034819e-02 5.153418e-04
7.577225e-01 3.787054e+00 1.004736e+00 5.904119e+05 4.598432e+01 -1.861888e-02 5.127192e-04
7.643692e-01 3.817589e+00 1.005697e+00 5.913849e+05 4.697235e+01 -2.073067e-02 4.960299e-04
7.710159e-01 3.848838e+00 1.005107e+00 5.910789e+05 4.776176e+01 -2.196348e-02 4.754066e-04
7.776626e-01 3.879632e+00 1.005744e+00 5.909929e+05 4.611673e+01 -2.101189e-02 4.729033e-04
7.843093e-01 3.911071e+00 1.005905e+00 5.915100e+05 4.706912e+01 -2.056068e-02 4.576445e-04
7.909560e-01 3.942269e+00 1.005367e+00 5.912139e+05 4.779232e+01 -1.506388e-02 4.885197e-04
7.976027e-01 3.973635e+00 1.000786e+00 5.863718e+05 4.525093e+01 -1.787686e-02 5.028248e-04
8.042493e-01 4.004419e+00 1.002485e+00 5.874676e+05 4.638666e+01 -1.287824e-02 5.016327e-04
8.108960e-01 4.036565e+00 9.991899e-01 5.838671e+05 4.766499e+01 -1.323503e-02 4.647970e-04
8.175427e-01 4.068219e+00 1.003589e+00 5.862448e+05 4.630518e+01 -1.718801e-02 5.061626e-04
8.241894e-01 4.100299e+00 1.002838e+00 5.854033e+05 4.513379e+01 -1.601303e-02 5.161762e-04
8.308361e-01 4.132227e+00 9.992445e-01 5.809141e+05 4.564309e+01 -1.353526e-02 4.628897e-04
8.374828e-01 4.164573e+00 1.003014e+00 5.848431e+05 4.474673e+01 -1.132971e-02 4.825592e-04
8.441295e-01 4.196264e+00 1.004403e+00 5.830699e+05 4.710477e+01 -5.401671e-03 4.980564e-04
8.507762e-01 4.229801e+00 1.003825e+00 5.841192e+05 4.645287e+01 -9.980917e-03 4.814863e-04
8.574229e-01 4.261252e+00 1.002797e+00 5.847553e+05 4.497591e+01 -6.116450e-03 4.967451e-04
8.640696e-01 4.294516e+00 1.004496e+00 5.839241e+05 4.590792e+01 -1.590848e-03 4.808903e-04
8.707163e-01 4.326902e+00 1.002556e+00 5.817944e+05 4.720663e+01 -5.733550e-03 4.861355e-04
8.773630e-01 4.359272e+00 1.001432e+00 5.826554e+05 4.391658e+01 1.847744e-05 4.788637e-04
8.840097e-01 4.391911e+00 1.007417e+00 5.837911e+05 4.683994e+01 -8.122683e-03 4.996061e-04
8.906564e-01 4.424956e+00 1.005484e+00 5.843399e+05 4.496063e+01 -1.056182e-02 4.929304e-04
8.973030e-01 4.456947e+00 1.008390e+00 5.871972e+05 4.661075e+01 -5.205035e-03 4.738569e-04
9.039497e-01 4.490529e+00 1.006015e+00 5.839383e+05 4.588755e+01 -5.173087e-03 5.081892e-04
9.105964e-01 4.522460e+00 1.009812e+00 5.848856e+05 4.758860e+01 7.531404e-03 4.776716e-04
9.172431e-01 4.555889e+00 1.008073e+00 5.818819e+05 4.604543e+01 3.698230e-03 4.880428e-04
9.238898e-01 4.589157e+00 1.009833e+00 5.819084e+05 4.625934e+01 6.218195e-03 4.892349e-04
9.305365e-01 4.621099e+00 1.008201e+00 5.806154e+05 4.699782e+01 1.219785e-02 4.785061e-04
9.371832e-01 4.653736e+00 1.007182e+00 5.764890e+05 4.513889e+01 1.265347e-02 5.010366e-04
9.438299e-01 4.686820e+00 1.007085e+00 5.812702e+05 4.688068e+01 1.121485e-02 4.923344e-04
9.504766e-01 4.721396e+00 1.007587e+00 5.768032e+05 4.609636e+01 1.389670e-02 4.770756e-04
9.571233e-01 4.754355e+00 1.006599e+00 5.734452e+05 4.706912e+01 1.492500e-02 4.698038e-04
9.637700e-01 4.786179e+00 1.008711e+00 5.771676e+05 4.628989e+01 1.085925e-02 4.829168e-04
9.704167e-01 4.819061e+00 1.011505e+00 5.799763e+05 4.501156e+01 1.784050e-02 4.945993e-04
9.770634e-01 4.851616e+00 1.008929e+00 5.786008e+05 4.538844e+01 2.493680e-02 4.718304e-04
9.837101e-01 4.884543e+00 1.004498e+00 5.732671e+05 4.554632e+01 1.523817e-02 4.980564e-04
9.903567e-01 4.916472e+00 1.009526e+00 5.777806e+05 4.624915e+01 1.642919e-02 5.066395e-04
