#./overdamped_3d --dev=1 --amp=40.0 --omega=1.0 --force=0 --Dg=0.01 --block=256 --paths=262144 --periods=1000 --trans=100 --samples=100 --spp=500 --algorithm=euler --pav=1 --mode=moments --domain=1d --domainx=g:-0.997:0.997:300:0 --domainy=a:0:10:100:0 --domainz=D:-6:-1:100:1 --q=2 --eps=0 --phi=1.57079632679 --lambda=30.0 --zeta=0.0333333333333 --comp=0 --mean=1.0 --second=0.1 --skew=0.99 --distribution=s>> journal_5_s_0.1_g:-0.997:0.997:300:0_1.0_30.0_40.0.dat
#g <<v>> qnu(q) mu_q Dx Gx EBx
-9.970000e-01 nan nan nan nan nan nan
-9.903533e-01 -5.031497e-05 1.211336e-01 9.477558e+00 7.542539e-04 1.083595e-01 2.147913e-03
-9.837066e-01 -4.941380e-05 1.176075e-01 9.463785e+00 7.531806e-04 1.009356e-01 2.131701e-03
-9.770599e-01 -4.974296e-05 1.205242e-01 9.495048e+00 7.556208e-04 1.076390e-01 2.117276e-03
-9.704132e-01 -4.768294e-05 1.168901e-01 9.402803e+00 7.483309e-04 1.097691e-01 2.118468e-03
-9.637665e-01 -4.774484e-05 1.181240e-01 9.393747e+00 7.475786e-04 1.142942e-01 2.112150e-03
-9.571198e-01 -4.765587e-05 1.156631e-01 9.420070e+00 7.497133e-04 1.088251e-01 2.107501e-03
-9.504731e-01 -4.600600e-05 1.123318e-01 9.361836e+00 7.450988e-04 1.100907e-01 2.104640e-03
-9.438264e-01 -4.698808e-05 1.155249e-01 9.382940e+00 7.467621e-04 1.176696e-01 2.135158e-03
-9.371797e-01 -4.671601e-05 1.144600e-01 9.380619e+00 7.465782e-04 1.079304e-01 2.089381e-03
-9.305331e-01 -4.800835e-05 1.155869e-01 9.394091e+00 7.476154e-04 1.201061e-01 2.100348e-03
-9.238864e-01 -4.636100e-05 1.147708e-01 9.380570e+00 7.465742e-04 1.046391e-01 2.088666e-03
-9.172397e-01 -4.692888e-05 1.164157e-01 9.358679e+00 7.448185e-04 9.274590e-02 2.092242e-03
-9.105930e-01 -4.475574e-05 1.092594e-01 9.244295e+00 7.357114e-04 7.234275e-02 2.084613e-03
-9.039463e-01 -4.594382e-05 1.114807e-01 9.334295e+00 7.429174e-04 7.291389e-02 2.076507e-03
-8.972996e-01 -4.381718e-05 1.056430e-01 9.198001e+00 7.320627e-04 7.932079e-02 2.090216e-03
-8.906529e-01 -4.350999e-05 1.083884e-01 9.236737e+00 7.351412e-04 6.740403e-02 2.094865e-03
-8.840062e-01 -4.293170e-05 1.077856e-01 9.212318e+00 7.332313e-04 6.705046e-02 2.070546e-03
-8.773595e-01 -4.176315e-05 1.047004e-01 9.158708e+00 7.289597e-04 7.573378e-02 2.097845e-03
-8.707128e-01 -4.019343e-05 9.996504e-02 9.088800e+00 7.233890e-04 6.527472e-02 2.056956e-03
-8.640661e-01 -3.849549e-05 9.648394e-02 9.053279e+00 7.204938e-04 5.583215e-02 2.035975e-03
-8.574194e-01 -3.839536e-05 9.513500e-02 9.011503e+00 7.171716e-04 4.233313e-02 2.024293e-03
-8.507727e-01 -3.685317e-05 9.034920e-02 8.947908e+00 7.121097e-04 3.723538e-02 2.014875e-03
-8.441260e-01 -3.632223e-05 9.054469e-02 8.885597e+00 7.071443e-04 4.747379e-02 1.993179e-03
-8.374794e-01 -3.575220e-05 8.757155e-02 8.926001e+00 7.103845e-04 3.210306e-02 2.008319e-03
-8.308327e-01 -3.440054e-05 8.618484e-02 8.869313e+00 7.058636e-04 3.683209e-02 2.033949e-03
-8.241860e-01 -3.349698e-05 8.471206e-02 8.821376e+00 7.020735e-04 3.068697e-02 2.022862e-03
-8.175393e-01 -3.375374e-05 8.586180e-02 8.841194e+00 7.036455e-04 2.977157e-02 2.005458e-03
-8.108926e-01 -3.255255e-05 8.094364e-02 8.819248e+00 7.019067e-04 1.098669e-02 1.968265e-03
-8.042459e-01 -3.343647e-05 8.480695e-02 8.800826e+00 7.004552e-04 3.143942e-02 2.012610e-03
-7.975992e-01 -3.223428e-05 8.561199e-02 8.789912e+00 6.995716e-04 3.970051e-02 2.002954e-03
-7.909525e-01 -3.112543e-05 8.021163e-02 8.780184e+00 6.987809e-04 1.632500e-02 1.985312e-03
-7.843058e-01 -3.162993e-05 8.026022e-02 8.775470e+00 6.983915e-04 2.491903e-02 1.995683e-03
-7.776591e-01 -3.052146e-05 7.725731e-02 8.713761e+00 6.935360e-04 1.462042e-02 1.960278e-03
-7.710124e-01 -3.122215e-05 8.149807e-02 8.765059e+00 6.975731e-04 2.390635e-02 1.983643e-03
-7.643657e-01 -2.999490e-05 7.654220e-02 8.694485e+00 6.919949e-04 6.834149e-03 1.961470e-03
-7.577190e-01 -2.949487e-05 7.388141e-02 8.642220e+00 6.877871e-04 1.672912e-02 1.960874e-03
-7.510723e-01 -2.845798e-05 7.371990e-02 8.686762e+00 6.913999e-04 1.718390e-02 1.948357e-03
-7.444257e-01 -2.696563e-05 6.918454e-02 8.574407e+00 6.824507e-04 8.854032e-03 1.949549e-03
-7.377790e-01 -2.601408e-05 6.794228e-02 8.526197e+00 6.785956e-04 -7.888258e-03 1.913548e-03
-7.311323e-01 -2.501102e-05 6.566975e-02 8.518303e+00 6.779061e-04 -5.444586e-03 1.935959e-03
-7.244856e-01 -2.385945e-05 6.274296e-02 8.490484e+00 6.757078e-04 -4.429239e-02 1.927733e-03
-7.178389e-01 -2.268238e-05 5.979112e-02 8.400600e+00 6.685490e-04 -4.659390e-02 1.890302e-03
-7.111922e-01 -2.251749e-05 5.845493e-02 8.405176e+00 6.689552e-04 -5.239606e-02 1.934052e-03
-7.045455e-01 -2.250577e-05 5.878783e-02 8.415446e+00 6.697903e-04 -5.017787e-02 1.897573e-03
-6.978988e-01 -2.160819e-05 5.630741e-02 8.363436e+00 6.655941e-04 -5.244792e-02 1.890302e-03
-6.912521e-01 -2.254418e-05 5.760960e-02 8.397408e+00 6.683315e-04 -5.262810e-02 1.921058e-03
-6.846054e-01 -2.212345e-05 5.623163e-02 8.371782e+00 6.662844e-04 -5.438071e-02 1.920104e-03
-6.779587e-01 -2.044073e-05 5.300414e-02 8.320375e+00 6.622209e-04 -6.221759e-02 1.884580e-03
-6.713120e-01 -1.941414e-05 5.003478e-02 8.296710e+00 6.602958e-04 -7.253772e-02 1.924276e-03
-6.646653e-01 -1.880056e-05 4.944899e-02 8.233564e+00 6.552904e-04 -6.507921e-02 1.857162e-03
-6.580186e-01 -1.836507e-05 4.863810e-02 8.208644e+00 6.533255e-04 -6.661904e-02 1.891375e-03
-6.513720e-01 -1.862437e-05 4.860107e-02 8.230022e+00 6.550053e-04 -7.095951e-02 1.839161e-03
-6.447253e-01 -1.787747e-05 4.801134e-02 8.226696e+00 6.547422e-04 -8.276087e-02 1.870513e-03
-6.380786e-01 -1.589672e-05 4.208791e-02 8.162813e+00 6.497038e-04 -9.601098e-02 1.860499e-03
-6.314319e-01 -1.540271e-05 4.056470e-02 8.132800e+00 6.472798e-04 -9.658116e-02 1.832128e-03
-6.247852e-01 -1.581965e-05 4.290234e-02 8.190291e+00 6.518858e-04 -9.867531e-02 1.863480e-03
-6.181385e-01 -1.489799e-05 3.837361e-02 8.124952e+00 6.466591e-04 -1.068324e-01 1.869440e-03
-6.114918e-01 -1.433395e-05 3.811362e-02 8.132592e+00 6.472821e-04 -1.083382e-01 1.845002e-03
-6.048451e-01 -1.404232e-05 3.839514e-02 8.084141e+00 6.434243e-04 -1.032961e-01 1.846313e-03
-5.981984e-01 -1.360818e-05 3.749064e-02 8.107118e+00 6.452446e-04 -1.139773e-01 1.837492e-03
-5.915517e-01 -1.349654e-05 3.769175e-02 8.100178e+00 6.446479e-04 -1.096462e-01 1.864672e-03
-5.849050e-01 -1.280142e-05 3.666349e-02 8.061034e+00 6.415544e-04 -1.076502e-01 1.834989e-03
-5.782583e-01 -1.224994e-05 3.347453e-02 8.000508e+00 6.367600e-04 -1.107521e-01 1.823902e-03
-5.716116e-01 -1.185451e-05 3.358719e-02 8.010760e+00 6.375638e-04 -1.178916e-01 1.851439e-03
-5.649650e-01 -1.221744e-05 3.348276e-02 7.985887e+00 6.355830e-04 -1.084869e-01 1.872063e-03
-5.583183e-01 -1.151620e-05 3.454664e-02 8.011056e+00 6.375588e-04 -1.148628e-01 1.818538e-03
-5.516716e-01 -1.199883e-05 3.400140e-02 8.066438e+00 6.419686e-04 -1.225319e-01 1.812577e-03
-5.450249e-01 -1.004607e-05 2.910222e-02 7.946986e+00 6.324610e-04 -1.304387e-01 1.837611e-03
-5.383782e-01 -1.018385e-05 2.950351e-02 7.928703e+00 6.310248e-04 -1.246552e-01 1.808167e-03
-5.317315e-01 -1.004742e-05 2.922046e-02 7.940358e+00 6.319911e-04 -1.332774e-01 1.799345e-03
-5.250848e-01 -1.015932e-05 2.920694e-02 7.949734e+00 6.326840e-04 -1.300810e-01 1.774311e-03
-5.184381e-01 -9.504082e-06 2.875463e-02 7.912200e+00 6.297118e-04 -1.295940e-01 1.809955e-03
-5.117914e-01 -8.980097e-06 2.552328e-02 7.905023e+00 6.291699e-04 -1.401039e-01 1.830816e-03
-5.051447e-01 -8.752255e-06 2.691729e-02 7.906416e+00 6.292894e-04 -1.404951e-01 1.792431e-03
-4.984981e-01 -8.788598e-06 2.583426e-02 7.920672e+00 6.304078e-04 -1.473264e-01 1.839161e-03
-4.918514e-01 -8.270221e-06 2.429349e-02 7.896058e+00 6.284451e-04 -1.486710e-01 1.839042e-03
-4.852047e-01 -8.391477e-06 2.396309e-02 7.891750e+00 6.281420e-04 -1.467078e-01 1.810193e-03
-4.785581e-01 -8.333927e-06 2.499660e-02 7.874054e+00 6.266978e-04 -1.419019e-01 1.824856e-03
-4.719114e-01 -8.170045e-06 2.483906e-02 7.885809e+00 6.276371e-04 -1.433014e-01 1.770735e-03
-4.652647e-01 -7.730046e-06 2.348793e-02 7.849729e+00 6.247630e-04 -1.485932e-01 1.793861e-03
-4.586181e-01 -7.092772e-06 2.273073e-02 7.834939e+00 6.235621e-04 -1.517444e-01 1.785398e-03
-4.519714e-01 -7.022235e-06 1.993577e-02 7.869611e+00 6.263303e-04 -1.675215e-01 1.779079e-03
-4.453247e-01 -7.365516e-06 2.122693e-02 7.844897e+00 6.243687e-04 -1.586850e-01 1.772404e-03
-4.386781e-01 -7.577547e-06 2.217728e-02 7.883120e+00 6.274506e-04 -1.589159e-01 1.764417e-03
-4.320314e-01 -6.611033e-06 2.250428e-02 7.852691e+00 6.249908e-04 -1.563904e-01 1.732469e-03
-4.253848e-01 -6.035020e-06 2.103915e-02 7.841969e+00 6.241313e-04 -1.600830e-01 1.798272e-03
-4.187381e-01 -6.374127e-06 2.184461e-02 7.839287e+00 6.239369e-04 -1.521530e-01 1.785994e-03
-4.120914e-01 -6.496648e-06 2.200096e-02 7.868214e+00 6.262292e-04 -1.554240e-01 1.780272e-03
-4.054448e-01 -6.283521e-06 2.205638e-02 7.849907e+00 6.247620e-04 -1.622869e-01 1.789689e-03
-3.987981e-01 -6.240137e-06 2.157625e-02 7.852340e+00 6.249640e-04 -1.585254e-01 1.767874e-03
-3.921514e-01 -5.668551e-06 1.959772e-02 7.824049e+00 6.226972e-04 -1.678240e-01 1.770020e-03
-3.855048e-01 -5.676520e-06 1.981056e-02 7.806283e+00 6.213014e-04 -1.604126e-01 1.747489e-03
-3.788581e-01 -4.822620e-06 1.856284e-02 7.774116e+00 6.187262e-04 -1.643062e-01 1.758099e-03
-3.722115e-01 -4.505016e-06 1.629651e-02 7.748991e+00 6.167280e-04 -1.704453e-01 1.778722e-03
-3.655648e-01 -4.538450e-06 1.742521e-02 7.776396e+00 6.189009e-04 -1.743434e-01 1.744986e-03
-3.589181e-01 -4.980895e-06 1.814173e-02 7.784227e+00 6.195587e-04 -1.730769e-01 1.774669e-03
-3.522715e-01 -4.612697e-06 1.576872e-02 7.732426e+00 6.154006e-04 -1.708312e-01 1.750469e-03
-3.456248e-01 -4.418458e-06 1.685210e-02 7.784946e+00 6.195966e-04 -1.792075e-01 1.708150e-03
-3.389781e-01 -3.274823e-06 1.459628e-02 7.738558e+00 6.159386e-04 -1.779293e-01 1.725554e-03
-3.323315e-01 -2.649692e-06 1.541529e-02 7.782129e+00 6.194163e-04 -1.819640e-01 1.763582e-03
-3.256848e-01 -3.098166e-06 1.605431e-02 7.736662e+00 6.157812e-04 -1.738824e-01 1.757741e-03
-3.190382e-01 -2.438378e-06 1.493590e-02 7.756422e+00 6.173647e-04 -1.829446e-01 1.742125e-03
-3.123915e-01 -2.722463e-06 1.553501e-02 7.751981e+00 6.170215e-04 -1.799892e-01 1.704931e-03
-3.057448e-01 -2.320199e-06 1.491814e-02 7.741097e+00 6.161053e-04 -1.775268e-01 1.706123e-03
-2.990982e-01 -1.606401e-06 1.310433e-02 7.679120e+00 6.111927e-04 -1.814919e-01 1.754284e-03
-2.924515e-01 -2.113733e-06 1.278331e-02 7.711016e+00 6.137331e-04 -1.855981e-01 1.737595e-03
-2.858048e-01 -1.889854e-06 1.216178e-02 7.721023e+00 6.145512e-04 -1.901523e-01 1.708269e-03
-2.791582e-01 -2.024350e-06 1.392342e-02 7.713853e+00 6.139607e-04 -1.811836e-01 1.741171e-03
-2.725115e-01 -1.621158e-06 1.235733e-02 7.708425e+00 6.135295e-04 -1.859630e-01 1.765728e-03
-2.658648e-01 -2.099440e-06 1.321683e-02 7.726407e+00 6.149859e-04 -1.869287e-01 1.750350e-03
-2.592182e-01 -1.967137e-06 1.280585e-02 7.709749e+00 6.136554e-04 -1.861435e-01 1.721978e-03
-2.525715e-01 -1.752534e-06 1.302016e-02 7.725895e+00 6.149306e-04 -1.883917e-01 1.749754e-03
-2.459249e-01 -1.763791e-06 1.321787e-02 7.731244e+00 6.153327e-04 -1.912526e-01 1.749158e-03
-2.392782e-01 -2.107957e-06 1.248000e-02 7.709138e+00 6.136030e-04 -1.856992e-01 1.729012e-03
-2.326315e-01 -1.170239e-06 1.258781e-02 7.683299e+00 6.115139e-04 -1.850283e-01 1.746297e-03
-2.259849e-01 -1.295080e-06 1.319941e-02 7.731028e+00 6.153109e-04 -1.918279e-01 1.716375e-03
-2.193382e-01 -1.787317e-06 1.316575e-02 7.738149e+00 6.159035e-04 -1.979998e-01 1.718998e-03
-2.126915e-01 -1.822691e-06 1.294894e-02 7.716467e+00 6.141788e-04 -1.882253e-01 1.738548e-03
-2.060449e-01 -1.511664e-06 1.174673e-02 7.700398e+00 6.128997e-04 -1.906053e-01 1.721025e-03
-1.993982e-01 -8.347587e-07 1.349318e-02 7.725531e+00 6.148724e-04 -1.895970e-01 1.699924e-03
-1.927516e-01 -9.492277e-07 1.589551e-02 7.750527e+00 6.168857e-04 -1.785905e-01 1.744032e-03
-1.861049e-01 -7.394734e-07 1.666431e-02 7.742658e+00 6.162539e-04 -1.646248e-01 1.726151e-03
-1.794582e-01 -8.014932e-07 1.697907e-02 7.752781e+00 6.170790e-04 -1.750849e-01 1.730323e-03
-1.728116e-01 -7.583618e-07 1.745124e-02 7.779778e+00 6.191961e-04 -1.709119e-01 1.733661e-03
-1.661649e-01 -9.532752e-07 1.711617e-02 7.765186e+00 6.180474e-04 -1.715546e-01 1.753569e-03
-1.595182e-01 -1.085916e-06 1.634572e-02 7.766331e+00 6.181659e-04 -1.790541e-01 1.712322e-03
-1.528716e-01 -8.479132e-07 1.905134e-02 7.814733e+00 6.219731e-04 -1.735036e-01 1.769543e-03
-1.462249e-01 -3.759556e-07 1.786574e-02 7.768236e+00 6.182995e-04 -1.633369e-01 1.697063e-03
-1.395783e-01 1.781330e-07 1.903774e-02 7.807899e+00 6.214220e-04 -1.677603e-01 1.736164e-03
-1.329316e-01 3.746485e-07 1.950985e-02 7.804931e+00 6.211835e-04 -1.603796e-01 1.742005e-03
-1.262849e-01 9.926121e-07 1.765433e-02 7.808604e+00 6.214938e-04 -1.723864e-01 1.751781e-03
-1.196383e-01 1.850222e-06 1.794464e-02 7.770864e+00 6.185094e-04 -1.643798e-01 1.712561e-03
-1.129916e-01 1.650713e-06 1.764858e-02 7.810633e+00 6.216945e-04 -1.789981e-01 1.731753e-03
-1.063449e-01 2.117443e-06 1.759241e-02 7.809859e+00 6.216053e-04 -1.808745e-01 1.715660e-03
-9.969828e-02 2.865138e-06 1.826392e-02 7.793118e+00 6.202866e-04 -1.650966e-01 1.724720e-03
-9.305161e-02 2.531175e-06 1.704192e-02 7.800007e+00 6.208124e-04 -1.757352e-01 1.708508e-03
-8.640495e-02 2.334449e-06 1.653883e-02 7.783829e+00 6.195746e-04 -1.750573e-01 1.725435e-03
-7.975829e-02 3.247586e-06 1.708739e-02 7.770714e+00 6.184998e-04 -1.799447e-01 1.711011e-03
-7.311162e-02 3.776504e-06 1.773648e-02 7.778161e+00 6.191020e-04 -1.711025e-01 1.728296e-03
-6.646496e-02 3.710100e-06 1.804367e-02 7.786685e+00 6.198158e-04 -1.673124e-01 1.706243e-03
-5.981829e-02 3.757068e-06 1.516359e-02 7.755078e+00 6.172367e-04 -1.775333e-01 1.723409e-03
-5.317163e-02 4.064216e-06 1.529717e-02 7.729286e+00 6.151828e-04 -1.782606e-01 1.739025e-03
-4.652496e-02 4.402900e-06 1.753584e-02 7.769053e+00 6.183600e-04 -1.696399e-01 1.708746e-03
-3.987829e-02 4.714264e-06 1.719632e-02 7.761481e+00 6.177749e-04 -1.618080e-01 1.687288e-03
-3.323163e-02 5.716362e-06 2.022391e-02 7.822134e+00 6.225815e-04 -1.627412e-01 1.737237e-03
-2.658496e-02 5.759831e-06 1.955078e-02 7.807959e+00 6.214692e-04 -1.634532e-01 1.721740e-03
-1.993829e-02 5.519552e-06 1.697431e-02 7.788700e+00 6.199191e-04 -1.712478e-01 1.735687e-03
-1.329163e-02 4.879200e-06 1.964584e-02 7.807257e+00 6.214264e-04 -1.505907e-01 1.743317e-03
-6.644960e-03 4.912044e-06 2.020143e-02 7.832984e+00 6.234525e-04 -1.638318e-01 1.735926e-03
1.706183e-06 6.492264e-06 2.052313e-02 7.799150e+00 6.207568e-04 -1.594789e-01 1.733780e-03
6.648373e-03 6.836513e-06 2.137716e-02 7.828441e+00 6.230783e-04 -1.532921e-01 1.728177e-03
1.329504e-02 7.846327e-06 2.164703e-02 7.870182e+00 6.264584e-04 -1.613452e-01 1.767755e-03
1.994171e-02 7.414339e-06 2.138168e-02 7.854350e+00 6.251401e-04 -1.657274e-01 1.734614e-03
2.658837e-02 6.874080e-06 1.885170e-02 7.809063e+00 6.214978e-04 -1.659955e-01 1.756668e-03
3.323504e-02 7.784434e-06 2.197111e-02 7.833960e+00 6.235071e-04 -1.550137e-01 1.761675e-03
3.988171e-02 7.622112e-06 2.100704e-02 7.820282e+00 6.224304e-04 -1.617781e-01 1.767516e-03
4.652837e-02 7.607482e-06 2.089401e-02 7.824358e+00 6.227382e-04 -1.585157e-01 1.764894e-03
5.317504e-02 6.818637e-06 1.894302e-02 7.812020e+00 6.217564e-04 -1.679525e-01 1.762867e-03
5.982171e-02 8.091160e-06 2.203975e-02 7.845105e+00 6.243854e-04 -1.484926e-01 1.753569e-03
6.646837e-02 8.166461e-06 2.295184e-02 7.832719e+00 6.233992e-04 -1.444377e-01 1.765966e-03
7.311504e-02 8.508224e-06 2.341719e-02 7.888782e+00 6.278994e-04 -1.581500e-01 1.765013e-03
7.976170e-02 8.157818e-06 2.251199e-02 7.823472e+00 6.226664e-04 -1.483896e-01 1.771927e-03
8.640836e-02 8.709250e-06 2.442731e-02 7.899001e+00 6.287310e-04 -1.534556e-01 1.767278e-03
9.305502e-02 9.521579e-06 2.569445e-02 7.940829e+00 6.320311e-04 -1.521740e-01 1.770377e-03
9.970169e-02 9.316926e-06 2.469254e-02 7.923373e+00 6.306585e-04 -1.531147e-01 1.790881e-03
1.063484e-01 1.005227e-05 2.820904e-02 7.970930e+00 6.344129e-04 -1.458620e-01 1.806259e-03
1.129950e-01 1.038391e-05 2.816978e-02 7.894982e+00 6.283778e-04 -1.298812e-01 1.795292e-03
1.196417e-01 1.060058e-05 2.980330e-02 7.939599e+00 6.319747e-04 -1.261301e-01 1.806140e-03
1.262883e-01 1.122078e-05 3.099686e-02 7.953833e+00 6.330842e-04 -1.241555e-01 1.778126e-03
1.329350e-01 1.153661e-05 3.096785e-02 8.009071e+00 6.374606e-04 -1.372877e-01 1.810789e-03
1.395817e-01 1.089685e-05 3.035370e-02 8.006869e+00 6.372565e-04 -1.404874e-01 1.825571e-03
1.462283e-01 1.158990e-05 3.048147e-02 7.990224e+00 6.359608e-04 -1.273720e-01 1.776099e-03
1.528750e-01 1.121399e-05 2.998723e-02 7.966856e+00 6.341310e-04 -1.278278e-01 1.819134e-03
1.595217e-01 1.229240e-05 3.306328e-02 7.999487e+00 6.366752e-04 -1.205103e-01 1.825929e-03
1.661683e-01 1.214538e-05 3.306510e-02 8.005888e+00 6.372065e-04 -1.112509e-01 1.817822e-03
1.728150e-01 1.252168e-05 3.543925e-02 8.004011e+00 6.370515e-04 -1.094550e-01 1.849651e-03
1.794616e-01 1.281887e-05 3.546207e-02 8.035342e+00 6.395547e-04 -1.148013e-01 1.820683e-03
1.861083e-01 1.290581e-05 3.582971e-02 8.020865e+00 6.384026e-04 -1.094148e-01 1.838684e-03
1.927550e-01 1.313580e-05 3.576986e-02 8.033157e+00 6.393747e-04 -1.059046e-01 1.796961e-03
1.994016e-01 1.368260e-05 3.646010e-02 8.076179e+00 6.427980e-04 -1.141953e-01 1.845956e-03
2.060483e-01 1.520177e-05 4.308395e-02 8.169222e+00 6.502263e-04 -6.682944e-02 1.897573e-03
2.126950e-01 1.836503e-05 5.145860e-02 8.303922e+00 6.609345e-04 -2.297014e-02 1.880169e-03
2.193416e-01 1.987189e-05 5.415072e-02 8.314155e+00 6.617563e-04 -2.772021e-02 1.884937e-03
2.259883e-01 1.997679e-05 5.520320e-02 8.368629e+00 6.661284e-04 -1.999247e-02 1.858473e-03
2.326349e-01 2.096902e-05 5.782984e-02 8.358348e+00 6.652714e-04 -1.226020e-02 1.891613e-03
2.392816e-01 2.204730e-05 6.034109e-02 8.424449e+00 6.705652e-04 -2.993226e-03 1.924992e-03
2.459283e-01 2.351550e-05 6.620292e-02 8.532373e+00 6.791138e-04 4.917800e-02 1.911759e-03
2.525750e-01 2.367727e-05 6.508844e-02 8.512951e+00 6.775490e-04 3.835535e-02 1.926303e-03
2.592216e-01 2.462768e-05 6.915625e-02 8.579350e+00 6.828532e-04 6.675899e-02 1.951218e-03
2.658683e-01 2.464573e-05 6.740746e-02 8.545477e+00 6.801721e-04 6.073523e-02 1.922965e-03
2.725149e-01 2.561717e-05 7.027779e-02 8.604555e+00 6.848793e-04 4.622650e-02 1.935959e-03
2.791616e-01 2.514450e-05 7.169501e-02 8.599066e+00 6.844177e-04 7.739902e-02 1.924753e-03
2.858083e-01 2.778213e-05 7.606684e-02 8.662815e+00 6.895378e-04 7.280529e-02 1.965523e-03
2.924549e-01 2.779967e-05 7.507664e-02 8.696677e+00 6.922386e-04 5.148816e-02 1.958728e-03
2.991016e-01 2.849593e-05 7.747196e-02 8.755576e+00 6.969092e-04 7.640398e-02 1.985192e-03
3.057483e-01 3.042356e-05 7.977863e-02 8.767074e+00 6.978096e-04 6.748796e-02 1.975060e-03
3.123949e-01 3.201841e-05 8.286861e-02 8.841015e+00 7.036999e-04 7.767653e-02 2.006531e-03
3.190416e-01 3.285152e-05 8.611774e-02 8.887496e+00 7.073961e-04 8.784902e-02 2.004147e-03
3.256882e-01 3.190272e-05 8.479582e-02 8.865865e+00 7.056941e-04 8.582568e-02 1.984835e-03
3.323349e-01 3.458568e-05 9.230048e-02 8.946217e+00 7.120730e-04 1.238745e-01 2.028823e-03
3.389816e-01 3.527928e-05 9.268050e-02 8.935490e+00 7.112045e-04 9.780049e-02 2.015114e-03
3.456282e-01 3.492297e-05 8.983546e-02 8.915065e+00 7.096169e-04 9.361529e-02 2.016306e-03
3.522749e-01 3.583741e-05 9.221382e-02 8.958605e+00 7.130421e-04 7.644618e-02 2.010345e-03
3.589216e-01 3.589813e-05 9.456311e-02 8.994013e+00 7.158834e-04 9.997058e-02 2.028465e-03
3.655682e-01 3.591153e-05 9.202906e-02 8.930799e+00 7.108198e-04 9.665644e-02 2.040744e-03
3.722149e-01 3.859622e-05 9.869786e-02 9.091817e+00 7.236979e-04 9.111512e-02 2.039313e-03
3.788615e-01 3.829839e-05 1.008438e-01 9.058020e+00 7.209369e-04 1.076030e-01 2.068400e-03
3.855082e-01 4.140600e-05 1.041640e-01 9.192906e+00 7.317129e-04 1.069103e-01 2.084613e-03
3.921549e-01 4.243989e-05 1.065955e-01 9.204146e+00 7.325892e-04 1.049260e-01 2.081513e-03
3.988015e-01 4.322279e-05 1.097424e-01 9.264038e+00 7.373783e-04 1.462560e-01 2.086282e-03
4.054482e-01 4.380053e-05 1.108019e-01 9.299473e+00 7.402587e-04 1.191194e-01 2.099156e-03
4.120949e-01 4.453068e-05 1.127611e-01 9.396807e+00 7.479562e-04 1.715202e-01 2.129912e-03
4.187415e-01 4.759520e-05 1.203015e-01 9.445889e+00 7.518647e-04 1.853477e-01 2.111793e-03
4.253882e-01 4.819651e-05 1.201564e-01 9.439231e+00 7.513115e-04 1.448617e-01 2.156734e-03
4.320349e-01 4.959894e-05 1.239976e-01 9.529703e+00 7.585259e-04 1.730446e-01 2.124310e-03
4.386815e-01 5.134692e-05 1.290108e-01 9.616250e+00 7.654532e-04 2.034850e-01 2.189994e-03
4.453282e-01 5.101384e-05 1.289371e-01 9.628386e+00 7.663456e-04 1.972905e-01 2.151132e-03
4.519748e-01 5.205936e-05 1.306519e-01 9.652660e+00 7.683211e-04 1.864746e-01 2.201796e-03
4.586215e-01 5.192622e-05 1.312526e-01 9.643523e+00 7.675629e-04 2.120601e-01 2.156377e-03
4.652682e-01 5.258137e-05 1.294454e-01 9.635259e+00 7.669348e-04 1.999844e-01 2.164364e-03
4.719148e-01 5.371691e-05 1.346394e-01 9.735926e+00 7.749402e-04 1.922801e-01 2.190590e-03
4.785615e-01 5.733817e-05 1.381034e-01 9.824758e+00 7.820063e-04 1.913427e-01 2.187729e-03
4.852082e-01 5.846106e-05 1.413147e-01 9.915881e+00 7.892792e-04 2.088081e-01 2.224445e-03
4.918548e-01 6.052353e-05 1.451638e-01 9.949316e+00 7.919245e-04 2.144463e-01 2.209425e-03
4.985015e-01 6.157871e-05 1.484584e-01 9.991008e+00 7.952428e-04 1.997259e-01 2.255678e-03
5.051482e-01 6.407734e-05 1.525497e-01 1.009396e+01 8.034348e-04 2.313195e-01 2.255797e-03
5.117949e-01 6.400482e-05 1.514425e-01 1.005578e+01 8.004025e-04 2.040418e-01 2.247334e-03
5.184416e-01 6.620502e-05 1.566433e-01 1.018981e+01 8.110857e-04 2.101043e-01 2.320766e-03
5.250883e-01 6.698995e-05 1.538405e-01 1.019799e+01 8.116942e-04 2.069467e-01 2.293587e-03
5.317349e-01 6.994401e-05 1.614789e-01 1.031528e+01 8.210470e-04 2.189494e-01 2.308965e-03
5.383816e-01 7.124845e-05 1.668298e-01 1.032182e+01 8.215765e-04 2.405145e-01 2.317667e-03
5.450283e-01 7.011447e-05 1.623996e-01 1.032236e+01 8.216236e-04 2.357638e-01 2.331257e-03
5.516750e-01 7.287989e-05 1.689256e-01 1.044347e+01 8.312664e-04 2.403035e-01 2.324939e-03
5.583217e-01 7.421945e-05 1.690009e-01 1.043434e+01 8.305187e-04 2.202358e-01 2.321243e-03
5.649684e-01 7.760651e-05 1.778633e-01 1.060980e+01 8.444973e-04 2.409821e-01 2.356291e-03
5.716151e-01 8.026822e-05 1.795100e-01 1.068973e+01 8.508397e-04 2.412997e-01 2.372742e-03
5.782618e-01 8.182735e-05 1.872751e-01 1.078044e+01 8.580746e-04 2.545297e-01 2.400756e-03
5.849085e-01 8.505200e-05 1.899232e-01 1.091889e+01 8.691464e-04 2.576801e-01 2.388358e-03
5.915552e-01 8.676086e-05 1.938659e-01 1.102177e+01 8.773074e-04 2.472771e-01 2.392054e-03
5.982019e-01 8.916694e-05 1.987528e-01 1.102899e+01 8.778780e-04 2.687429e-01 2.443314e-03
6.048486e-01 8.986362e-05 1.967938e-01 1.110401e+01 8.838429e-04 2.742186e-01 2.408504e-03
6.114953e-01 9.176309e-05 2.034985e-01 1.118018e+01 8.898778e-04 2.744279e-01 2.425432e-03
6.181419e-01 9.425278e-05 2.055040e-01 1.125853e+01 8.961514e-04 2.837052e-01 2.485991e-03
6.247886e-01 9.588106e-05 2.093518e-01 1.138516e+01 9.062091e-04 2.977879e-01 2.491832e-03
6.314353e-01 1.000874e-04 2.210212e-01 1.157835e+01 9.215943e-04 3.474840e-01 2.527595e-03
6.380820e-01 1.009262e-04 2.206602e-01 1.158010e+01 9.217259e-04 3.362230e-01 2.503037e-03
6.447287e-01 1.027895e-04 2.234351e-01 1.167122e+01 9.290143e-04 3.254757e-01 2.524495e-03
6.513754e-01 1.037929e-04 2.271472e-01 1.171647e+01 9.325903e-04 3.518133e-01 2.541304e-03
6.580221e-01 1.049520e-04 2.304094e-01 1.184838e+01 9.431029e-04 3.649204e-01 2.538919e-03
6.646688e-01 1.084277e-04 2.342168e-01 1.195667e+01 9.516573e-04 3.507702e-01 2.588153e-03
6.713155e-01 1.112769e-04 2.368423e-01 1.203648e+01 9.580827e-04 3.539436e-01 2.578020e-03
6.779622e-01 1.133736e-04 2.415346e-01 1.217288e+01 9.690056e-04 3.561175e-01 2.611518e-03
6.846089e-01 1.160700e-04 2.451423e-01 1.218705e+01 9.700168e-04 3.565210e-01 2.596378e-03
6.912556e-01 1.172553e-04 2.477700e-01 1.226025e+01 9.758708e-04 3.520167e-01 2.593875e-03
6.979023e-01 1.185857e-04 2.483433e-01 1.233810e+01 9.820326e-04 3.697197e-01 2.612114e-03
7.045490e-01 1.193419e-04 2.506314e-01 1.238282e+01 9.856817e-04 3.436447e-01 2.643585e-03
7.111956e-01 1.220749e-04 2.549187e-01 1.243131e+01 9.895229e-04 3.424000e-01 2.660275e-03
7.178423e-01 1.264980e-04 2.601279e-01 1.263766e+01 1.005929e-03 3.486973e-01 2.668977e-03
7.244890e-01 1.281169e-04 2.595429e-01 1.265542e+01 1.007313e-03 3.561713e-01 2.705455e-03
7.311357e-01 1.275591e-04 2.575891e-01 1.262891e+01 1.005212e-03 3.332057e-01 2.717972e-03
7.377824e-01 1.288590e-04 2.593617e-01 1.256075e+01 9.997886e-04 3.305947e-01 2.685308e-03
7.444291e-01 1.330970e-04 2.634255e-01 1.279391e+01 1.018271e-03 3.201640e-01 2.718687e-03
7.510758e-01 1.332420e-04 2.637167e-01 1.276797e+01 1.016233e-03 3.220162e-01 2.729535e-03
7.577225e-01 1.346495e-04 2.664164e-01 1.288985e+01 1.026031e-03 3.057027e-01 2.739310e-03
7.643692e-01 1.385166e-04 2.747650e-01 1.302804e+01 1.036971e-03 3.361206e-01 2.767682e-03
7.710159e-01 1.415254e-04 2.766636e-01 1.313072e+01 1.045104e-03 3.245943e-01 2.777219e-03
7.776626e-01 1.440831e-04 2.810284e-01 1.323872e+01 1.053787e-03 3.244125e-01 2.789736e-03
7.843093e-01 1.468851e-04 2.847600e-01 1.327249e+01 1.056409e-03 3.270756e-01 2.823234e-03
7.909560e-01 1.498965e-04 2.885382e-01 1.349783e+01 1.074310e-03 3.397288e-01 2.868176e-03
7.976027e-01 1.532764e-04 2.938453e-01 1.357120e+01 1.080203e-03 3.173006e-01 2.860188e-03
8.042493e-01 1.534311e-04 2.954640e-01 1.368482e+01 1.089301e-03 3.336451e-01 2.875090e-03
8.108960e-01 1.582583e-04 2.983629e-01 1.382580e+01 1.100382e-03 3.300469e-01 2.913356e-03
8.175427e-01 1.613646e-04 3.068705e-01 1.405565e+01 1.118722e-03 3.790023e-01 2.896309e-03
8.241894e-01 1.664682e-04 3.099519e-01 1.415282e+01 1.126363e-03 3.461055e-01 2.917886e-03
8.308361e-01 1.700710e-04 3.128285e-01 1.435501e+01 1.142454e-03 3.648045e-01 2.940297e-03
8.374828e-01 1.716437e-04 3.151390e-01 1.438606e+01 1.144882e-03 3.541657e-01 2.983809e-03
8.441295e-01 1.789792e-04 3.234177e-01 1.466510e+01 1.167068e-03 3.431094e-01 2.997398e-03
8.507762e-01 1.862890e-04 3.355493e-01 1.488818e+01 1.184739e-03 3.355812e-01 3.041387e-03
8.574229e-01 1.867965e-04 3.320134e-01 1.498389e+01 1.192348e-03 3.396041e-01 3.061652e-03
8.640696e-01 1.907499e-04 3.347657e-01 1.501997e+01 1.195302e-03 3.200701e-01 3.083825e-03
8.707163e-01 1.952625e-04 3.406399e-01 1.529824e+01 1.217338e-03 3.263776e-01 3.116012e-03
8.773630e-01 1.965634e-04 3.417467e-01 1.527446e+01 1.215504e-03 3.235809e-01 3.126264e-03
8.840097e-01 2.005338e-04 3.459976e-01 1.544975e+01 1.229257e-03 3.169411e-01 3.144383e-03
8.906564e-01 2.055960e-04 3.510212e-01 1.561222e+01 1.242238e-03 3.123295e-01 3.185153e-03
8.973030e-01 2.083870e-04 3.549875e-01 1.572439e+01 1.251030e-03 3.045781e-01 3.191471e-03
9.039497e-01 2.100813e-04 3.541659e-01 1.569029e+01 1.248431e-03 2.968888e-01 3.171563e-03
9.105964e-01 2.153300e-04 3.600093e-01 1.594384e+01 1.268528e-03 3.193110e-01 3.211141e-03
9.172431e-01 2.186064e-04 3.640613e-01 1.614272e+01 1.284351e-03 3.184192e-01 3.259182e-03
9.238898e-01 2.207438e-04 3.646557e-01 1.621550e+01 1.290145e-03 3.410536e-01 3.226876e-03
9.305365e-01 2.249629e-04 3.732229e-01 1.644443e+01 1.308325e-03 3.300372e-01 3.275752e-03
9.371832e-01 2.287817e-04 3.774206e-01 1.655807e+01 1.317336e-03 3.225844e-01 3.332615e-03
9.438299e-01 2.337325e-04 3.821542e-01 1.683211e+01 1.339176e-03 3.655137e-01 3.352880e-03
9.504766e-01 2.371040e-04 3.849882e-01 1.687025e+01 1.342157e-03 3.680536e-01 3.359675e-03
9.571233e-01 2.411049e-04 3.876752e-01 1.709241e+01 1.359716e-03 3.481781e-01 3.400564e-03
9.637700e-01 2.431290e-04 3.853680e-01 1.706142e+01 1.357314e-03 3.431749e-01 3.380418e-03
9.704167e-01 2.427510e-04 3.869512e-01 1.723557e+01 1.371129e-03 3.640662e-01 3.387451e-03
9.770634e-01 2.506471e-04 3.921815e-01 1.737047e+01 1.381773e-03 3.521029e-01 3.437281e-03
9.837101e-01 2.540620e-04 3.951557e-01 1.746588e+01 1.389395e-03 3.359830e-01 3.427982e-03
9.903567e-01 2.568271e-04 3.935985e-01 1.753600e+01 1.395009e-03 3.269424e-01 3.465533e-03
