#./overdamped_3d --dev=1 --amp=40.0 --omega=1.0 --force=0 --Dg=0.01 --block=256 --paths=262144 --periods=1000 --trans=100 --samples=100 --spp=500 --algorithm=euler --pav=1 --mode=moments --domain=1d --domainx=g:-0.997:0.997:300:0 --domainy=a:0:10:100:0 --domainz=D:-6:-1:100:1 --q=2 --eps=0 --phi=1.57079632679 --lambda=30.0 --zeta=0.0333333333333 --comp=0 --mean=1.0 --second=10 --skew=0.99 --distribution=s>> journal_5_s_10_g:-0.997:0.997:300:0_1.0_30.0_40.0.dat
#g <<v>> qnu(q) mu_q Dx Gx EBx
-9.970000e-01 nan nan nan nan nan nan
-9.903533e-01 3.582570e-01 9.965002e-01 2.028433e+06 1.614285e+02 -3.743351e-03 4.595518e-04
-9.837066e-01 3.402171e-01 1.002946e+00 2.047705e+06 1.629416e+02 -6.846488e-03 4.789829e-04
-9.770599e-01 3.244781e-01 1.002792e+00 2.037798e+06 1.621513e+02 -1.936913e-03 4.726648e-04
-9.704132e-01 3.087626e-01 9.965451e-01 2.019578e+06 1.607064e+02 8.625627e-03 4.603863e-04
-9.637665e-01 2.975060e-01 1.001238e+00 2.029562e+06 1.614989e+02 5.585074e-03 4.405975e-04
-9.571198e-01 2.872509e-01 9.997947e-01 2.030424e+06 1.615621e+02 1.193857e-02 4.626513e-04
-9.504731e-01 2.783035e-01 1.000988e+00 2.046994e+06 1.628824e+02 1.535630e-02 4.912615e-04
-9.438264e-01 2.702247e-01 1.004676e+00 2.046629e+06 1.628432e+02 1.487803e-02 4.786253e-04
-9.371797e-01 2.641551e-01 1.000278e+00 2.030083e+06 1.615449e+02 1.603448e-02 4.781485e-04
-9.305331e-01 2.598390e-01 1.002791e+00 2.032506e+06 1.617234e+02 1.122093e-02 4.527569e-04
-9.238864e-01 2.549355e-01 1.003079e+00 2.051057e+06 1.631997e+02 7.626891e-03 4.700422e-04
-9.172397e-01 2.501388e-01 1.001016e+00 2.051780e+06 1.632587e+02 9.654641e-03 4.572868e-04
-9.105930e-01 2.476351e-01 1.001862e+00 2.037146e+06 1.620939e+02 1.031601e-02 4.683733e-04
-9.039463e-01 2.452876e-01 1.001682e+00 2.053292e+06 1.633786e+02 5.782008e-03 4.720688e-04
-8.972996e-01 2.428058e-01 1.004703e+00 2.052043e+06 1.632844e+02 8.802652e-03 4.967451e-04
-8.906529e-01 2.439905e-01 1.000455e+00 2.043051e+06 1.625625e+02 8.910656e-03 4.758835e-04
-8.840062e-01 2.435815e-01 1.009232e+00 2.073625e+06 1.649946e+02 8.080482e-03 4.838705e-04
-8.773595e-01 2.459920e-01 1.008726e+00 2.066851e+06 1.644554e+02 1.637888e-02 4.817247e-04
-8.707128e-01 2.462941e-01 1.002750e+00 2.055018e+06 1.635184e+02 2.155685e-02 4.658699e-04
-8.640661e-01 2.493212e-01 1.001928e+00 2.051544e+06 1.632382e+02 1.892054e-02 4.689693e-04
-8.574194e-01 2.509524e-01 1.003229e+00 2.058063e+06 1.637590e+02 1.056898e-02 4.923344e-04
-8.507727e-01 2.550378e-01 1.005357e+00 2.063579e+06 1.642090e+02 1.303756e-02 4.755259e-04
-8.441260e-01 2.561352e-01 1.003992e+00 2.052395e+06 1.633097e+02 1.735687e-02 4.853010e-04
-8.374794e-01 2.597108e-01 1.002324e+00 2.046430e+06 1.628329e+02 1.724088e-02 4.640818e-04
-8.308327e-01 2.630554e-01 1.002406e+00 2.056803e+06 1.636577e+02 1.852071e-02 4.495382e-04
-8.241860e-01 2.666212e-01 1.005851e+00 2.053125e+06 1.633631e+02 8.611679e-03 4.842281e-04
-8.175393e-01 2.716286e-01 1.005410e+00 2.051081e+06 1.632061e+02 1.713097e-02 4.822016e-04
-8.108926e-01 2.746429e-01 1.000283e+00 2.045279e+06 1.627467e+02 1.790631e-02 4.492998e-04
-8.042459e-01 2.797589e-01 1.002205e+00 2.046618e+06 1.628451e+02 1.753390e-02 4.495382e-04
-7.975992e-01 2.840807e-01 1.003331e+00 2.053519e+06 1.633944e+02 1.376057e-02 4.494190e-04
-7.909525e-01 2.894501e-01 1.000129e+00 2.041719e+06 1.624550e+02 7.537365e-03 4.642010e-04
-7.843058e-01 2.944304e-01 1.004897e+00 2.057840e+06 1.637502e+02 1.719987e-02 4.477501e-04
-7.776591e-01 2.996520e-01 1.003726e+00 2.051104e+06 1.631973e+02 1.163423e-02 4.603863e-04
-7.710124e-01 3.056584e-01 1.007392e+00 2.061506e+06 1.640311e+02 1.148129e-02 4.898310e-04
-7.643657e-01 3.101923e-01 1.002181e+00 2.051255e+06 1.632179e+02 8.901954e-03 4.910231e-04
-7.577190e-01 3.176745e-01 1.001754e+00 2.058356e+06 1.637846e+02 7.460833e-03 4.516840e-04
-7.510723e-01 3.229348e-01 1.005190e+00 2.052908e+06 1.633477e+02 8.666873e-03 4.556179e-04
-7.444257e-01 3.284897e-01 1.003209e+00 2.052256e+06 1.632783e+02 -4.340589e-03 4.709959e-04
-7.377790e-01 3.353320e-01 1.003121e+00 2.049712e+06 1.630986e+02 1.009035e-02 4.605055e-04
-7.311323e-01 3.425488e-01 1.001293e+00 2.052390e+06 1.633123e+02 9.911418e-03 4.820824e-04
-7.244856e-01 3.486059e-01 1.005732e+00 2.071427e+06 1.648321e+02 7.606268e-03 4.622936e-04
-7.178389e-01 3.562838e-01 1.001445e+00 2.053331e+06 1.633826e+02 9.826303e-03 4.636049e-04
-7.111922e-01 3.629215e-01 1.003774e+00 2.056285e+06 1.636300e+02 1.613581e-02 4.670620e-04
-7.045455e-01 3.690237e-01 1.002596e+00 2.058424e+06 1.638078e+02 6.626010e-03 4.771948e-04
-6.978988e-01 3.762084e-01 9.991185e-01 2.054820e+06 1.635040e+02 3.629565e-03 4.796982e-04
-6.912521e-01 3.831985e-01 1.002874e+00 2.057876e+06 1.637612e+02 4.590750e-03 4.599094e-04
-6.846054e-01 3.899425e-01 1.005464e+00 2.068841e+06 1.646234e+02 8.473039e-03 4.566908e-04
-6.779587e-01 3.976994e-01 1.006876e+00 2.067066e+06 1.644641e+02 1.291871e-02 4.345179e-04
-6.713120e-01 4.038520e-01 1.004807e+00 2.064080e+06 1.642526e+02 6.329060e-03 4.911423e-04
-6.646653e-01 4.121844e-01 1.003206e+00 2.070643e+06 1.647831e+02 2.186179e-03 4.661083e-04
-6.580186e-01 4.193874e-01 1.002740e+00 2.061395e+06 1.640358e+02 -3.670394e-03 4.969835e-04
-6.513720e-01 4.268341e-01 1.005443e+00 2.060629e+06 1.639901e+02 1.489878e-03 4.857779e-04
-6.447253e-01 4.336189e-01 1.001886e+00 2.052000e+06 1.632972e+02 6.491661e-03 4.647970e-04
-6.380786e-01 4.416670e-01 1.000813e+00 2.052245e+06 1.633027e+02 6.820083e-03 4.714727e-04
-6.314319e-01 4.480308e-01 1.006210e+00 2.061695e+06 1.640852e+02 5.036950e-03 4.674196e-04
-6.247852e-01 4.567905e-01 1.002616e+00 2.059440e+06 1.638627e+02 9.093404e-03 4.900694e-04
-6.181385e-01 4.634158e-01 1.004635e+00 2.054654e+06 1.634809e+02 9.599805e-03 4.742146e-04
-6.114918e-01 4.711976e-01 1.005481e+00 2.070842e+06 1.648068e+02 1.247680e-02 4.432201e-04
-6.048451e-01 4.785121e-01 1.008723e+00 2.066771e+06 1.644614e+02 1.245296e-02 4.836321e-04
-5.981984e-01 4.870487e-01 1.007442e+00 2.061231e+06 1.640322e+02 7.775187e-03 5.069971e-04
-5.915517e-01 4.938480e-01 1.006983e+00 2.068963e+06 1.646491e+02 1.095998e-02 4.644394e-04
-5.849050e-01 5.012239e-01 1.005563e+00 2.065745e+06 1.643700e+02 1.132846e-02 4.712343e-04
-5.782583e-01 5.085703e-01 1.004352e+00 2.059148e+06 1.638426e+02 7.875443e-03 4.804134e-04
-5.716116e-01 5.162765e-01 1.006131e+00 2.063408e+06 1.642044e+02 1.034534e-02 4.690886e-04
-5.649650e-01 5.238746e-01 1.005006e+00 2.056630e+06 1.636489e+02 1.258540e-02 4.717112e-04
-5.583183e-01 5.311102e-01 1.006525e+00 2.062427e+06 1.641252e+02 1.122451e-02 4.539490e-04
-5.516716e-01 5.393856e-01 1.003536e+00 2.066074e+06 1.643991e+02 1.590562e-02 4.736185e-04
-5.450249e-01 5.473697e-01 1.005684e+00 2.065918e+06 1.643568e+02 1.590526e-02 4.580021e-04
-5.383782e-01 5.535913e-01 1.009657e+00 2.086726e+06 1.660672e+02 1.513028e-02 4.831553e-04
-5.317315e-01 5.612136e-01 1.001530e+00 2.060153e+06 1.639211e+02 1.364803e-02 4.667044e-04
-5.250848e-01 5.699563e-01 1.005492e+00 2.069329e+06 1.646828e+02 2.293849e-02 4.750490e-04
-5.184381e-01 5.766466e-01 1.002545e+00 2.064170e+06 1.642442e+02 2.051234e-02 4.620552e-04
-5.117914e-01 5.837530e-01 1.002323e+00 2.056040e+06 1.636017e+02 2.212894e-02 4.525185e-04
-5.051447e-01 5.916040e-01 1.003194e+00 2.071651e+06 1.648291e+02 2.056992e-02 4.810095e-04
-4.984981e-01 5.992368e-01 1.003370e+00 2.069670e+06 1.646899e+02 2.098811e-02 4.591942e-04
-4.918514e-01 6.062373e-01 1.003449e+00 2.058807e+06 1.638378e+02 1.507080e-02 4.590750e-04
-4.852047e-01 6.138972e-01 9.990274e-01 2.061065e+06 1.639893e+02 1.730168e-02 4.090071e-04
-4.785581e-01 6.201526e-01 1.001942e+00 2.064171e+06 1.642813e+02 1.708913e-02 4.650354e-04
-4.719114e-01 6.298288e-01 1.002092e+00 2.061962e+06 1.640712e+02 1.032364e-02 4.762411e-04
-4.652647e-01 6.362107e-01 1.001579e+00 2.053096e+06 1.633736e+02 1.873529e-02 4.709959e-04
-4.586181e-01 6.441569e-01 1.002901e+00 2.063445e+06 1.642184e+02 1.882446e-02 4.737377e-04
-4.519714e-01 6.505299e-01 9.976048e-01 2.052377e+06 1.633206e+02 1.764250e-02 4.483461e-04
-4.453247e-01 6.572512e-01 1.003987e+00 2.057920e+06 1.637900e+02 1.007497e-02 4.669428e-04
-4.386781e-01 6.636934e-01 1.006409e+00 2.060338e+06 1.639517e+02 1.403344e-02 4.693270e-04
-4.320314e-01 6.709543e-01 1.004334e+00 2.052244e+06 1.633245e+02 1.814961e-03 4.674196e-04
-4.253848e-01 6.758815e-01 1.002454e+00 2.054312e+06 1.634563e+02 1.159656e-02 4.656315e-04
-4.187381e-01 6.828168e-01 9.992457e-01 2.048163e+06 1.630057e+02 1.444006e-02 4.489422e-04
-4.120914e-01 6.901647e-01 1.001983e+00 2.047931e+06 1.630179e+02 7.524133e-03 4.743338e-04
-4.054448e-01 6.971805e-01 9.969731e-01 2.045583e+06 1.628090e+02 1.256001e-02 4.676580e-04
-3.987981e-01 7.032719e-01 1.001945e+00 2.054284e+06 1.634238e+02 1.478815e-02 4.792213e-04
-3.921514e-01 7.095010e-01 9.987734e-01 2.039502e+06 1.622785e+02 1.294601e-02 4.719496e-04
-3.855048e-01 7.144387e-01 9.949176e-01 2.033856e+06 1.618407e+02 1.116788e-02 4.580021e-04
-3.788581e-01 7.219128e-01 1.001368e+00 2.042897e+06 1.625868e+02 8.611321e-03 4.403591e-04
-3.722115e-01 7.276492e-01 1.003158e+00 2.043633e+06 1.626161e+02 1.608324e-02 4.663467e-04
-3.655648e-01 7.342554e-01 1.001899e+00 2.045694e+06 1.627533e+02 1.976240e-02 5.125999e-04
-3.589181e-01 7.400864e-01 9.996709e-01 2.043462e+06 1.626320e+02 1.855719e-02 4.439354e-04
-3.522715e-01 7.463855e-01 1.001634e+00 2.046242e+06 1.628169e+02 2.224505e-02 4.841089e-04
-3.456248e-01 7.530190e-01 1.001315e+00 2.048715e+06 1.630635e+02 9.486079e-03 4.634857e-04
-3.389781e-01 7.595893e-01 1.003174e+00 2.049428e+06 1.631068e+02 1.635635e-02 4.544258e-04
-3.323315e-01 7.660924e-01 1.004129e+00 2.046752e+06 1.628566e+02 1.851487e-02 4.744530e-04
-3.256848e-01 7.721758e-01 1.003476e+00 2.048132e+06 1.629640e+02 1.401186e-02 4.494190e-04
-3.190382e-01 7.786070e-01 1.004235e+00 2.052149e+06 1.633014e+02 1.225591e-02 5.073547e-04
-3.123915e-01 7.840189e-01 1.000996e+00 2.039265e+06 1.622384e+02 1.631522e-02 4.843473e-04
-3.057448e-01 7.899653e-01 1.007066e+00 2.048119e+06 1.630420e+02 1.445830e-02 4.634857e-04
-2.990982e-01 7.955316e-01 1.004341e+00 2.044346e+06 1.626532e+02 1.587927e-02 4.789829e-04
-2.924515e-01 8.012340e-01 1.001389e+00 2.049498e+06 1.630997e+02 1.417196e-02 4.802942e-04
-2.858048e-01 8.083640e-01 1.005253e+00 2.043329e+06 1.626929e+02 1.366508e-02 4.733801e-04
-2.791582e-01 8.124560e-01 1.005046e+00 2.050402e+06 1.631562e+02 4.306674e-03 4.283190e-04
-2.725115e-01 8.186626e-01 1.002672e+00 2.040220e+06 1.623544e+02 1.622212e-02 4.566908e-04
-2.658648e-01 8.234486e-01 1.000505e+00 2.035171e+06 1.619249e+02 1.633108e-02 4.454851e-04
-2.592182e-01 8.300345e-01 1.001611e+00 2.036975e+06 1.620797e+02 1.587844e-02 4.925728e-04
-2.525715e-01 8.348449e-01 1.001543e+00 2.042318e+06 1.624854e+02 2.027977e-02 4.659891e-04
-2.459249e-01 8.404547e-01 1.000046e+00 2.039014e+06 1.622327e+02 5.183697e-03 4.538298e-04
-2.392782e-01 8.452930e-01 1.005734e+00 2.050175e+06 1.632016e+02 1.252687e-02 4.667044e-04
-2.326315e-01 8.507386e-01 1.006433e+00 2.058285e+06 1.637496e+02 1.176095e-02 5.246401e-04
-2.259849e-01 8.548184e-01 1.001669e+00 2.044657e+06 1.626713e+02 1.107109e-02 4.668236e-04
-2.193382e-01 8.598370e-01 1.000380e+00 2.036692e+06 1.621284e+02 1.156497e-02 4.767179e-04
-2.126915e-01 8.651540e-01 1.001468e+00 2.045904e+06 1.628200e+02 1.549160e-02 4.570484e-04
-2.060449e-01 8.691946e-01 9.982502e-01 2.034921e+06 1.619257e+02 2.378821e-03 4.463196e-04
-1.993982e-01 8.752570e-01 9.994872e-01 2.046144e+06 1.627961e+02 9.266257e-03 4.713535e-04
-1.927516e-01 8.802900e-01 9.998242e-01 2.043359e+06 1.625973e+02 6.558061e-03 4.866123e-04
-1.861049e-01 8.844018e-01 9.957677e-01 2.033695e+06 1.617603e+02 1.321411e-02 4.279613e-04
-1.794582e-01 8.896627e-01 1.005268e+00 2.052998e+06 1.634012e+02 6.625772e-03 4.916191e-04
-1.728116e-01 8.937402e-01 1.002195e+00 2.040805e+06 1.623729e+02 1.330411e-02 4.502535e-04
-1.661649e-01 8.975139e-01 1.001528e+00 2.049739e+06 1.631559e+02 9.067297e-03 4.756451e-04
-1.595182e-01 9.022084e-01 1.001127e+00 2.032189e+06 1.617111e+02 1.282012e-02 4.723072e-04
-1.528716e-01 9.063045e-01 9.978043e-01 2.030479e+06 1.615200e+02 9.233594e-03 4.733801e-04
-1.462249e-01 9.111887e-01 1.000149e+00 2.043118e+06 1.625800e+02 7.165670e-03 4.471540e-04
-1.395783e-01 9.144793e-01 1.002871e+00 2.041156e+06 1.623450e+02 8.581877e-03 4.708767e-04
-1.329316e-01 9.177591e-01 9.982678e-01 2.026265e+06 1.612225e+02 4.829645e-03 4.671812e-04
-1.262849e-01 9.232470e-01 9.976046e-01 2.031613e+06 1.616244e+02 8.596897e-03 4.572868e-04
-1.196383e-01 9.263702e-01 9.932840e-01 2.015926e+06 1.604119e+02 1.384974e-03 4.757643e-04
-1.129916e-01 9.307078e-01 9.965432e-01 2.026779e+06 1.612536e+02 -1.659393e-04 4.603863e-04
-1.063449e-01 9.353045e-01 1.001105e+00 2.035755e+06 1.620595e+02 -6.333113e-03 4.705191e-04
-9.969828e-02 9.390346e-01 9.995363e-01 2.035845e+06 1.620621e+02 -6.412446e-03 4.811287e-04
-9.305161e-02 9.418422e-01 9.979088e-01 2.029758e+06 1.615655e+02 -2.296031e-03 4.789829e-04
-8.640495e-02 9.446881e-01 9.950840e-01 2.012500e+06 1.601525e+02 -1.354575e-03 4.479885e-04
-7.975829e-02 9.481627e-01 9.965225e-01 2.017860e+06 1.605635e+02 -2.577066e-03 4.293919e-04
-7.311162e-02 9.522699e-01 9.973579e-01 2.030249e+06 1.616113e+02 -5.906940e-03 4.734993e-04
-6.646496e-02 9.559177e-01 9.930705e-01 2.004209e+06 1.593828e+02 -5.275249e-03 4.533529e-04
-5.981829e-02 9.594315e-01 9.920082e-01 2.005500e+06 1.596773e+02 3.627539e-03 4.508495e-04
-5.317163e-02 9.635869e-01 9.969203e-01 2.018040e+06 1.606077e+02 -2.465606e-03 4.678965e-04
-4.652496e-02 9.664879e-01 9.899784e-01 1.989169e+06 1.583920e+02 -7.914484e-03 4.758835e-04
-3.987829e-02 9.702771e-01 9.927499e-01 2.002448e+06 1.593313e+02 1.117468e-03 4.478693e-04
-3.323163e-02 9.725732e-01 9.922659e-01 2.003500e+06 1.594382e+02 -7.046402e-03 4.603863e-04
-2.658496e-02 9.757388e-01 9.901389e-01 2.001347e+06 1.592527e+02 -6.717384e-03 4.358292e-04
-1.993829e-02 9.807968e-01 9.903184e-01 1.995744e+06 1.589328e+02 -1.202506e-02 4.254580e-04
-1.329163e-02 9.840670e-01 9.920873e-01 1.998546e+06 1.589815e+02 -5.567670e-03 4.529953e-04
-6.644960e-03 9.865906e-01 9.883657e-01 1.991694e+06 1.585648e+02 -1.234901e-02 4.986525e-04
1.706183e-06 9.911423e-01 9.877303e-01 1.960582e+06 1.559782e+02 -2.396101e-02 4.568100e-04
6.648373e-03 9.943009e-01 9.782918e-01 1.949781e+06 1.551850e+02 -1.417577e-02 4.763603e-04
1.329504e-02 9.961071e-01 9.801197e-01 1.947647e+06 1.550020e+02 -1.961422e-02 4.441738e-04
1.994171e-02 1.000366e+00 9.798098e-01 1.949765e+06 1.551286e+02 -1.548421e-02 4.427433e-04
2.658837e-02 1.002422e+00 9.824653e-01 1.957908e+06 1.558063e+02 -2.240229e-02 4.367828e-04
3.323504e-02 1.005507e+00 9.805710e-01 1.951640e+06 1.553352e+02 -1.579154e-02 4.246235e-04
3.988171e-02 1.008629e+00 9.835744e-01 1.952882e+06 1.553632e+02 -1.445436e-02 4.336834e-04
4.652837e-02 1.011822e+00 9.790972e-01 1.933928e+06 1.539531e+02 -9.640872e-03 4.645586e-04
5.317504e-02 1.013665e+00 9.737034e-01 1.928091e+06 1.535030e+02 -1.110965e-02 4.770756e-04
5.982171e-02 1.016762e+00 9.740091e-01 1.921502e+06 1.529348e+02 -1.233953e-02 4.636049e-04
6.646837e-02 1.020896e+00 9.747574e-01 1.924366e+06 1.532637e+02 -4.966140e-03 4.584789e-04
7.311504e-02 1.023675e+00 9.724877e-01 1.922194e+06 1.529485e+02 -1.384288e-02 4.523993e-04
7.976170e-02 1.028130e+00 9.714195e-01 1.916756e+06 1.526356e+02 -3.906012e-03 4.680157e-04
8.640836e-02 1.030832e+00 9.738567e-01 1.918850e+06 1.526837e+02 -6.483257e-03 4.577637e-04
9.305502e-02 1.035133e+00 9.781467e-01 1.930537e+06 1.535871e+02 -6.797850e-03 4.557371e-04
9.970169e-02 1.039186e+00 9.766111e-01 1.927817e+06 1.534333e+02 -8.441627e-03 4.841089e-04
1.063484e-01 1.043355e+00 9.758705e-01 1.931723e+06 1.537691e+02 -1.907229e-03 4.078150e-04
1.129950e-01 1.047667e+00 9.782894e-01 1.938043e+06 1.543622e+02 -9.147584e-03 4.709959e-04
1.196417e-01 1.051016e+00 9.746163e-01 1.924959e+06 1.532522e+02 -1.143742e-02 4.678965e-04
1.262883e-01 1.055521e+00 9.751836e-01 1.935434e+06 1.540999e+02 -1.028305e-02 4.273653e-04
1.329350e-01 1.060062e+00 9.746248e-01 1.929378e+06 1.535158e+02 -8.816957e-03 4.438162e-04
1.395817e-01 1.064808e+00 9.760462e-01 1.936027e+06 1.540979e+02 -1.360309e-02 4.184246e-04
1.462283e-01 1.068329e+00 9.771780e-01 1.939738e+06 1.543501e+02 -1.500654e-02 4.577637e-04
1.528750e-01 1.073777e+00 9.785759e-01 1.943970e+06 1.546556e+02 -1.210725e-02 4.556179e-04
1.595217e-01 1.078249e+00 9.776822e-01 1.943303e+06 1.547002e+02 -9.535789e-03 4.463196e-04
1.661683e-01 1.081137e+00 9.782886e-01 1.954095e+06 1.555985e+02 -1.095051e-02 4.783869e-04
1.728150e-01 1.086479e+00 9.804047e-01 1.955796e+06 1.557166e+02 -8.736432e-03 4.706383e-04
1.794616e-01 1.090881e+00 9.824898e-01 1.957209e+06 1.558604e+02 -7.177711e-03 4.283190e-04
1.861083e-01 1.096102e+00 9.848374e-01 1.966326e+06 1.565190e+02 -9.192765e-03 4.329681e-04
1.927550e-01 1.100655e+00 9.802495e-01 1.961146e+06 1.562650e+02 -1.255780e-02 4.316568e-04
1.994016e-01 1.106381e+00 9.802310e-01 1.954606e+06 1.556099e+02 -1.273519e-02 4.665852e-04
2.060483e-01 1.110512e+00 9.846990e-01 1.964856e+06 1.564398e+02 -1.014310e-02 4.663467e-04
2.126950e-01 1.115197e+00 9.808075e-01 1.963645e+06 1.562504e+02 -1.510370e-02 4.384518e-04
2.193416e-01 1.120074e+00 9.839130e-01 1.973289e+06 1.571251e+02 -1.043504e-02 4.291534e-04
2.259883e-01 1.125888e+00 9.840023e-01 1.972416e+06 1.568892e+02 -6.741345e-03 4.357100e-04
2.326349e-01 1.131716e+00 9.866655e-01 1.977126e+06 1.575401e+02 -1.118243e-02 4.512072e-04
2.392816e-01 1.136127e+00 9.813320e-01 1.965963e+06 1.564385e+02 -1.257473e-02 4.345179e-04
2.459283e-01 1.139322e+00 9.831496e-01 1.969812e+06 1.569182e+02 -1.408035e-02 4.756451e-04
2.525750e-01 1.146325e+00 9.775311e-01 1.960209e+06 1.561218e+02 -8.180141e-03 4.432201e-04
2.592216e-01 1.150566e+00 9.856615e-01 1.968788e+06 1.567402e+02 -1.322722e-02 4.500151e-04
2.658683e-01 1.156853e+00 9.859536e-01 1.970908e+06 1.569045e+02 -1.845604e-02 4.867315e-04
2.725149e-01 1.162752e+00 9.867268e-01 1.975359e+06 1.572884e+02 -9.037375e-03 4.410744e-04
2.791616e-01 1.169337e+00 9.804432e-01 1.963273e+06 1.562513e+02 -8.193433e-03 4.252195e-04
2.858083e-01 1.175848e+00 9.824670e-01 1.975174e+06 1.572553e+02 -2.006990e-02 4.575253e-04
2.924549e-01 1.180304e+00 9.799877e-01 1.963952e+06 1.563621e+02 -2.294254e-02 4.649162e-04
2.991016e-01 1.185781e+00 9.819885e-01 1.971075e+06 1.570028e+02 -1.263463e-02 4.566908e-04
3.057483e-01 1.191963e+00 9.855548e-01 1.972039e+06 1.570818e+02 -2.056193e-02 4.391670e-04
3.123949e-01 1.198929e+00 9.849163e-01 1.976184e+06 1.573896e+02 -1.323718e-02 4.664660e-04
3.190416e-01 1.204801e+00 9.845192e-01 1.984900e+06 1.580112e+02 -1.684004e-02 4.469156e-04
3.256882e-01 1.211302e+00 9.837109e-01 1.974913e+06 1.573425e+02 -1.262778e-02 4.656315e-04
3.323349e-01 1.217161e+00 9.781385e-01 1.954439e+06 1.555501e+02 -1.337796e-02 4.674196e-04
3.389816e-01 1.224233e+00 9.773116e-01 1.953920e+06 1.555217e+02 -1.013410e-02 4.423857e-04
3.456282e-01 1.228859e+00 9.770175e-01 1.948912e+06 1.552190e+02 -1.433414e-02 4.770756e-04
3.522749e-01 1.236691e+00 9.866707e-01 1.970536e+06 1.568596e+02 -1.444221e-02 4.349947e-04
3.589216e-01 1.242635e+00 9.838395e-01 1.964902e+06 1.563987e+02 -1.796144e-02 4.284382e-04
3.655682e-01 1.250364e+00 9.812009e-01 1.961821e+06 1.561924e+02 -1.851130e-02 4.858971e-04
3.722149e-01 1.256805e+00 9.810653e-01 1.963393e+06 1.564070e+02 -1.793933e-02 4.392862e-04
3.788615e-01 1.262981e+00 9.786232e-01 1.965739e+06 1.565855e+02 -1.923239e-02 4.466772e-04
3.855082e-01 1.271018e+00 9.852618e-01 1.978126e+06 1.576347e+02 -1.956838e-02 4.366636e-04
3.921549e-01 1.277728e+00 9.817345e-01 1.962391e+06 1.561950e+02 -2.572322e-02 4.295111e-04
3.988015e-01 1.285028e+00 9.775241e-01 1.963410e+06 1.563751e+02 -1.753771e-02 4.504919e-04
4.054482e-01 1.292854e+00 9.820444e-01 1.967593e+06 1.566880e+02 -1.759750e-02 4.589558e-04
4.120949e-01 1.299372e+00 9.862236e-01 1.967094e+06 1.565747e+02 -1.695329e-02 4.439354e-04
4.187415e-01 1.306443e+00 9.799216e-01 1.958516e+06 1.558725e+02 -1.565355e-02 4.544258e-04
4.253882e-01 1.313323e+00 9.842055e-01 1.969445e+06 1.566492e+02 -1.211792e-02 4.892349e-04
4.320349e-01 1.320567e+00 9.814818e-01 1.959359e+06 1.561081e+02 -1.132733e-02 4.658699e-04
4.386815e-01 1.327823e+00 9.827347e-01 1.964826e+06 1.564690e+02 -1.277083e-02 4.259348e-04
4.453282e-01 1.335235e+00 9.800368e-01 1.959574e+06 1.559241e+02 -1.558894e-02 4.441738e-04
4.519748e-01 1.342855e+00 9.809231e-01 1.954254e+06 1.556847e+02 -1.568520e-02 4.466772e-04
4.586215e-01 1.350417e+00 9.783189e-01 1.951438e+06 1.553524e+02 -1.378393e-02 4.671812e-04
4.652682e-01 1.358326e+00 9.774786e-01 1.952685e+06 1.554001e+02 -1.720017e-02 4.785061e-04
4.719148e-01 1.365833e+00 9.817491e-01 1.950910e+06 1.554823e+02 -2.031547e-02 4.552603e-04
4.785615e-01 1.374610e+00 9.814979e-01 1.947748e+06 1.549010e+02 -1.413786e-02 4.820824e-04
4.852082e-01 1.382158e+00 9.831358e-01 1.956102e+06 1.556382e+02 -1.058632e-02 4.545450e-04
4.918548e-01 1.390297e+00 9.844489e-01 1.964052e+06 1.563640e+02 -1.142228e-02 4.607439e-04
4.985015e-01 1.398026e+00 9.869072e-01 1.965116e+06 1.564098e+02 -7.341385e-03 4.329681e-04
5.051482e-01 1.406146e+00 9.828593e-01 1.961698e+06 1.562125e+02 -1.135045e-02 4.311800e-04
5.117949e-01 1.414204e+00 9.840869e-01 1.956372e+06 1.559833e+02 -1.329762e-02 4.595518e-04
5.184416e-01 1.422560e+00 9.864647e-01 1.970495e+06 1.568466e+02 -1.494771e-02 5.006790e-04
5.250883e-01 1.429733e+00 9.846451e-01 1.961219e+06 1.561304e+02 -1.954722e-02 4.500151e-04
5.317349e-01 1.439802e+00 9.821400e-01 1.951464e+06 1.554065e+02 -1.583123e-02 4.405975e-04
5.383816e-01 1.446918e+00 9.858422e-01 1.967440e+06 1.567326e+02 -6.773651e-03 4.336834e-04
5.450283e-01 1.454913e+00 9.895456e-01 1.974129e+06 1.570337e+02 -1.337123e-02 4.316568e-04
5.516750e-01 1.463488e+00 9.879261e-01 1.972414e+06 1.570471e+02 -1.285881e-02 4.277229e-04
5.583217e-01 1.471644e+00 9.853222e-01 1.964172e+06 1.563793e+02 -1.248288e-02 4.767179e-04
5.649684e-01 1.480835e+00 9.869531e-01 1.964113e+06 1.566307e+02 -1.656318e-02 4.652739e-04
5.716151e-01 1.488846e+00 9.874735e-01 1.975859e+06 1.573482e+02 -1.332092e-02 4.596710e-04
5.782618e-01 1.497470e+00 9.927869e-01 1.993324e+06 1.586826e+02 -1.880091e-02 4.732609e-04
5.849085e-01 1.506453e+00 9.878645e-01 1.986106e+06 1.582197e+02 -1.648891e-02 4.596710e-04
5.915552e-01 1.513776e+00 9.876466e-01 1.982344e+06 1.578480e+02 -1.140797e-02 4.559755e-04
5.982019e-01 1.522521e+00 9.903644e-01 1.972273e+06 1.568701e+02 -1.463020e-02 4.215240e-04
6.048486e-01 1.531507e+00 9.907551e-01 1.977233e+06 1.573718e+02 -1.015186e-02 4.563332e-04
6.114953e-01 1.540005e+00 9.842135e-01 1.965681e+06 1.563054e+02 -7.893562e-03 4.410744e-04
6.181419e-01 1.548953e+00 9.911255e-01 1.984772e+06 1.579505e+02 -6.775558e-03 4.352331e-04
6.247886e-01 1.557074e+00 9.928343e-01 1.992142e+06 1.584088e+02 -1.106012e-02 4.374981e-04
6.314353e-01 1.565125e+00 9.912297e-01 1.984732e+06 1.578811e+02 -1.186508e-02 4.384518e-04
6.380820e-01 1.574148e+00 9.909878e-01 1.982371e+06 1.578066e+02 -6.893635e-03 4.624128e-04
6.447287e-01 1.581987e+00 9.924386e-01 1.985098e+06 1.580924e+02 -8.140922e-03 4.674196e-04
6.513754e-01 1.591543e+00 9.918616e-01 1.985000e+06 1.580090e+02 -9.334028e-03 4.409552e-04
6.580221e-01 1.599288e+00 9.844999e-01 1.976860e+06 1.573947e+02 -8.710802e-03 4.520416e-04
6.646688e-01 1.608272e+00 9.904376e-01 1.977893e+06 1.573533e+02 -1.209825e-02 4.631281e-04
6.713155e-01 1.616368e+00 9.908492e-01 1.990327e+06 1.586787e+02 -1.370919e-02 4.434586e-04
6.779622e-01 1.624330e+00 9.908419e-01 1.989666e+06 1.584897e+02 -8.809865e-03 4.694462e-04
6.846089e-01 1.633431e+00 9.937086e-01 1.998980e+06 1.591721e+02 -9.985387e-03 4.460812e-04
6.912556e-01 1.642185e+00 9.885893e-01 1.998800e+06 1.592995e+02 -1.607901e-02 4.574060e-04
6.979023e-01 1.649889e+00 9.885874e-01 1.999188e+06 1.591830e+02 -1.250768e-02 4.448891e-04
7.045490e-01 1.657979e+00 9.918928e-01 1.989634e+06 1.585871e+02 -1.759785e-02 4.627705e-04
7.111956e-01 1.666487e+00 9.941838e-01 2.003115e+06 1.595541e+02 -1.182330e-02 4.799366e-04
7.178423e-01 1.673649e+00 9.978295e-01 2.015913e+06 1.602429e+02 -1.158220e-02 4.602671e-04
7.244890e-01 1.680408e+00 9.936912e-01 1.994793e+06 1.586832e+02 -1.605189e-02 4.572868e-04
7.311357e-01 1.689196e+00 9.938514e-01 2.003232e+06 1.593644e+02 -1.121974e-02 4.416704e-04
7.377824e-01 1.696136e+00 9.947435e-01 2.000949e+06 1.590187e+02 -1.138836e-02 4.451275e-04
7.444291e-01 1.703966e+00 9.925032e-01 1.996771e+06 1.591995e+02 -7.338822e-03 4.799366e-04
7.510758e-01 1.713050e+00 9.883820e-01 1.984540e+06 1.579142e+02 -7.814705e-03 4.749298e-04
7.577225e-01 1.719586e+00 9.880550e-01 1.987638e+06 1.583184e+02 -3.940821e-03 4.730225e-04
7.643692e-01 1.727199e+00 9.949055e-01 1.999904e+06 1.590887e+02 -5.723476e-03 4.601479e-04
7.710159e-01 1.732887e+00 9.919975e-01 1.996411e+06 1.585915e+02 6.648183e-03 4.647970e-04
7.776626e-01 1.740234e+00 9.901912e-01 1.986647e+06 1.581007e+02 -9.803474e-03 4.814863e-04
7.843093e-01 1.748218e+00 9.936927e-01 1.999520e+06 1.593160e+02 -8.747160e-03 4.476309e-04
7.909560e-01 1.755153e+00 9.915268e-01 1.992210e+06 1.589321e+02 -3.249645e-04 4.727840e-04
7.976027e-01 1.761438e+00 9.892246e-01 1.991829e+06 1.583948e+02 -2.618432e-04 4.729033e-04
8.042493e-01 1.768638e+00 9.916148e-01 1.997807e+06 1.590696e+02 -2.376735e-03 4.934072e-04
8.108960e-01 1.774356e+00 9.910059e-01 1.997811e+06 1.591524e+02 2.393365e-03 4.546642e-04
8.175427e-01 1.780627e+00 9.910295e-01 1.996863e+06 1.590461e+02 -1.888037e-03 4.692078e-04
8.241894e-01 1.785947e+00 9.828637e-01 1.984277e+06 1.583764e+02 2.040982e-03 4.698038e-04
8.308361e-01 1.791052e+00 9.902719e-01 1.991527e+06 1.584973e+02 4.670262e-03 4.763603e-04
8.374828e-01 1.796004e+00 9.920048e-01 2.003290e+06 1.594758e+02 -5.876422e-04 4.693270e-04
8.441295e-01 1.801394e+00 9.908890e-01 2.000219e+06 1.591072e+02 5.341291e-03 4.506111e-04
8.507762e-01 1.805647e+00 9.945753e-01 2.009948e+06 1.601169e+02 -4.000247e-03 4.602671e-04
8.574229e-01 1.810044e+00 9.890931e-01 1.995908e+06 1.588564e+02 -5.884528e-03 4.564524e-04
8.640696e-01 1.815631e+00 9.943509e-01 2.018035e+06 1.605141e+02 -2.469659e-03 4.724264e-04
8.707163e-01 1.819723e+00 9.940396e-01 2.010676e+06 1.599634e+02 -3.219426e-03 4.539490e-04
8.773630e-01 1.821715e+00 9.951127e-01 2.014322e+06 1.601239e+02 -3.350437e-03 4.651546e-04
8.840097e-01 1.824795e+00 9.961993e-01 2.016783e+06 1.604396e+02 6.086349e-03 4.761219e-04
8.906564e-01 1.827225e+00 9.995692e-01 2.029874e+06 1.615957e+02 3.698707e-03 4.726648e-04
8.973030e-01 1.829529e+00 1.001638e+00 2.031195e+06 1.620286e+02 -9.048879e-03 4.626513e-04
9.039497e-01 1.830857e+00 1.001380e+00 2.034684e+06 1.619039e+02 -3.483891e-03 4.855394e-04
9.105964e-01 1.830619e+00 9.991137e-01 2.030833e+06 1.618338e+02 -3.638983e-03 4.742146e-04
9.172431e-01 1.831489e+00 9.989563e-01 2.039554e+06 1.621019e+02 -3.592491e-03 4.838705e-04
9.238898e-01 1.829811e+00 1.003197e+00 2.044598e+06 1.628970e+02 -8.192539e-03 4.451275e-04
9.305365e-01 1.827531e+00 1.001960e+00 2.044567e+06 1.624679e+02 -6.208897e-03 4.674196e-04
9.371832e-01 1.824944e+00 1.004550e+00 2.046073e+06 1.631249e+02 -1.722813e-03 4.823208e-04
9.438299e-01 1.821779e+00 1.004321e+00 2.051617e+06 1.631777e+02 -1.070207e-02 4.767179e-04
9.504766e-01 1.817895e+00 1.003969e+00 2.054192e+06 1.638557e+02 -9.057403e-03 4.842281e-04
9.571233e-01 1.809629e+00 1.007239e+00 2.064144e+06 1.644701e+02 -8.261740e-03 4.894733e-04
9.637700e-01 1.801613e+00 1.007468e+00 2.050838e+06 1.630842e+02 -3.816903e-03 4.705191e-04
9.704167e-01 1.792903e+00 1.010726e+00 2.061433e+06 1.641295e+02 -1.332718e-02 4.744530e-04
9.770634e-01 1.779899e+00 1.008963e+00 2.071369e+06 1.652200e+02 -9.029567e-03 4.867315e-04
9.837101e-01 1.765949e+00 1.008908e+00 2.062044e+06 1.640505e+02 -4.339218e-04 4.796982e-04
9.903567e-01 1.750679e+00 1.010969e+00 2.061044e+06 1.638729e+02 -4.452288e-03 4.857779e-04
