#./overdamped_3d --dev=0 --amp=40.0 --omega=1.0 --force=0 --Dg=0.01 --block=256 --paths=262144 --periods=1000 --trans=100 --samples=100 --spp=500 --algorithm=euler --pav=1 --mode=moments --domain=1d --domainx=p:-3:2:300:1 --domainy=a:0:10:100:0 --domainz=D:-6:-1:100:1 --q=2 --eps=0 --phi=1.57079632679 --lambda=30.0 --zeta=0 --comp=0 --mean=1.0 --second=1 --skew=0.99 --distribution=s>> journal_3_s_1_p:-3:2:300:1_1.0_0.99_40.0.dat
#p <<v>> qnu(q) mu_q Dx Gx EBx
1.000000e-03 1.072673e+00 1.097100e+00 7.586443e+06 6.035193e+02 -1.901555e-02 4.670620e-04
1.039122e-03 1.062468e+00 9.503886e-01 5.313892e+06 4.229985e+02 5.982208e-02 4.601479e-04
1.079775e-03 1.082504e+00 9.714007e-01 5.397700e+06 4.295509e+02 -5.698931e-02 4.476309e-04
1.122018e-03 1.093282e+00 9.417397e-01 5.523502e+06 4.395802e+02 1.509917e-02 4.233122e-04
1.165914e-03 1.141417e+00 9.682251e-01 5.472110e+06 4.354403e+02 1.446843e-03 5.090237e-04
1.211527e-03 1.182057e+00 1.025817e+00 5.422206e+06 4.314862e+02 -6.234443e-02 4.482269e-04
1.258925e-03 1.202375e+00 1.002321e+00 5.064358e+06 4.030503e+02 -3.288287e-02 4.209280e-04
1.308177e-03 1.202158e+00 9.472471e-01 4.319428e+06 3.437874e+02 -4.311168e-02 4.000664e-04
1.359356e-03 1.264803e+00 1.021718e+00 4.958772e+06 3.946208e+02 2.302706e-02 4.526377e-04
1.412537e-03 1.286350e+00 9.845207e-01 4.272898e+06 3.398932e+02 2.995026e-02 4.627705e-04
1.467799e-03 1.296266e+00 1.025832e+00 4.626533e+06 3.682791e+02 -7.104248e-02 4.360676e-04
1.525222e-03 1.345656e+00 1.034708e+00 4.635548e+06 3.687658e+02 -9.591776e-02 4.481077e-04
1.584893e-03 1.386831e+00 1.007290e+00 4.013470e+06 3.196073e+02 -6.274438e-02 4.650354e-04
1.646897e-03 1.424547e+00 9.661035e-01 3.694567e+06 2.939674e+02 -2.933085e-03 4.562140e-04
1.711327e-03 1.432501e+00 1.010847e+00 3.849812e+06 3.063109e+02 3.293419e-02 4.779100e-04
1.778278e-03 1.480766e+00 9.767508e-01 3.437303e+06 2.736968e+02 -5.868202e-02 4.718304e-04
1.847849e-03 1.509405e+00 9.828041e-01 3.274327e+06 2.604220e+02 -1.051662e-01 4.431009e-04
1.920141e-03 1.576962e+00 1.013669e+00 3.407901e+06 2.712484e+02 6.483436e-03 4.910231e-04
1.995261e-03 1.624200e+00 1.010711e+00 3.114266e+06 2.477902e+02 -6.619805e-02 4.309416e-04
2.073320e-03 1.665561e+00 1.024144e+00 3.308882e+06 2.632181e+02 -6.219190e-02 4.569292e-04
2.154433e-03 1.724488e+00 9.870015e-01 2.870049e+06 2.282447e+02 -3.898090e-02 4.367828e-04
2.238719e-03 1.769106e+00 1.003458e+00 2.874840e+06 2.290055e+02 7.423043e-03 4.563332e-04
2.326303e-03 1.834579e+00 1.053776e+00 3.118306e+06 2.480512e+02 -5.576146e-02 4.684925e-04
2.417313e-03 1.869920e+00 1.024943e+00 2.799892e+06 2.230512e+02 2.213120e-03 4.277229e-04
2.511884e-03 1.924013e+00 1.007877e+00 2.551404e+06 2.032676e+02 5.117261e-02 4.240274e-04
2.610155e-03 1.980789e+00 1.001455e+00 2.364929e+06 1.882255e+02 1.700115e-02 4.290342e-04
2.712270e-03 2.047503e+00 9.938489e-01 2.380640e+06 1.892199e+02 2.301884e-02 4.588366e-04
2.818380e-03 2.085774e+00 1.032600e+00 2.351457e+06 1.871522e+02 2.529061e-02 4.295111e-04
2.928642e-03 2.150106e+00 9.755538e-01 2.057876e+06 1.635400e+02 -3.270376e-02 4.247427e-04
3.043217e-03 2.212285e+00 1.001167e+00 2.039382e+06 1.622731e+02 9.137273e-03 4.985332e-04
3.162274e-03 2.274040e+00 1.030349e+00 2.068055e+06 1.648501e+02 -5.222613e-02 4.094839e-04
3.285990e-03 2.348488e+00 1.005904e+00 1.830602e+06 1.456051e+02 8.877373e-02 4.814863e-04
3.414545e-03 2.399366e+00 1.000040e+00 1.820197e+06 1.452053e+02 -5.425090e-02 4.655123e-04
3.548130e-03 2.474358e+00 1.039228e+00 1.875859e+06 1.494287e+02 -4.642606e-04 4.438162e-04
3.686941e-03 2.543948e+00 1.035670e+00 1.853967e+06 1.479033e+02 -1.979369e-02 4.650354e-04
3.831182e-03 2.603755e+00 1.009791e+00 1.663127e+06 1.313779e+02 -1.708758e-02 4.968643e-04
3.981066e-03 2.674902e+00 9.981654e-01 1.552516e+06 1.235017e+02 -1.657671e-02 4.782677e-04
4.136815e-03 2.732982e+00 9.875585e-01 1.428059e+06 1.135755e+02 2.659464e-02 4.452467e-04
4.298656e-03 2.813810e+00 9.788077e-01 1.337339e+06 1.066873e+02 4.978180e-03 4.872084e-04
4.466829e-03 2.876025e+00 1.024919e+00 1.450849e+06 1.153912e+02 -1.804191e-02 4.419088e-04
4.641582e-03 2.946731e+00 9.988517e-01 1.288963e+06 1.020883e+02 -3.208339e-03 4.383326e-04
4.823171e-03 3.018174e+00 9.862448e-01 1.198913e+06 9.549297e+01 3.579700e-02 4.484653e-04
5.011864e-03 3.084287e+00 9.841419e-01 1.162685e+06 9.200174e+01 -2.099937e-02 4.870892e-04
5.207940e-03 3.150384e+00 9.862283e-01 1.103651e+06 8.830425e+01 -4.713297e-02 4.966259e-04
5.411686e-03 3.220953e+00 1.006043e+00 1.085538e+06 8.713033e+01 -5.838215e-03 4.795790e-04
5.623404e-03 3.294265e+00 9.915280e-01 1.042434e+06 8.428591e+01 6.089878e-02 4.762411e-04
5.843404e-03 3.363744e+00 1.012481e+00 1.017823e+06 8.104169e+01 -1.988959e-02 4.405975e-04
6.072011e-03 3.426935e+00 1.002831e+00 9.733954e+05 7.696733e+01 -3.139925e-02 4.221201e-04
6.309562e-03 3.487515e+00 9.848868e-01 9.283486e+05 7.443867e+01 -1.228571e-03 4.631281e-04
6.556407e-03 3.553194e+00 1.004399e+00 9.065276e+05 7.211374e+01 -5.854434e-02 4.719496e-04
6.812908e-03 3.609601e+00 9.976198e-01 8.396794e+05 6.637652e+01 -4.779589e-02 4.763603e-04
7.079445e-03 3.669001e+00 9.950297e-01 8.157258e+05 6.477734e+01 -5.640632e-02 4.607439e-04
7.356409e-03 3.723609e+00 1.006748e+00 7.815849e+05 6.328510e+01 -1.472157e-02 4.620552e-04
7.644208e-03 3.778323e+00 1.020556e+00 7.614139e+05 6.008163e+01 -2.067417e-02 4.847050e-04
7.943267e-03 3.825827e+00 1.016033e+00 7.277709e+05 5.802916e+01 1.711631e-02 4.894733e-04
8.254025e-03 3.869689e+00 1.001417e+00 6.782896e+05 5.445391e+01 3.091812e-03 4.729033e-04
8.576942e-03 3.911566e+00 9.845132e-01 6.353916e+05 5.042538e+01 -4.652977e-02 4.873276e-04
8.912491e-03 3.946493e+00 9.778265e-01 5.982952e+05 4.849005e+01 -4.634494e-02 4.817247e-04
9.261168e-03 3.980909e+00 9.908711e-01 5.805059e+05 4.497082e+01 -1.980144e-02 4.950762e-04
9.623486e-03 4.007881e+00 1.002925e+00 5.655565e+05 4.494026e+01 -5.353850e-02 4.775524e-04
9.999978e-03 4.027558e+00 1.004616e+00 5.432643e+05 4.211876e+01 -2.760160e-02 4.849434e-04
1.039120e-02 4.044049e+00 9.966382e-01 5.064357e+05 4.079459e+01 -2.107042e-02 4.466772e-04
1.079773e-02 4.051822e+00 1.004671e+00 4.888522e+05 3.829395e+01 -2.789259e-03 4.847050e-04
1.122016e-02 4.053249e+00 1.007692e+00 4.576082e+05 3.405661e+01 2.630353e-02 4.850626e-04
1.165912e-02 4.051815e+00 9.913508e-01 4.217569e+05 3.335378e+01 2.677464e-02 4.860163e-04
1.211525e-02 4.045560e+00 9.750577e-01 3.915601e+05 3.095500e+01 1.365435e-02 4.777908e-04
1.258922e-02 4.029969e+00 9.726545e-01 3.755380e+05 2.836778e+01 2.078140e-02 4.904270e-04
1.308174e-02 4.008614e+00 9.890187e-01 3.679339e+05 3.022671e+01 -2.229702e-02 5.071163e-04
1.359353e-02 3.981349e+00 9.902961e-01 3.454574e+05 2.701305e+01 1.412153e-03 5.278587e-04
1.412534e-02 3.949996e+00 1.000656e+00 3.325169e+05 2.743576e+01 -7.221162e-03 5.114079e-04
1.467795e-02 3.910801e+00 9.942160e-01 3.154493e+05 2.455824e+01 2.862537e-02 5.455017e-04
1.525219e-02 3.865116e+00 9.925634e-01 2.921227e+05 2.465501e+01 8.031964e-03 5.615950e-04
1.584889e-02 3.816141e+00 9.926595e-01 2.793201e+05 2.262801e+01 -3.508389e-03 5.569458e-04
1.646893e-02 3.760245e+00 9.802432e-01 2.550559e+05 2.178767e+01 4.170465e-02 4.979372e-04
1.711324e-02 3.699596e+00 1.011509e+00 2.525543e+05 1.958752e+01 -8.346617e-03 5.393028e-04
1.778275e-02 3.634103e+00 9.949216e-01 2.331142e+05 1.974030e+01 -3.068632e-02 5.376339e-04
1.847845e-02 3.564601e+00 1.006915e+00 2.249857e+05 1.830409e+01 -3.296077e-03 5.880594e-04
1.920136e-02 3.490918e+00 1.002931e+00 2.119188e+05 1.600717e+01 -1.447916e-03 5.725622e-04
1.995257e-02 3.413171e+00 9.844329e-01 1.966818e+05 1.662341e+01 1.877522e-02 5.637407e-04
2.073316e-02 3.334935e+00 9.823137e-01 1.855563e+05 1.614977e+01 -1.046455e-02 6.123781e-04
2.154428e-02 3.255594e+00 9.959093e-01 1.797901e+05 1.531452e+01 -1.669914e-02 6.351471e-04
2.238715e-02 3.171388e+00 9.960054e-01 1.697390e+05 1.289537e+01 -2.731532e-02 6.251335e-04
2.326298e-02 3.085547e+00 9.882547e-01 1.603863e+05 1.285717e+01 -1.185977e-02 6.804466e-04
2.417308e-02 2.999721e+00 9.963641e-01 1.510327e+05 1.257197e+01 -2.168238e-02 6.531477e-04
2.511879e-02 2.911527e+00 9.920844e-01 1.443979e+05 1.158648e+01 1.225185e-02 6.698370e-04
2.610149e-02 2.823440e+00 1.001437e+00 1.378878e+05 1.099315e+01 3.803134e-03 6.837845e-04
2.712264e-02 2.736187e+00 1.000453e+00 1.305822e+05 9.913443e+00 5.098343e-03 7.181168e-04
2.818374e-02 2.648417e+00 9.835352e-01 1.219588e+05 9.684259e+00 1.088631e-02 7.030964e-04
2.928635e-02 2.559880e+00 9.995477e-01 1.180371e+05 9.064192e+00 -7.086992e-04 7.627010e-04
3.043210e-02 2.474005e+00 9.931068e-01 1.105237e+05 8.706411e+00 -1.540303e-03 7.301569e-04
3.162267e-02 2.388192e+00 9.748844e-01 1.035358e+05 8.921589e+00 2.305460e-02 7.823706e-04
3.285982e-02 2.304069e+00 9.829555e-01 9.929239e+04 7.792226e+00 2.251327e-02 8.090734e-04
3.414537e-02 2.219953e+00 9.912173e-01 9.533968e+04 7.153059e+00 2.199161e-02 7.992983e-04
3.548122e-02 2.139531e+00 9.851887e-01 9.051557e+04 7.091944e+00 1.977670e-02 8.088350e-04
3.686932e-02 2.060585e+00 9.903211e-01 8.510256e+04 7.462457e+00 2.293849e-02 8.732080e-04
3.831173e-02 1.983363e+00 1.008146e+00 8.336084e+04 6.907324e+00 -6.705523e-03 9.021759e-04
3.981058e-02 1.907496e+00 1.003935e+00 7.979122e+04 6.236327e+00 1.408577e-03 9.534359e-04
4.136806e-02 1.834565e+00 1.006649e+00 7.623170e+04 6.045978e+00 1.757860e-03 9.877682e-04
4.298647e-02 1.763481e+00 1.006306e+00 7.284909e+04 5.968947e+00 1.945746e-02 1.019120e-03
4.466820e-02 1.695260e+00 1.012202e+00 7.016546e+04 6.205132e+00 5.221605e-03 1.038909e-03
4.641572e-02 1.628744e+00 1.018781e+00 6.805390e+04 5.858811e+00 1.455939e-02 1.097918e-03
4.823161e-02 1.564399e+00 1.013728e+00 6.418263e+04 4.626316e+00 1.305342e-03 1.109958e-03
5.011854e-02 1.502438e+00 1.006665e+00 5.988879e+04 4.708440e+00 -7.378876e-03 1.126051e-03
5.207929e-02 1.442269e+00 9.989555e-01 5.617991e+04 4.689978e+00 -1.233077e-02 1.187682e-03
5.411675e-02 1.384717e+00 9.950501e-01 5.374128e+04 4.404135e+00 -1.611513e-02 1.223922e-03
5.623392e-02 1.329343e+00 9.941519e-01 5.195500e+04 4.295910e+00 -1.289463e-02 1.249790e-03
5.843392e-02 1.276172e+00 1.010642e+00 5.131112e+04 3.995744e+00 1.921415e-03 1.313090e-03
6.071998e-02 1.224643e+00 1.006728e+00 4.855830e+04 4.205510e+00 2.109671e-02 1.361847e-03
6.309549e-02 1.175522e+00 1.004953e+00 4.661486e+04 4.032986e+00 4.221451e-02 1.387119e-03
6.556392e-02 1.128391e+00 1.006622e+00 4.487087e+04 3.628414e+00 2.103090e-02 1.431704e-03
6.812894e-02 1.083312e+00 1.007654e+00 4.335472e+04 3.389682e+00 2.361536e-04 1.467586e-03
7.079429e-02 1.040273e+00 1.012560e+00 4.163909e+04 3.213020e+00 -1.427782e-02 1.576304e-03
7.356393e-02 9.989705e-01 1.017812e+00 4.022812e+04 3.163363e+00 -5.344927e-03 1.598358e-03
7.644191e-02 9.595250e-01 1.015355e+00 3.828452e+04 3.031902e+00 -7.950068e-03 1.632094e-03
7.943249e-02 9.217808e-01 1.006586e+00 3.589836e+04 2.758473e+00 6.386042e-04 1.655340e-03
8.254007e-02 8.858169e-01 1.002265e+00 3.437353e+04 2.649452e+00 1.337242e-02 1.705647e-03
8.576923e-02 8.511999e-01 9.943725e-01 3.267766e+04 2.816724e+00 -2.242434e-02 1.730561e-03
8.912471e-02 8.181992e-01 9.949110e-01 3.148792e+04 2.747173e+00 -2.014321e-02 1.763463e-03
9.261147e-02 7.867774e-01 9.953056e-01 3.047170e+04 2.407855e+00 -2.333063e-02 1.818538e-03
9.623464e-02 7.567382e-01 9.981294e-01 2.964720e+04 2.265252e+00 -1.126087e-02 1.874089e-03
9.999956e-02 7.282656e-01 9.985554e-01 2.827651e+04 2.235968e+00 -6.549954e-04 1.943707e-03
1.039118e-01 7.010272e-01 1.004411e+00 2.735860e+04 2.176762e+00 7.644296e-03 2.004504e-03
1.079770e-01 6.751126e-01 9.951167e-01 2.619953e+04 2.025247e+00 -8.054018e-03 2.054811e-03
1.122013e-01 6.504611e-01 1.001585e+00 2.561145e+04 1.904687e+00 -1.203030e-02 2.119064e-03
1.165909e-01 6.267518e-01 1.002210e+00 2.461176e+04 1.899673e+00 3.681540e-03 2.211928e-03
1.211522e-01 6.042426e-01 1.003676e+00 2.386446e+04 1.865853e+00 8.789420e-03 2.277613e-03
1.258920e-01 5.827088e-01 1.001423e+00 2.274823e+04 1.819539e+00 -1.034546e-02 2.338052e-03
1.308171e-01 5.620623e-01 9.931855e-01 2.159419e+04 1.802907e+00 -1.504093e-02 2.394319e-03
1.359350e-01 5.426575e-01 9.954296e-01 2.095969e+04 1.773066e+00 -9.059072e-03 2.467632e-03
1.412531e-01 5.245066e-01 1.003275e+00 2.051229e+04 1.697467e+00 -1.051331e-02 2.571940e-03
1.467792e-01 5.067714e-01 1.013011e+00 2.008363e+04 1.571177e+00 -2.578795e-03 2.640843e-03
1.525216e-01 4.901094e-01 1.005370e+00 1.928883e+04 1.511972e+00 4.216909e-03 2.617836e-03
1.584886e-01 4.740404e-01 1.007005e+00 1.867745e+04 1.481494e+00 9.630919e-04 2.777815e-03
1.646890e-01 4.585869e-01 1.003642e+00 1.809200e+04 1.469915e+00 -1.695174e-02 2.793789e-03
1.711320e-01 4.438960e-01 1.009314e+00 1.758711e+04 1.401996e+00 -1.204491e-03 2.897382e-03
1.778271e-01 4.302041e-01 1.005732e+00 1.703971e+04 1.289036e+00 -1.349121e-02 2.951980e-03
1.847841e-01 4.170556e-01 1.003570e+00 1.647898e+04 1.175359e+00 -1.006293e-02 3.051996e-03
1.920132e-01 4.044553e-01 1.008997e+00 1.607102e+04 1.143648e+00 3.327131e-04 3.128648e-03
1.995252e-01 3.925207e-01 1.000120e+00 1.525156e+04 1.113488e+00 -2.108324e-02 3.133535e-03
2.073311e-01 3.811757e-01 9.964339e-01 1.470025e+04 1.104137e+00 -3.814232e-02 3.200650e-03
2.154424e-01 3.703614e-01 9.940960e-01 1.421384e+04 1.032677e+00 -3.010470e-02 3.274798e-03
2.238710e-01 3.601944e-01 1.009462e+00 1.426152e+04 1.019745e+00 -2.069747e-02 3.398418e-03
2.326293e-01 3.503978e-01 1.000664e+00 1.371920e+04 9.768134e-01 -2.471334e-02 3.518701e-03
2.417303e-01 3.412279e-01 1.003898e+00 1.349142e+04 9.941216e-01 -2.037907e-02 3.550291e-03
2.511873e-01 3.323163e-01 1.003988e+00 1.319142e+04 1.028220e+00 -2.331591e-02 3.653049e-03
2.610143e-01 3.239077e-01 1.012396e+00 1.290332e+04 1.009062e+00 -3.019184e-02 3.788471e-03
2.712258e-01 3.162220e-01 1.000976e+00 1.236744e+04 9.434705e-01 -3.133631e-02 3.794432e-03
2.818368e-01 3.087179e-01 9.955018e-01 1.188070e+04 8.580043e-01 -4.286677e-02 3.812075e-03
2.928629e-01 3.017226e-01 9.913753e-01 1.152912e+04 8.243231e-01 -2.163464e-02 3.944874e-03
3.043203e-01 2.951099e-01 9.921218e-01 1.125609e+04 8.202249e-01 -2.325737e-02 3.967166e-03
3.162260e-01 2.886868e-01 9.820060e-01 1.086034e+04 8.257754e-01 -2.018714e-02 3.992438e-03
3.285975e-01 2.825609e-01 9.860910e-01 1.074919e+04 8.445756e-01 -8.749127e-03 4.142880e-03
3.414530e-01 2.770070e-01 9.908240e-01 1.067020e+04 8.632365e-01 -2.868217e-02 4.173994e-03
3.548115e-01 2.718279e-01 9.970560e-01 1.053246e+04 8.456498e-01 -2.124494e-02 4.326105e-03
3.686925e-01 2.669078e-01 9.902762e-01 1.026615e+04 8.213589e-01 -1.969409e-02 4.356146e-03
3.831166e-01 2.625502e-01 9.877557e-01 1.003714e+04 7.785064e-01 -1.991719e-02 4.376292e-03
3.981051e-01 2.584379e-01 9.884471e-01 9.895349e+03 7.490229e-01 -3.939748e-03 4.473448e-03
4.136799e-01 2.545485e-01 9.912137e-01 9.823967e+03 7.319137e-01 -8.204043e-03 4.600286e-03
4.298640e-01 2.511342e-01 9.914997e-01 9.648151e+03 7.019330e-01 2.839088e-03 4.603028e-03
4.466813e-01 2.478797e-01 9.860620e-01 9.479187e+03 6.952683e-01 -7.900476e-03 4.626393e-03
4.641565e-01 2.448724e-01 9.922670e-01 9.460158e+03 6.939951e-01 1.405180e-02 4.747152e-03
4.823154e-01 2.421981e-01 9.873597e-01 9.386563e+03 7.047977e-01 7.459402e-03 4.770041e-03
5.011847e-01 2.398643e-01 9.865245e-01 9.173717e+03 6.981331e-01 3.644705e-03 4.763126e-03
5.207922e-01 2.377236e-01 9.949037e-01 9.229610e+03 7.167543e-01 8.550882e-04 4.843831e-03
5.411668e-01 2.359452e-01 9.943938e-01 9.154155e+03 7.200567e-01 8.802414e-03 4.884362e-03
5.623385e-01 2.344488e-01 9.977040e-01 9.087358e+03 7.234189e-01 7.843733e-03 4.918814e-03
5.843385e-01 2.333497e-01 1.006255e+00 9.283062e+03 7.485852e-01 -4.454553e-03 5.051613e-03
6.071991e-01 2.324480e-01 1.010423e+00 9.219542e+03 7.500376e-01 -1.359582e-04 5.055785e-03
6.309542e-01 2.320090e-01 1.003504e+00 9.211033e+03 7.493213e-01 -1.728523e-02 5.082011e-03
6.556386e-01 2.316789e-01 1.002538e+00 9.132194e+03 7.493213e-01 -1.344848e-02 5.049229e-03
6.812887e-01 2.317424e-01 1.002219e+00 9.160444e+03 7.458796e-01 -3.161788e-03 5.062699e-03
7.079422e-01 2.322009e-01 9.996915e-01 9.078709e+03 7.358727e-01 -2.234453e-02 5.035281e-03
7.356386e-01 2.329421e-01 9.936986e-01 9.033977e+03 7.317546e-01 -2.005208e-02 4.979849e-03
7.644184e-01 2.339952e-01 1.001253e+00 9.226070e+03 7.414034e-01 -1.723778e-02 5.053639e-03
7.943242e-01 2.353462e-01 1.006680e+00 9.436559e+03 7.516291e-01 -2.413422e-02 5.112171e-03
8.254001e-01 2.371257e-01 1.004693e+00 9.438236e+03 7.332467e-01 -1.975191e-02 5.076408e-03
8.576916e-01 2.392500e-01 1.001873e+00 9.422484e+03 7.177688e-01 -3.192031e-02 4.989624e-03
8.912464e-01 2.417369e-01 1.003267e+00 9.554454e+03 7.161176e-01 -1.160783e-02 4.970908e-03
9.261141e-01 2.447461e-01 1.007598e+00 9.756247e+03 7.222650e-01 -2.589667e-02 4.983425e-03
9.623458e-01 2.481408e-01 9.964167e-01 9.651184e+03 7.069066e-01 8.368492e-04 4.877687e-03
9.999950e-01 2.521533e-01 9.841522e-01 9.677011e+03 7.151030e-01 1.050985e-02 4.752398e-03
1.039117e+00 2.564315e-01 9.848001e-01 9.856482e+03 7.365690e-01 1.010787e-02 4.661441e-03
1.079770e+00 2.614424e-01 9.874028e-01 1.009687e+04 7.750248e-01 -6.955981e-03 4.612088e-03
1.122013e+00 2.668737e-01 9.907794e-01 1.027805e+04 8.180564e-01 -1.473457e-02 4.542112e-03
1.165909e+00 2.729759e-01 9.881861e-01 1.056319e+04 8.561740e-01 -3.339708e-03 4.431129e-03
1.211522e+00 2.795915e-01 9.863141e-01 1.078974e+04 8.565918e-01 7.651925e-03 4.287839e-03
1.258919e+00 2.869746e-01 9.872030e-01 1.101042e+04 8.438395e-01 9.734035e-03 4.191041e-03
1.308171e+00 2.951099e-01 9.941742e-01 1.136398e+04 8.362995e-01 -1.439506e-02 4.098177e-03
1.359350e+00 3.038049e-01 9.932411e-01 1.163789e+04 8.343499e-01 -1.362205e-03 4.005194e-03
1.412530e+00 3.136750e-01 9.950114e-01 1.198240e+04 8.891190e-01 -8.209169e-03 3.904104e-03
1.467792e+00 3.242057e-01 9.955210e-01 1.244792e+04 9.682190e-01 -2.116489e-02 3.813386e-03
1.525215e+00 3.357250e-01 1.006741e+00 1.302555e+04 9.951162e-01 -2.208376e-02 3.735542e-03
1.584885e+00 3.483776e-01 1.006772e+00 1.352659e+04 9.476880e-01 -2.313346e-02 3.657818e-03
1.646890e+00 3.621876e-01 1.004391e+00 1.408230e+04 9.811902e-01 -2.322048e-02 3.564358e-03
1.711320e+00 3.769773e-01 1.003595e+00 1.474282e+04 1.084641e+00 3.342509e-03 3.494263e-03
1.778270e+00 3.930297e-01 1.013859e+00 1.557766e+04 1.137441e+00 9.208679e-03 3.396392e-03
1.847840e+00 4.107611e-01 1.008493e+00 1.628592e+04 1.135929e+00 -9.877324e-03 3.324509e-03
1.920132e+00 4.299288e-01 1.017226e+00 1.733465e+04 1.304394e+00 -8.990943e-03 3.222942e-03
1.995252e+00 4.506748e-01 1.015483e+00 1.800598e+04 1.485234e+00 -2.566230e-02 3.076434e-03
2.073311e+00 4.729800e-01 1.016139e+00 1.900145e+04 1.533856e+00 -1.374704e-02 3.000617e-03
2.154424e+00 4.969299e-01 1.013209e+00 1.985859e+04 1.519850e+00 -1.042855e-02 2.830744e-03
2.238710e+00 5.233449e-01 1.008423e+00 2.092722e+04 1.740439e+00 8.735418e-03 2.790093e-03
2.326294e+00 5.516044e-01 1.002755e+00 2.175886e+04 1.834181e+00 -5.468845e-03 2.619624e-03
2.417304e+00 5.821332e-01 1.001445e+00 2.277818e+04 1.815560e+00 -2.415860e-02 2.519131e-03
2.511874e+00 6.149087e-01 9.974810e-01 2.405009e+04 1.818823e+00 -2.164060e-02 2.406716e-03
2.610145e+00 6.502151e-01 1.004219e+00 2.561029e+04 1.874925e+00 -1.699251e-02 2.357602e-03
2.712260e+00 6.878678e-01 1.007239e+00 2.704389e+04 2.164825e+00 -4.032433e-03 2.260685e-03
2.818370e+00 7.282426e-01 1.012371e+00 2.915269e+04 2.312203e+00 -1.065201e-02 2.213836e-03
2.928631e+00 7.713349e-01 1.001034e+00 3.014643e+04 2.393690e+00 -6.892145e-03 2.059937e-03
3.043206e+00 8.171967e-01 1.003157e+00 3.202619e+04 2.702769e+00 -1.828158e-02 1.995921e-03
3.162263e+00 8.657588e-01 9.938954e-01 3.357940e+04 2.871951e+00 8.771658e-03 1.947761e-03
3.285978e+00 9.174219e-01 1.000073e+00 3.554663e+04 2.787121e+00 -6.911874e-03 1.848698e-03
3.414533e+00 9.714146e-01 9.977049e-01 3.769301e+04 3.055456e+00 -9.847641e-03 1.752853e-03
3.548117e+00 1.028185e+00 1.003587e+00 3.949216e+04 3.003254e+00 3.266335e-05 1.681805e-03
3.686928e+00 1.087172e+00 1.009024e+00 4.236220e+04 3.365172e+00 -2.149725e-02 1.605511e-03
3.831169e+00 1.147585e+00 1.008337e+00 4.475195e+04 4.080733e+00 -9.105563e-03 1.587749e-03
3.981053e+00 1.209796e+00 1.008934e+00 4.732391e+04 4.120203e+00 -1.310831e-02 1.539469e-03
4.136801e+00 1.273031e+00 1.000909e+00 4.916725e+04 3.803166e+00 -2.482390e-02 1.479149e-03
4.298642e+00 1.336048e+00 1.004400e+00 5.242693e+04 4.297184e+00 -3.459281e-02 1.467109e-03
4.466814e+00 1.381141e+00 9.962843e-01 5.310817e+04 4.299093e+00 -3.438425e-02 1.393676e-03
4.641566e+00 1.347878e+00 9.994346e-01 5.253678e+04 4.528913e+00 -2.145088e-02 1.449943e-03
4.823155e+00 1.299773e+00 1.001276e+00 5.089996e+04 3.962640e+00 -2.470851e-02 1.485467e-03
5.011847e+00 1.252756e+00 1.000461e+00 4.891533e+04 3.921259e+00 -3.607762e-02 1.554966e-03
5.207922e+00 1.206865e+00 9.928603e-01 4.692688e+04 3.901206e+00 -3.206265e-02 1.598954e-03
5.411668e+00 1.162084e+00 9.951200e-01 4.566211e+04 4.085825e+00 -3.276110e-02 1.644254e-03
5.623384e+00 1.119406e+00 9.972711e-01 4.390443e+04 3.778656e+00 -2.316368e-02 1.679778e-03
5.843384e+00 1.078707e+00 9.976916e-01 4.228180e+04 3.224479e+00 -2.939993e-02 1.731873e-03
6.071990e+00 1.039803e+00 9.912169e-01 4.074828e+04 3.209837e+00 -3.040087e-02 1.764894e-03
6.309541e+00 1.003016e+00 9.932979e-01 3.964907e+04 3.149358e+00 -3.306162e-02 1.835108e-03
6.556384e+00 9.689928e-01 9.903085e-01 3.857382e+04 3.154769e+00 -3.367603e-02 1.943350e-03
6.812885e+00 9.381080e-01 9.955108e-01 3.838896e+04 3.094609e+00 -2.701950e-02 2.038717e-03
7.079421e+00 9.112674e-01 1.000984e+00 3.802052e+04 3.017100e+00 -1.583254e-02 2.223253e-03
7.356383e+00 8.892532e-01 1.002976e+00 3.825973e+04 3.154610e+00 -5.720913e-03 2.384543e-03
7.644182e+00 8.727421e-01 1.012368e+00 3.910015e+04 3.247875e+00 -1.515114e-02 2.576947e-03
7.943239e+00 8.635067e-01 1.007994e+00 4.040038e+04 3.459869e+00 -1.080948e-02 2.769709e-03
8.253997e+00 8.629732e-01 1.003797e+00 4.262163e+04 3.660086e+00 -1.006240e-02 2.951264e-03
8.576912e+00 8.729569e-01 1.005089e+00 4.627439e+04 3.870171e+00 -2.060533e-04 3.111362e-03
8.912460e+00 8.953686e-01 9.990561e-01 5.017098e+04 4.028212e+00 -8.758903e-03 3.077507e-03
9.261136e+00 9.304387e-01 9.913290e-01 5.585189e+04 4.450927e+00 -6.207049e-03 3.107071e-03
9.623452e+00 9.781952e-01 9.945656e-01 6.391297e+04 5.032161e+00 -4.184723e-03 3.034830e-03
9.999944e+00 1.037601e+00 9.924030e-01 7.220580e+04 5.671009e+00 -4.477680e-03 2.823353e-03
1.039117e+01 1.104936e+00 9.937877e-01 8.215076e+04 6.626575e+00 -2.489209e-03 2.694368e-03
1.079769e+01 1.159732e+00 9.950754e-01 9.059104e+04 7.652169e+00 8.873105e-03 2.645731e-03
1.122012e+01 1.119658e+00 9.960307e-01 8.871777e+04 7.251417e+00 3.496170e-03 2.739191e-03
1.165908e+01 1.078183e+00 9.977295e-01 8.522314e+04 6.775544e+00 1.751697e-02 2.861738e-03
1.211521e+01 1.038486e+00 9.941441e-01 8.240366e+04 6.524079e+00 4.069269e-02 2.925754e-03
1.258918e+01 1.001588e+00 9.903561e-01 7.911606e+04 6.349964e+00 3.492844e-02 3.049016e-03
1.308170e+01 9.688771e-01 9.985730e-01 7.747828e+04 6.100727e+00 2.596354e-02 3.160477e-03
1.359348e+01 9.421541e-01 1.000201e+00 7.717998e+04 6.237282e+00 2.143180e-02 3.346443e-03
1.412529e+01 9.253538e-01 1.005955e+00 7.869597e+04 6.277707e+00 2.011967e-02 3.587008e-03
1.467791e+01 9.232877e-01 1.008367e+00 8.296449e+04 6.540950e+00 1.209307e-02 3.823519e-03
1.525214e+01 9.408892e-01 1.006419e+00 9.000262e+04 7.143828e+00 4.612565e-03 4.016638e-03
1.584884e+01 9.818620e-01 1.008187e+00 1.023217e+05 8.132499e+00 6.125212e-03 4.077196e-03
1.646888e+01 1.042729e+00 1.010347e+00 1.185367e+05 9.420699e+00 1.416659e-02 4.048705e-03
1.711318e+01 1.100010e+00 1.007730e+00 1.326923e+05 1.051632e+01 1.546597e-02 3.891468e-03
1.778269e+01 1.059702e+00 1.012867e+00 1.291436e+05 1.019610e+01 1.935160e-02 4.109502e-03
1.847839e+01 1.020699e+00 1.012684e+00 1.238455e+05 9.789939e+00 1.362276e-02 4.231215e-03
1.920130e+01 9.853508e-01 1.014398e+00 1.202080e+05 9.627919e+00 3.866553e-03 4.358172e-03
1.995250e+01 9.578320e-01 1.006621e+00 1.174431e+05 9.312473e+00 2.090931e-04 4.477382e-03
2.073309e+01 9.444168e-01 9.991212e-01 1.174066e+05 9.410194e+00 1.507652e-02 4.628539e-03
2.154421e+01 9.578824e-01 9.980459e-01 1.254535e+05 1.002612e+01 -1.557112e-03 4.875064e-03
2.238707e+01 1.002880e+00 9.981081e-01 1.426601e+05 1.129586e+01 -1.557767e-03 4.990935e-03
2.326291e+01 1.071629e+00 9.951007e-01 1.655984e+05 1.310354e+01 1.304626e-02 4.872084e-03
2.417300e+01 1.038842e+00 9.971326e-01 1.619502e+05 1.288264e+01 1.400566e-02 5.050421e-03
2.511870e+01 1.001458e+00 1.003369e+00 1.580768e+05 1.230809e+01 -5.050719e-03 5.284190e-03
2.610140e+01 9.708990e-01 1.006776e+00 1.552885e+05 1.225397e+01 -2.251923e-03 5.502105e-03
2.712255e+01 9.582279e-01 1.003469e+00 1.571812e+05 1.261271e+01 9.793520e-03 5.714655e-03
2.818365e+01 9.800525e-01 1.001555e+00 1.710526e+05 1.368096e+01 7.417321e-03 6.029963e-03
2.928625e+01 1.040505e+00 1.006648e+00 2.007262e+05 1.600462e+01 -8.616507e-03 6.098151e-03
3.043200e+01 1.032494e+00 1.005980e+00 2.049653e+05 1.594223e+01 -2.132678e-02 6.231666e-03
3.162257e+01 9.951051e-01 1.002439e+00 1.974977e+05 1.612590e+01 -2.014536e-02 6.425261e-03
3.285971e+01 9.692563e-01 9.924515e-01 1.919373e+05 1.527251e+01 -2.456349e-02 6.614685e-03
3.414526e+01 9.745226e-01 1.002019e+00 2.053629e+05 1.631370e+01 -2.408719e-02 7.107377e-03
3.548110e+01 1.028585e+00 1.002808e+00 2.383177e+05 1.903907e+01 -4.573464e-03 7.223129e-03
3.686920e+01 1.022050e+00 1.003544e+00 2.422736e+05 1.953181e+01 -1.631320e-03 7.326841e-03
3.831161e+01 9.870096e-01 1.008091e+00 2.356042e+05 1.857752e+01 -6.986260e-04 7.644653e-03
3.981045e+01 9.710382e-01 1.007046e+00 2.372837e+05 1.884681e+01 -1.558334e-02 7.998586e-03
4.136792e+01 1.006898e+00 1.007261e+00 2.674239e+05 2.126565e+01 -1.626271e-02 8.324742e-03
4.298633e+01 1.022748e+00 1.010198e+00 2.836382e+05 2.230652e+01 -2.313727e-02 8.016706e-03
4.466805e+01 9.878829e-01 1.003100e+00 2.735299e+05 2.219511e+01 -2.072442e-02 8.758307e-03
4.641557e+01 9.780561e-01 9.963276e-01 2.790485e+05 2.221771e+01 -2.208525e-02 9.132266e-03
4.823145e+01 1.029617e+00 1.003402e+00 3.215978e+05 2.559148e+01 -9.910464e-03 9.416580e-03
5.011837e+01 1.003977e+00 1.000250e+00 3.169715e+05 2.491698e+01 5.971193e-04 9.755611e-03
5.207912e+01 9.789915e-01 1.001861e+00 3.157117e+05 2.516876e+01 -8.401811e-03 1.017690e-02
5.411657e+01 1.012598e+00 1.001822e+00 3.517899e+05 2.804819e+01 -2.279401e-03 1.069093e-02
5.623373e+01 1.006545e+00 9.906551e-01 3.536384e+05 2.863707e+01 9.141326e-03 1.117313e-02
5.843372e+01 9.802712e-01 9.933568e-01 3.500763e+05 2.789254e+01 -6.259918e-03 1.113069e-02
6.071978e+01 1.019787e+00 9.929196e-01 3.925123e+05 3.132328e+01 -3.046453e-03 1.149118e-02
6.309528e+01 9.971684e-01 9.899106e-01 3.871148e+05 3.123384e+01 -4.896522e-04 1.168919e-02
6.556371e+01 9.870085e-01 9.956127e-01 3.981438e+05 3.164128e+01 9.091258e-03 1.238906e-02
6.812871e+01 1.015651e+00 9.961619e-01 4.376705e+05 3.427847e+01 -5.492508e-03 1.280570e-02
7.079406e+01 9.846099e-01 9.960147e-01 4.275050e+05 3.407634e+01 -1.770496e-03 1.323783e-02
7.356368e+01 1.023309e+00 9.936523e-01 4.766868e+05 3.905089e+01 -4.378676e-03 1.377463e-02
7.644166e+01 9.895253e-01 9.934548e-01 4.613788e+05 3.605655e+01 3.338099e-03 1.404464e-02
7.943223e+01 1.010629e+00 9.911408e-01 5.028234e+05 4.033782e+01 2.247453e-03 1.472330e-02
8.253980e+01 9.907337e-01 9.929952e-01 5.040691e+05 4.010068e+01 -9.538233e-03 1.527488e-02
8.576894e+01 1.011637e+00 9.992202e-01 5.478678e+05 4.321407e+01 -9.502947e-03 1.594186e-02
8.912442e+01 9.896581e-01 1.001199e+00 5.449089e+05 4.344866e+01 5.511284e-03 1.636899e-02
9.261117e+01 1.017942e+00 1.001630e+00 5.985371e+05 4.900635e+01 -1.215184e-02 1.733148e-02
9.623433e+01 9.876848e-01 9.904176e-01 5.811589e+05 4.580798e+01 -6.696403e-03 1.769888e-02
