#./overdamped_3d --dev=0 --amp=40.0 --omega=1.0 --force=0 --Dg=0.01 --block=256 --paths=262144 --periods=1000 --trans=100 --samples=100 --spp=500 --algorithm=euler --pav=1 --mode=moments --domain=1d --domainx=p:-3:2:300:1 --domainy=a:0:10:100:0 --domainz=D:-6:-1:100:1 --q=2 --eps=0 --phi=1.57079632679 --lambda=30.0 --zeta=0 --comp=0 --mean=1.0 --second=0.1 --skew=0.99 --distribution=s>> journal_3_s_0.1_p:-3:2:300:1_1.0_0.99_40.0.dat
#p <<v>> qnu(q) mu_q Dx Gx EBx
1.000000e-03 1.942756e+00 1.077764e+00 5.557460e+05 4.361864e+01 -3.160703e-02 4.912615e-04
1.039122e-03 1.946059e+00 9.886628e-01 4.340334e+05 3.410245e+01 3.407359e-02 4.719496e-04
1.079775e-03 1.939641e+00 1.053092e+00 4.556100e+05 3.645157e+01 -1.740044e-02 4.930496e-04
1.122018e-03 1.938939e+00 9.377878e-01 3.760252e+05 3.009047e+01 1.965582e-02 5.114079e-04
1.165914e-03 1.942707e+00 9.566339e-01 3.659601e+05 2.884906e+01 -1.192266e-02 5.253553e-04
1.211527e-03 1.936217e+00 9.839787e-01 3.507166e+05 2.777827e+01 -5.896407e-02 4.786253e-04
1.258925e-03 1.928209e+00 1.022446e+00 3.513662e+05 2.789413e+01 4.796147e-02 4.788637e-04
1.308177e-03 1.908607e+00 9.818360e-01 2.986561e+05 2.348872e+01 7.627439e-02 5.025864e-04
1.359356e-03 1.894488e+00 1.036400e+00 3.188686e+05 2.499114e+01 6.203890e-03 5.673170e-04
1.412537e-03 1.862470e+00 1.013545e+00 2.802572e+05 2.135732e+01 1.390622e-01 5.040169e-04
1.467799e-03 1.841523e+00 1.043287e+00 2.684023e+05 2.174948e+01 4.745090e-02 5.575418e-04
1.525222e-03 1.807703e+00 1.013493e+00 2.440434e+05 1.899928e+01 -2.464885e-02 5.687475e-04
1.584893e-03 1.776664e+00 1.010311e+00 2.166701e+05 1.707860e+01 -7.420480e-02 5.662441e-04
1.646897e-03 1.733380e+00 1.006438e+00 1.979797e+05 1.610393e+01 -8.571863e-03 5.789995e-04
1.711327e-03 1.681047e+00 1.008763e+00 1.866855e+05 1.532471e+01 -8.710027e-03 5.773306e-04
1.778278e-03 1.636855e+00 9.741832e-01 1.597339e+05 1.277378e+01 -4.179788e-02 5.857944e-04
1.847849e-03 1.582845e+00 9.637210e-01 1.384351e+05 1.102307e+01 9.178042e-03 6.289482e-04
1.920141e-03 1.528821e+00 1.034685e+00 1.450487e+05 1.191243e+01 -2.945840e-03 6.232262e-04
1.995261e-03 1.475391e+00 1.057274e+00 1.349226e+05 1.064556e+01 -4.022419e-03 7.035732e-04
2.073320e-03 1.406418e+00 9.669550e-01 1.101631e+05 8.981431e+00 -4.530507e-02 7.379055e-04
2.154433e-03 1.347464e+00 1.063421e+00 1.142627e+05 9.123398e+00 -4.030621e-02 7.596016e-04
2.238719e-03 1.280510e+00 9.845379e-01 8.959680e+04 7.265741e+00 7.211089e-02 7.611513e-04
2.326303e-03 1.218926e+00 9.677157e-01 8.126317e+04 6.610660e+00 5.399525e-02 8.318424e-04
2.417313e-03 1.146318e+00 9.675529e-01 7.024523e+04 5.751223e+00 -9.802282e-03 9.111166e-04
2.511884e-03 1.080355e+00 1.001791e+00 6.546646e+04 5.202456e+00 -1.218885e-02 8.574724e-04
2.610155e-03 1.008105e+00 9.968663e-01 5.804407e+04 4.672471e+00 1.992416e-02 1.017332e-03
2.712270e-03 9.423304e-01 1.017401e+00 5.649508e+04 4.455702e+00 -2.555734e-02 1.036882e-03
2.818380e-03 8.776510e-01 9.710741e-01 4.893880e+04 3.997972e+00 -1.932484e-02 1.110792e-03
2.928642e-03 8.109102e-01 1.022585e+00 4.576771e+04 3.711334e+00 6.044853e-02 1.247883e-03
3.043217e-03 7.493790e-01 9.980373e-01 4.005189e+04 3.110206e+00 -3.432536e-02 1.354098e-03
3.162274e-03 6.882916e-01 1.030765e+00 3.747105e+04 2.899166e+00 -3.648740e-02 1.404285e-03
3.285990e-03 6.290464e-01 9.964505e-01 3.084010e+04 2.432604e+00 -3.460848e-02 1.508713e-03
3.414545e-03 5.722885e-01 1.004168e+00 2.710602e+04 2.202863e+00 9.526491e-03 1.520276e-03
3.548130e-03 5.199903e-01 9.970687e-01 2.392146e+04 1.922433e+00 -5.452269e-02 1.598716e-03
3.686941e-03 4.709853e-01 9.562489e-01 2.023177e+04 1.575475e+00 -1.357883e-02 1.736403e-03
3.831182e-03 4.248121e-01 1.026850e+00 1.982879e+04 1.453204e+00 -2.875948e-02 1.957178e-03
3.981066e-03 3.823639e-01 1.030776e+00 1.724922e+04 1.355801e+00 -7.297164e-02 2.088666e-03
4.136815e-03 3.413135e-01 1.011695e+00 1.473263e+04 1.168277e+00 1.627290e-02 2.114534e-03
4.298656e-03 3.058686e-01 1.018166e+00 1.318699e+04 1.034209e+00 -4.466122e-02 2.352357e-03
4.466829e-03 2.729208e-01 1.016787e+00 1.222092e+04 9.853282e-01 1.650119e-02 2.655625e-03
4.641582e-03 2.421044e-01 9.666890e-01 9.513117e+03 7.259256e-01 -3.640318e-02 2.615452e-03
4.823171e-03 2.147394e-01 9.853758e-01 8.487259e+03 6.909910e-01 -1.251352e-02 2.800107e-03
5.011864e-03 1.897615e-01 1.009477e+00 7.898792e+03 6.284432e-01 5.056739e-03 3.028750e-03
5.207940e-03 1.679137e-01 9.751757e-01 6.748140e+03 5.427184e-01 -3.498232e-02 3.179312e-03
5.411686e-03 1.476764e-01 1.004725e+00 6.098446e+03 4.816476e-01 -1.797599e-02 3.492117e-03
5.623404e-03 1.292626e-01 9.869165e-01 4.976723e+03 3.918394e-01 -4.223520e-02 3.363013e-03
5.843404e-03 1.138840e-01 1.000605e+00 4.613655e+03 3.630797e-01 -6.588608e-02 3.708959e-03
6.072011e-03 9.971789e-02 9.970657e-01 4.049181e+03 3.186953e-01 1.116693e-02 3.952384e-03
6.309562e-03 8.740172e-02 1.043822e+00 3.670037e+03 2.933897e-01 7.504678e-02 4.161000e-03
6.556407e-03 7.578508e-02 9.961424e-01 2.964708e+03 2.363749e-01 -1.747346e-02 4.171371e-03
6.812908e-03 6.609536e-02 9.715046e-01 2.548009e+03 2.031302e-01 -2.001143e-02 4.278064e-03
7.079445e-03 5.767763e-02 1.027797e+00 2.447490e+03 1.975399e-01 1.924121e-02 4.846215e-03
7.356409e-03 5.048013e-02 1.001438e+00 2.073844e+03 1.681416e-01 -1.029432e-02 4.801393e-03
7.644208e-03 4.378571e-02 9.821503e-01 1.771512e+03 1.414608e-01 4.600191e-02 4.790425e-03
7.943267e-03 3.821061e-02 9.818581e-01 1.545239e+03 1.230582e-01 2.420509e-02 4.936695e-03
8.254025e-03 3.320469e-02 9.948144e-01 1.336779e+03 1.068831e-01 -1.867807e-02 4.962683e-03
8.576942e-03 2.904978e-02 9.780494e-01 1.142547e+03 9.097010e-02 -9.297192e-03 4.918456e-03
8.912491e-03 2.498775e-02 9.598128e-01 9.684991e+02 7.700706e-02 -1.689488e-02 4.914880e-03
9.261168e-03 2.161513e-02 9.918640e-01 8.725682e+02 6.953222e-02 5.822778e-03 5.084634e-03
9.623486e-03 1.879789e-02 9.790226e-01 7.675182e+02 6.097437e-02 -2.327782e-02 5.156517e-03
9.999978e-03 1.626839e-02 9.905225e-01 6.787245e+02 5.391249e-02 -2.187300e-02 5.253077e-03
1.039120e-02 1.420748e-02 9.660730e-01 5.700093e+02 4.527810e-02 -2.422285e-02 5.057335e-03
1.079773e-02 1.236980e-02 9.280446e-01 4.707961e+02 3.741886e-02 -2.495754e-02 4.764557e-03
1.122016e-02 1.059945e-02 9.482304e-01 4.175924e+02 3.319830e-02 -1.706362e-03 4.920244e-03
1.165912e-02 9.055628e-03 9.722731e-01 3.771956e+02 3.002011e-02 6.074548e-03 4.988790e-03
1.211525e-02 7.893870e-03 9.630732e-01 3.297177e+02 2.624273e-02 8.959866e-02 4.913807e-03
1.258922e-02 6.880575e-03 9.137900e-01 2.719672e+02 2.164276e-02 5.952895e-02 4.615664e-03
1.308174e-02 6.005486e-03 9.395682e-01 2.476371e+02 1.969673e-02 1.385746e-01 4.684210e-03
1.359353e-02 5.266549e-03 9.314890e-01 2.180500e+02 1.734635e-02 9.867108e-02 4.671097e-03
1.412534e-02 4.561451e-03 8.979968e-01 1.850785e+02 1.472765e-02 7.129645e-02 4.506826e-03
1.467795e-02 3.983989e-03 9.005581e-01 1.660244e+02 1.321136e-02 1.537520e-01 4.440427e-03
1.525219e-02 3.397777e-03 8.692948e-01 1.395750e+02 1.110794e-02 6.962347e-02 4.252076e-03
1.584889e-02 2.960772e-03 8.683321e-01 1.261129e+02 1.003415e-02 3.783774e-02 4.221201e-03
1.646893e-02 2.577991e-03 8.697770e-01 1.128059e+02 8.976058e-03 1.248659e-01 4.189849e-03
1.711324e-02 2.232882e-03 8.148407e-01 9.273836e+01 7.377435e-03 1.240897e-01 3.958344e-03
1.778275e-02 1.936195e-03 8.124700e-01 8.261636e+01 6.572815e-03 1.191462e-01 3.913283e-03
1.847845e-02 1.690428e-03 8.001737e-01 7.592818e+01 6.044918e-03 2.196977e-01 3.925681e-03
1.920136e-02 1.505046e-03 7.523565e-01 6.541996e+01 5.208895e-03 2.014226e-01 3.782749e-03
1.995257e-02 1.314444e-03 7.316875e-01 5.748378e+01 4.576948e-03 1.780678e-01 3.660321e-03
2.073316e-02 1.170301e-03 7.035974e-01 5.121862e+01 4.077833e-03 1.374329e-01 3.641605e-03
2.154428e-02 1.021410e-03 7.035581e-01 4.748209e+01 3.779436e-03 1.767199e-01 3.618121e-03
2.238715e-02 9.128120e-04 6.760818e-01 4.319407e+01 3.436599e-03 1.864241e-01 3.614306e-03
2.326298e-02 7.971161e-04 6.452798e-01 3.920500e+01 3.119815e-03 2.596927e-01 3.577948e-03
2.417308e-02 7.167339e-04 6.218096e-01 3.541121e+01 2.816653e-03 2.185280e-01 3.594756e-03
2.511879e-02 6.152078e-04 5.963884e-01 3.172349e+01 2.523209e-03 2.688707e-01 3.463745e-03
2.610149e-02 5.441878e-04 5.678943e-01 2.888834e+01 2.297450e-03 3.776853e-01 3.454328e-03
2.712264e-02 4.699457e-04 5.418515e-01 2.621023e+01 2.084612e-03 4.044719e-01 3.434539e-03
2.818374e-02 4.216586e-04 5.146767e-01 2.419066e+01 1.924135e-03 3.470858e-01 3.411293e-03
2.928635e-02 3.664030e-04 4.884977e-01 2.215029e+01 1.761865e-03 3.751531e-01 3.388286e-03
3.043210e-02 3.344644e-04 4.690050e-01 2.096711e+01 1.667789e-03 3.630633e-01 3.410935e-03
3.162267e-02 3.080946e-04 4.428235e-01 1.963043e+01 1.561467e-03 3.239964e-01 3.449559e-03
3.285982e-02 2.708470e-04 4.133947e-01 1.829725e+01 1.455478e-03 4.139091e-01 3.472567e-03
3.414537e-02 2.366978e-04 3.841297e-01 1.695546e+01 1.348991e-03 4.354088e-01 3.455877e-03
3.548122e-02 2.071255e-04 3.607417e-01 1.595054e+01 1.269130e-03 5.094696e-01 3.472567e-03
3.686932e-02 1.887101e-04 3.339178e-01 1.496336e+01 1.190764e-03 4.063351e-01 3.499508e-03
3.831173e-02 1.664365e-04 3.149808e-01 1.423655e+01 1.133143e-03 4.606640e-01 3.535867e-03
3.981058e-02 1.394422e-04 2.769089e-01 1.306419e+01 1.039953e-03 4.233426e-01 3.495097e-03
4.136806e-02 1.286167e-04 2.589240e-01 1.265157e+01 1.007213e-03 3.681285e-01 3.577709e-03
4.298647e-02 1.160555e-04 2.427084e-01 1.216763e+01 9.685879e-04 3.394756e-01 3.658652e-03
4.466820e-02 1.087464e-04 2.357415e-01 1.196636e+01 9.525721e-04 3.576950e-01 3.689051e-03
4.641572e-02 9.989894e-05 2.243153e-01 1.159899e+01 9.233005e-04 3.958281e-01 3.785729e-03
4.823161e-02 8.965201e-05 2.023732e-01 1.111206e+01 8.846156e-04 3.468753e-01 3.848553e-03
5.011854e-02 8.167422e-05 1.876410e-01 1.074858e+01 8.556723e-04 2.791847e-01 3.885746e-03
5.207929e-02 7.218431e-05 1.749852e-01 1.046721e+01 8.332984e-04 3.060083e-01 3.925323e-03
5.411675e-02 6.062518e-05 1.502799e-01 9.970454e+00 7.937787e-04 2.614490e-01 3.953338e-03
5.623392e-02 5.826814e-05 1.411636e-01 9.793015e+00 7.796681e-04 1.954987e-01 4.086971e-03
5.843392e-02 5.185543e-05 1.244950e-01 9.567669e+00 7.616990e-04 1.171585e-01 4.154682e-03
6.071998e-02 4.423007e-05 1.073118e-01 9.199135e+00 7.324101e-04 7.871354e-02 4.210949e-03
6.309549e-02 4.111538e-05 1.041571e-01 9.127928e+00 7.267526e-04 8.485770e-02 4.306436e-03
6.556392e-02 3.766723e-05 9.347426e-02 8.952971e+00 7.127888e-04 4.152346e-02 4.431486e-03
6.812894e-02 3.585171e-05 8.993487e-02 8.888697e+00 7.076839e-04 3.152907e-02 4.535913e-03
7.079429e-02 3.426845e-05 8.827614e-02 8.869912e+00 7.061995e-04 2.726972e-02 4.665375e-03
7.356393e-02 3.049376e-05 7.896470e-02 8.685008e+00 6.914392e-04 2.859831e-03 4.801512e-03
7.644191e-02 2.995038e-05 8.116169e-02 8.713513e+00 6.937621e-04 4.751909e-02 5.053878e-03
7.943249e-02 2.864244e-05 7.790308e-02 8.680326e+00 6.911348e-04 4.861259e-02 5.201697e-03
8.254007e-02 2.827728e-05 7.616630e-02 8.637965e+00 6.877622e-04 3.411269e-02 5.346894e-03
8.576923e-02 2.578489e-05 6.523861e-02 8.517299e+00 6.781996e-04 -3.747332e-02 5.481720e-03
8.912471e-02 2.316096e-05 5.972831e-02 8.431528e+00 6.713106e-04 -4.905999e-02 5.620718e-03
9.261147e-02 2.123417e-05 5.579267e-02 8.359728e+00 6.657051e-04 -5.835056e-02 5.792260e-03
9.623464e-02 2.036547e-05 5.314254e-02 8.290363e+00 6.602228e-04 -6.285107e-02 5.979419e-03
9.999956e-02 1.836701e-05 4.881890e-02 8.252663e+00 6.570951e-04 -7.342362e-02 6.145597e-03
1.039118e-01 1.613598e-05 4.256816e-02 8.093135e+00 6.445285e-04 -1.029385e-01 6.327868e-03
1.079770e-01 1.663374e-05 4.455594e-02 8.149879e+00 6.490392e-04 -8.917582e-02 6.497860e-03
1.122013e-01 1.785074e-05 4.818486e-02 8.184325e+00 6.517565e-04 -6.711340e-02 6.795406e-03
1.165909e-01 1.694022e-05 4.519436e-02 8.147499e+00 6.488621e-04 -8.442169e-02 7.063627e-03
1.211522e-01 1.641493e-05 4.384663e-02 8.152431e+00 6.492165e-04 -9.109789e-02 7.225394e-03
1.258920e-01 1.533580e-05 4.093871e-02 8.130385e+00 6.475020e-04 -9.865844e-02 7.434368e-03
1.308171e-01 1.368184e-05 3.686074e-02 8.018157e+00 6.384471e-04 -1.122401e-01 7.538438e-03
1.359350e-01 1.290767e-05 3.629059e-02 8.024428e+00 6.389389e-04 -1.012000e-01 7.853031e-03
1.412531e-01 1.302429e-05 3.796897e-02 8.025680e+00 6.390684e-04 -8.491462e-02 8.147001e-03
1.467792e-01 1.236264e-05 3.341423e-02 7.975730e+00 6.351055e-04 -1.279771e-01 8.383155e-03
1.525216e-01 1.280842e-05 3.536889e-02 7.982399e+00 6.356723e-04 -1.068377e-01 8.640647e-03
1.584886e-01 1.190177e-05 3.220333e-02 7.964156e+00 6.342034e-04 -1.261818e-01 8.857012e-03
1.646890e-01 1.267063e-05 3.621357e-02 7.997876e+00 6.369326e-04 -9.577817e-02 9.201527e-03
1.711320e-01 1.132319e-05 3.168617e-02 7.939238e+00 6.323847e-04 -1.056384e-01 9.400487e-03
1.778271e-01 1.111031e-05 3.075123e-02 7.928409e+00 6.314481e-04 -1.253670e-01 9.618402e-03
1.847841e-01 1.023297e-05 2.793723e-02 7.914123e+00 6.303386e-04 -1.396524e-01 9.822488e-03
1.920132e-01 9.757684e-06 2.733237e-02 7.873782e+00 6.272382e-04 -1.357605e-01 1.005542e-02
1.995252e-01 8.441355e-06 2.479433e-02 7.831597e+00 6.236667e-04 -1.469520e-01 1.027250e-02
2.073311e-01 9.808025e-06 2.688238e-02 7.861933e+00 6.262509e-04 -1.415261e-01 1.061189e-02
2.154424e-01 8.266089e-06 2.426497e-02 7.789545e+00 6.203355e-04 -1.388517e-01 1.068556e-02
2.238710e-01 9.412971e-06 2.622575e-02 7.862977e+00 6.263920e-04 -1.450692e-01 1.103771e-02
2.326293e-01 1.099163e-05 3.013244e-02 7.908645e+00 6.300159e-04 -1.306651e-01 1.138854e-02
2.417303e-01 1.164379e-05 3.279449e-02 7.976602e+00 6.352658e-04 -1.242002e-01 1.164389e-02
2.511873e-01 1.294823e-05 3.451313e-02 7.988489e+00 6.361733e-04 -1.215633e-01 1.205361e-02
2.610143e-01 1.448536e-05 4.055373e-02 8.034176e+00 6.397986e-04 -8.727133e-02 1.239300e-02
2.712258e-01 1.618902e-05 4.298647e-02 8.141178e+00 6.484607e-04 -1.005767e-01 1.277328e-02
2.818368e-01 1.697391e-05 4.581158e-02 8.146554e+00 6.489635e-04 -7.716173e-02 1.317513e-02
2.928629e-01 1.935979e-05 5.398393e-02 8.242031e+00 6.564140e-04 -3.361607e-02 1.362801e-02
3.043203e-01 1.964451e-05 5.683415e-02 8.302639e+00 6.611969e-04 8.513927e-03 1.388502e-02
3.162260e-01 2.103239e-05 5.877553e-02 8.379306e+00 6.675052e-04 1.288784e-02 1.419532e-02
3.285975e-01 1.984899e-05 5.491358e-02 8.303144e+00 6.614020e-04 -3.196090e-02 1.396775e-02
3.414530e-01 2.373107e-05 6.433919e-02 8.462839e+00 6.739686e-04 -6.822646e-03 1.456630e-02
3.548115e-01 2.290580e-05 6.136369e-02 8.387816e+00 6.681517e-04 -1.621789e-02 1.454234e-02
3.686925e-01 2.552969e-05 6.968548e-02 8.500205e+00 6.769560e-04 9.842634e-03 1.496029e-02
3.831166e-01 2.745239e-05 7.558341e-02 8.614577e+00 6.861492e-04 4.983842e-02 1.500154e-02
3.981051e-01 2.873064e-05 7.723881e-02 8.664786e+00 6.901505e-04 4.354548e-02 1.529217e-02
4.136799e-01 3.110228e-05 8.145137e-02 8.721985e+00 6.946273e-04 3.599763e-02 1.542997e-02
4.298640e-01 3.518374e-05 8.712927e-02 8.879648e+00 7.072633e-04 2.326822e-02 1.588821e-02
4.466813e-01 4.004477e-05 1.040939e-01 9.103174e+00 7.250824e-04 1.024004e-01 1.634407e-02
4.641565e-01 4.502149e-05 1.159235e-01 9.315799e+00 7.419858e-04 1.658691e-01 1.678479e-02
4.823154e-01 4.766266e-05 1.212178e-01 9.421314e+00 7.504585e-04 2.163526e-01 1.690686e-02
5.011847e-01 5.520404e-05 1.399433e-01 9.778636e+00 7.789122e-04 2.297031e-01 1.745117e-02
5.207922e-01 6.668563e-05 1.605972e-01 1.014737e+01 8.082839e-04 2.880850e-01 1.815426e-02
5.411668e-01 7.585318e-05 1.762687e-01 1.053132e+01 8.388764e-04 2.983308e-01 1.848018e-02
5.623385e-01 8.839522e-05 1.961944e-01 1.098015e+01 8.745778e-04 3.524786e-01 1.910472e-02
5.843385e-01 1.004344e-04 2.130795e-01 1.139936e+01 9.077759e-04 2.451673e-01 1.959312e-02
6.071991e-01 1.122609e-04 2.304480e-01 1.185837e+01 9.446041e-04 2.933946e-01 2.004015e-02
6.309542e-01 1.300882e-04 2.564454e-01 1.256357e+01 1.000781e-03 2.869724e-01 2.049327e-02
6.556386e-01 1.531444e-04 2.875030e-01 1.354866e+01 1.078457e-03 3.020958e-01 2.154899e-02
6.812887e-01 1.824168e-04 3.176368e-01 1.449472e+01 1.153672e-03 2.644923e-01 2.232170e-02
7.079422e-01 2.144865e-04 3.539545e-01 1.579675e+01 1.256093e-03 2.985302e-01 2.327859e-02
7.356386e-01 2.597706e-04 3.984703e-01 1.768725e+01 1.406180e-03 3.152810e-01 2.460253e-02
7.644184e-01 3.083828e-04 4.408864e-01 1.962056e+01 1.558727e-03 3.429946e-01 2.575457e-02
7.943242e-01 3.652777e-04 4.731617e-01 2.167211e+01 1.721511e-03 3.063000e-01 2.695858e-02
8.254001e-01 4.359792e-04 5.144397e-01 2.436511e+01 1.934959e-03 2.838160e-01 2.814674e-02
8.576916e-01 5.438075e-04 5.672178e-01 2.889857e+01 2.295244e-03 2.358563e-01 3.018057e-02
8.912464e-01 6.618131e-04 6.217996e-01 3.407056e+01 2.705887e-03 2.669934e-01 3.218269e-02
9.261141e-01 8.195500e-04 6.643535e-01 4.058828e+01 3.227673e-03 3.223392e-01 3.391314e-02
9.623458e-01 1.028842e-03 7.274988e-01 4.973804e+01 3.963469e-03 2.659262e-01 3.650117e-02
9.999950e-01 1.243156e-03 7.544196e-01 5.803786e+01 4.619741e-03 3.559535e-01 3.755498e-02
1.039117e+00 1.532650e-03 7.759518e-01 6.864705e+01 5.457815e-03 3.119279e-01 3.833008e-02
1.079770e+00 1.919154e-03 8.074874e-01 8.287171e+01 6.582463e-03 1.618739e-01 3.938615e-02
1.122013e+00 2.379948e-03 8.340877e-01 1.010765e+02 8.023630e-03 1.266552e-01 4.033005e-02
1.165909e+00 2.970596e-03 8.711668e-01 1.269841e+02 1.009328e-02 1.115557e-01 4.141951e-02
1.211522e+00 3.721840e-03 9.062349e-01 1.597100e+02 1.272545e-02 8.195794e-02 4.194403e-02
1.258919e+00 4.620983e-03 9.228955e-01 1.953815e+02 1.553715e-02 3.985286e-02 4.145503e-02
1.308171e+00 5.784302e-03 9.337699e-01 2.400573e+02 1.903125e-02 6.954026e-02 4.002357e-02
1.359350e+00 7.165715e-03 9.487338e-01 2.989217e+02 2.368990e-02 4.139185e-02 3.874135e-02
1.412530e+00 8.893467e-03 9.520420e-01 3.672251e+02 2.912528e-02 5.761683e-02 3.661716e-02
1.467792e+00 1.093686e-02 9.533122e-01 4.411062e+02 3.483512e-02 1.515639e-02 3.368211e-02
1.525215e+00 1.346487e-02 9.646334e-01 5.493035e+02 4.366064e-02 1.704895e-02 3.156698e-02
1.584885e+00 1.643641e-02 9.723645e-01 6.699828e+02 5.349657e-02 2.559924e-02 2.895498e-02
1.646890e+00 1.991702e-02 9.754385e-01 8.046122e+02 6.437693e-02 4.029751e-02 2.626812e-02
1.711320e+00 2.399352e-02 9.876305e-01 9.722651e+02 7.740541e-02 -2.054989e-03 2.391434e-02
1.778270e+00 2.866453e-02 9.813952e-01 1.148353e+03 9.040653e-02 1.825392e-02 2.141464e-02
1.847840e+00 3.394352e-02 9.825718e-01 1.351757e+03 1.053870e-01 1.974344e-02 1.913893e-02
1.920132e+00 3.988918e-02 9.849332e-01 1.598655e+03 1.212642e-01 6.088018e-03 1.724517e-02
1.995252e+00 4.684676e-02 9.788764e-01 1.850431e+03 1.441807e-01 -1.971531e-02 1.526153e-02
2.073311e+00 5.550617e-02 9.995791e-01 2.246806e+03 1.822610e-01 -2.395463e-02 1.386034e-02
2.154424e+00 6.638088e-02 9.947097e-01 2.653316e+03 2.163202e-01 -2.532899e-03 1.210618e-02
2.238710e+00 8.063433e-02 9.989807e-01 3.237015e+03 2.668233e-01 -3.062916e-02 1.049745e-02
2.326294e+00 1.004563e-01 1.005383e+00 4.048598e+03 3.143434e-01 -7.729948e-03 8.964539e-03
2.417304e+00 1.281869e-01 1.012363e+00 5.217577e+03 4.080782e-01 1.765990e-02 7.556319e-03
2.511874e+00 1.667849e-01 1.001017e+00 6.631154e+03 5.176017e-01 6.909966e-03 6.114721e-03
2.610145e+00 2.208408e-01 1.005662e+00 8.754875e+03 7.699518e-01 4.437447e-03 4.968762e-03
2.712260e+00 2.951822e-01 1.009468e+00 1.178390e+04 8.578252e-01 6.879807e-03 4.047632e-03
2.818370e+00 3.953635e-01 1.017650e+00 1.580757e+04 1.156340e+00 1.750350e-02 3.235221e-03
2.928631e+00 5.275100e-01 1.005642e+00 2.061394e+04 1.717998e+00 -1.372349e-02 2.577186e-03
3.043206e+00 6.952171e-01 1.008429e+00 2.721735e+04 2.182333e+00 -2.026552e-02 2.123833e-03
3.162263e+00 9.005785e-01 9.986250e-01 3.461483e+04 2.754017e+00 -1.771510e-03 1.762271e-03
3.285978e+00 1.141977e+00 1.001362e+00 4.337357e+04 3.832133e+00 -1.075190e-02 1.504540e-03
3.414533e+00 1.410900e+00 9.942263e-01 5.235751e+04 4.167313e+00 -2.023947e-02 1.295328e-03
3.548117e+00 1.677878e+00 9.813108e-01 6.055883e+04 5.056034e+00 -3.289032e-02 1.134157e-03
3.686928e+00 1.671717e+00 9.918964e-01 6.201409e+04 5.812338e+00 -2.333021e-02 1.189828e-03
3.831169e+00 1.616268e+00 9.934031e-01 6.063745e+04 5.397262e+00 -1.705718e-02 1.198173e-03
3.981053e+00 1.560946e+00 9.946367e-01 5.897076e+04 4.562654e+00 -1.383317e-02 1.266003e-03
4.136801e+00 1.506861e+00 9.942479e-01 5.762293e+04 4.282541e+00 -2.495861e-02 1.294136e-03
4.298642e+00 1.453611e+00 1.003640e+00 5.688211e+04 4.754913e+00 -3.546602e-02 1.402259e-03
4.466814e+00 1.402034e+00 9.975240e-01 5.440012e+04 4.357026e+00 -2.972710e-02 1.409411e-03
4.641566e+00 1.351474e+00 9.999790e-01 5.288367e+04 4.611037e+00 -3.333688e-02 1.461267e-03
4.823155e+00 1.302269e+00 1.003304e+00 5.118729e+04 4.092828e+00 -2.707249e-02 1.512527e-03
5.011847e+00 1.254106e+00 9.988725e-01 4.911339e+04 3.830223e+00 -2.945977e-02 1.556754e-03
5.207922e+00 1.206820e+00 1.002093e+00 4.755122e+04 3.958502e+00 -2.892929e-02 1.607537e-03
5.411668e+00 1.161115e+00 1.001363e+00 4.558129e+04 3.955955e+00 -3.250903e-02 1.646399e-03
5.623384e+00 1.117368e+00 1.001080e+00 4.389109e+04 3.789479e+00 -2.318555e-02 1.662135e-03
5.843384e+00 1.075375e+00 9.955834e-01 4.187148e+04 3.252809e+00 -2.705210e-02 1.716495e-03
6.071990e+00 1.034902e+00 9.932659e-01 4.041582e+04 2.991476e+00 -3.295302e-02 1.735926e-03
6.309541e+00 9.957264e-01 9.933392e-01 3.892105e+04 3.095245e+00 -3.300363e-02 1.785278e-03
6.556384e+00 9.579498e-01 9.919036e-01 3.740254e+04 3.048135e+00 -3.275877e-02 1.856923e-03
6.812885e+00 9.216985e-01 9.986246e-01 3.652356e+04 2.884842e+00 -2.953613e-02 1.935959e-03
7.079421e+00 8.870240e-01 9.976209e-01 3.510917e+04 2.874020e+00 -2.310079e-02 2.006650e-03
7.356383e+00 8.538942e-01 9.996492e-01 3.391914e+04 2.899803e+00 -2.032346e-02 2.040863e-03
7.644182e+00 8.219141e-01 1.009341e+00 3.292639e+04 2.886275e+00 -2.058911e-02 2.122283e-03
7.943239e+00 7.916467e-01 1.007078e+00 3.182352e+04 2.554118e+00 -1.708376e-02 2.214313e-03
8.253997e+00 7.647595e-01 1.002168e+00 3.089391e+04 2.413266e+00 -2.578014e-02 2.423644e-03
8.576912e+00 7.472957e-01 1.001138e+00 3.113042e+04 2.457670e+00 -1.187408e-02 2.689481e-03
8.912460e+00 7.630330e-01 1.001839e+00 3.509698e+04 2.720594e+00 -4.559994e-03 3.147006e-03
9.261136e+00 8.629566e-01 9.901355e-01 4.812359e+04 3.968847e+00 -3.554285e-03 3.126025e-03
9.623452e+00 1.091940e+00 9.941188e-01 7.676117e+04 6.145609e+00 1.276493e-03 2.707481e-03
9.999944e+00 1.252159e+00 9.959658e-01 9.729016e+04 7.737476e+00 5.235314e-03 2.437234e-03
1.039117e+01 1.206844e+00 9.941569e-01 9.457980e+04 7.758803e+00 1.422369e-02 2.576947e-03
1.079769e+01 1.162787e+00 9.950042e-01 9.110006e+04 7.582459e+00 1.094377e-02 2.649069e-03
1.122012e+01 1.119932e+00 9.951375e-01 8.846367e+04 7.218313e+00 -9.233356e-04 2.759337e-03
1.165908e+01 1.077621e+00 1.000257e+00 8.560256e+04 6.952206e+00 2.568555e-02 2.849936e-03
1.211521e+01 1.036948e+00 9.978335e-01 8.222991e+04 6.450550e+00 2.672827e-02 2.864599e-03
1.258918e+01 9.980506e-01 9.933041e-01 7.879173e+04 5.962899e+00 2.845740e-02 3.105521e-03
1.308170e+01 9.603110e-01 9.946635e-01 7.561328e+04 5.821251e+00 2.117801e-02 3.038168e-03
1.359348e+01 9.244237e-01 9.991599e-01 7.339245e+04 5.571378e+00 2.038908e-02 3.198385e-03
1.412529e+01 8.897587e-01 1.004673e+00 7.163945e+04 5.603527e+00 2.485108e-02 3.368855e-03
1.467791e+01 8.593380e-01 1.008145e+00 6.991162e+04 5.713185e+00 1.890111e-02 3.548384e-03
1.525214e+01 8.648029e-01 1.008785e+00 7.532317e+04 6.171073e+00 1.077533e-02 3.981113e-03
1.584884e+01 1.029385e+00 1.006220e+00 1.109697e+05 8.806680e+00 4.147410e-03 3.943086e-03
1.646888e+01 1.143137e+00 1.012306e+00 1.391391e+05 1.141937e+01 3.570795e-02 3.827810e-03
1.711318e+01 1.100723e+00 1.003164e+00 1.316303e+05 1.036353e+01 1.081014e-02 3.858566e-03
1.778269e+01 1.059691e+00 1.018681e+00 1.298102e+05 1.015568e+01 2.487206e-02 4.070163e-03
1.847839e+01 1.019530e+00 1.011968e+00 1.235557e+05 9.816040e+00 1.410842e-02 4.293680e-03
1.920130e+01 9.811590e-01 1.016292e+00 1.192085e+05 9.478313e+00 2.042055e-04 4.345179e-03
1.995250e+01 9.442974e-01 1.011122e+00 1.136675e+05 8.921589e+00 9.929657e-03 4.452348e-03
2.073309e+01 9.090791e-01 1.001619e+00 1.076804e+05 8.562218e+00 1.230013e-02 4.526615e-03
2.154421e+01 9.040717e-01 1.002090e+00 1.118027e+05 8.972360e+00 -4.352510e-03 4.846215e-03
2.238707e+01 1.109070e+00 1.001398e+00 1.721041e+05 1.374398e+01 1.119387e-02 4.721761e-03
2.326291e+01 1.079174e+00 9.974915e-01 1.689152e+05 1.379778e+01 6.346345e-03 4.862547e-03
2.417300e+01 1.038712e+00 1.000320e+00 1.621362e+05 1.301378e+01 7.061124e-03 5.115390e-03
2.511870e+01 9.997423e-01 1.003194e+00 1.575203e+05 1.239371e+01 -1.709402e-03 5.380988e-03
2.610140e+01 9.625356e-01 1.000791e+00 1.508288e+05 1.167402e+01 -1.381397e-02 5.354524e-03
2.712255e+01 9.274206e-01 1.008214e+00 1.476050e+05 1.161258e+01 5.944610e-03 5.672336e-03
2.818365e+01 9.661470e-01 1.004169e+00 1.668513e+05 1.318503e+01 -1.076400e-03 6.016135e-03
2.928625e+01 1.072665e+00 1.007394e+00 2.121505e+05 1.632771e+01 -9.484649e-03 6.045461e-03
3.043200e+01 1.032618e+00 1.007289e+00 2.057063e+05 1.581172e+01 -1.659322e-02 6.277800e-03
3.162257e+01 9.933538e-01 1.002634e+00 1.960298e+05 1.577130e+01 -1.923448e-02 6.400824e-03
3.285971e+01 9.558263e-01 9.960417e-01 1.869202e+05 1.578690e+01 -2.094865e-02 6.610513e-03
3.414526e+01 9.411576e-01 1.001760e+00 1.911821e+05 1.528874e+01 -1.550001e-02 7.003903e-03
3.548110e+01 1.062023e+00 1.007421e+00 2.529729e+05 2.071974e+01 -6.712794e-03 7.115960e-03
3.686920e+01 1.022129e+00 1.005569e+00 2.429249e+05 1.963431e+01 1.066446e-03 7.449627e-03
3.831161e+01 9.837511e-01 1.004369e+00 2.337621e+05 1.883376e+01 -3.642917e-03 7.596374e-03
3.981045e+01 9.474287e-01 1.004500e+00 2.252224e+05 1.789920e+01 -5.613983e-03 7.894874e-03
4.136792e+01 1.062642e+00 1.004873e+00 2.941598e+05 2.287438e+01 -9.611368e-03 8.209586e-03
4.298633e+01 1.022689e+00 1.013147e+00 2.854991e+05 2.241061e+01 -2.651381e-02 7.862329e-03
4.466805e+01 9.845743e-01 1.005212e+00 2.725453e+05 2.149101e+01 -1.936966e-02 8.621216e-03
4.641557e+01 9.528045e-01 1.005402e+00 2.648591e+05 2.101100e+01 -1.301938e-02 9.105682e-03
4.823145e+01 1.042794e+00 1.000983e+00 3.299854e+05 2.614152e+01 -1.223677e-02 9.381056e-03
5.011837e+01 1.003052e+00 1.005906e+00 3.168569e+05 2.487942e+01 5.554318e-03 9.914994e-03
5.207912e+01 9.657009e-01 9.986511e-01 3.053905e+05 2.375069e+01 -6.833494e-03 1.005197e-02
5.411657e+01 1.045429e+00 9.982384e-01 3.718906e+05 3.015349e+01 1.691937e-03 9.941220e-03
5.623373e+01 1.005825e+00 9.928679e-01 3.539635e+05 2.884238e+01 4.137278e-03 1.122534e-02
5.843372e+01 9.675830e-01 9.939470e-01 3.411620e+05 2.762452e+01 -1.233846e-02 1.148391e-02
6.071978e+01 1.034290e+00 9.920945e-01 4.021711e+05 3.192584e+01 -1.093805e-03 1.147282e-02
6.309528e+01 9.957227e-01 9.880176e-01 3.847347e+05 3.104444e+01 5.576611e-04 1.183987e-02
6.556371e+01 9.690706e-01 9.941491e-01 3.818389e+05 3.049409e+01 1.234818e-02 1.232564e-02
6.812871e+01 1.015689e+00 9.981204e-01 4.391126e+05 3.423900e+01 -5.425096e-03 1.286364e-02
7.079406e+01 9.764835e-01 9.949189e-01 4.197056e+05 3.298104e+01 1.692057e-03 1.300538e-02
7.356368e+01 1.024803e+00 9.919102e-01 4.768843e+05 3.797850e+01 -6.038547e-03 1.379538e-02
7.644166e+01 9.861923e-01 9.929045e-01 4.578909e+05 3.658049e+01 1.775742e-03 1.421344e-02
7.943223e+01 1.027155e+00 9.948279e-01 5.193250e+05 4.239442e+01 -1.167554e-02 1.472986e-02
8.253980e+01 9.885376e-01 9.977196e-01 5.052590e+05 4.093974e+01 -1.710254e-02 1.543093e-02
8.576894e+01 1.024640e+00 1.000787e+00 5.616819e+05 4.512011e+01 -5.817115e-03 1.561308e-02
8.912442e+01 9.864227e-01 1.002098e+00 5.420039e+05 4.367020e+01 -2.109349e-03 1.632404e-02
9.261117e+01 1.017156e+00 1.002361e+00 5.963398e+05 4.887425e+01 -1.264423e-02 1.734674e-02
9.623433e+01 9.792300e-01 9.943752e-01 5.723144e+05 4.620491e+01 -8.015156e-03 1.789367e-02
