-20.0 3.963625331299602e-29 
-19.95995995995996 5.115939011137745e-29 
-19.91991991991992 6.599885206626526e-29 
-19.87987987987988 8.509923683361342e-29 
-19.83983983983984 1.0967135496279028e-28 
-19.7997997997998 1.4126644397427401e-28 
-19.75975975975976 1.81870841880538e-28 
-19.71971971971972 2.340266961021802e-28 
-19.67967967967968 3.0098578556080124e-28 
-19.63963963963964 3.869054351799136e-28 
-19.5995995995996 4.970979081069928e-28 
-19.55955955955956 6.383477039362162e-28 
-19.51951951951952 8.193150375283851e-28 
-19.47947947947948 1.0510486321041601e-27 
-19.43943943943944 1.3476370954192346e-27 
-19.3993993993994 1.7270358898584556e-27 
-19.35935935935936 2.2121166717036287e-27 
-19.31931931931932 2.8319980831471185e-27 
-19.27927927927928 3.6237325870451176e-27 
-19.23923923923924 4.63444345913721e-27 
-19.1991991991992 5.9240306232411344e-27 
-19.15915915915916 7.56859491882928e-27 
-19.11911911911912 9.664769238316965e-27 
-19.07907907907908 1.2335193778434149e-26 
-19.03903903903904 1.573543393548996e-26 
-18.998998998999 2.0062716285976772e-26 
-18.95895895895896 2.5566954562724217e-26 
-18.91891891891892 3.256465846881031e-26 
-18.87887887887888 4.1456469686326545e-26 
-18.83883883883884 5.274925916411946e-26 
-18.7987987987988 6.708395721328685e-26 
-18.75875875875876 8.527058493832794e-26 
-18.71871871871872 1.083323268166497e-25 
-18.67867867867868 1.3756094813275233e-25 
-18.63863863863864 1.74586440253768e-25 
-18.5985985985986 2.214644996994555e-25 
-18.55855855855856 2.8078634875191845e-25 
-18.51851851851852 3.55816529576132e-25 
-18.47847847847848 4.506657045682565e-25 
-18.43843843843844 5.705072399592727e-25 
-18.3983983983984 7.2184852063580925e-25 
-18.35835835835836 9.128706445397868e-25 
-18.31831831831832 1.153853502134288e-24 
-18.27827827827828 1.4577074176655766e-24 
-18.23823823823824 1.8406377088497166e-24 
-18.1981981981982 2.3229749504895822e-24 
-18.15815815815816 2.9302117020879043e-24 
-18.11811811811812 3.6942963458774114e-24 
-18.07807807807808 4.655246931325094e-24 
-18.03803803803804 5.863163091546397e-24 
-17.997997997998 7.380732871621761e-24 
-17.95795795795796 9.286354532378157e-24 
-17.91791791791792 1.1678022103999733e-23 
-17.87787787787788 1.4678158938540435e-23 
-17.83783783783784 1.843962731798116e-23 
-17.7977977977978 2.3153196241988767e-23 
-17.75775775775776 2.905681621253154e-23 
-17.71771771771772 3.644713205312635e-23 
-17.67767767767768 4.5693766107056553e-23 
-17.63763763763764 5.725702891186484e-23 
-17.5975975975976 7.170986798696043e-23 
-17.55755755755756 8.976505423369312e-23 
-17.51751751751752 1.1230883762850928e-22 
-17.47747747747748 1.4044258916527567e-22 
-17.43743743743744 1.7553429631672025e-22 
-17.3973973973974 2.1928220922296026e-22 
-17.35735735735736 2.7379346217818127e-22 
-17.31731731731732 3.4168114148707173e-22 
-17.27727727727728 4.261840628686249e-22 
-17.237237237237238 5.313144915421993e-22 
-17.197197197197198 6.62040225202092e-22 
-17.157157157157158 8.245089120510701e-22 
-17.117117117117118 1.0263242510265228e-21 
-17.077077077077078 1.2768858899430688e-21 
-17.037037037037038 1.587807485286481e-21 
-16.996996996996998 1.9734306189845663e-21 
-16.956956956956958 2.4514562090287868e-21 
-16.916916916916918 3.043719855576789e-21 
-16.876876876876878 3.777143417852208e-21 
-16.836836836836838 4.684902244723658e-21 
-16.796796796796798 5.807856155586016e-21 
-16.756756756756758 7.19630281749352e-21 
-16.716716716716718 8.912124987698543e-21 
-16.676676676676678 1.1031418669078092e-20 
-16.636636636636638 1.3647708140583393e-20 
-16.596596596596598 1.6875876777258267e-20 
-16.556556556556558 2.0856970410627234e-20 
-16.516516516516518 2.576406372029831e-20 
-16.476476476476478 3.180942102025627e-20 
-16.436436436436438 3.925323228810478e-20 
-16.396396396396398 4.841426516283192e-20 
-16.356356356356358 5.968284604774512e-20 
-16.316316316316318 7.353667097351045e-20 
-16.276276276276278 9.056005259307053e-20 
-16.236236236236238 1.1146733730663006e-19 
-16.196196196196198 1.371313805032863e-19 
-16.156156156156158 1.6861815359489553e-19 
-16.116116116116117 2.0722878030478616e-19 
-16.076076076076077 2.5455056922080544e-19 
-16.036036036036037 3.1251893409891887e-19 
-15.995995995995996 3.8349248377976815e-19 
-15.955955955955956 4.703440329690974e-19 
-15.915915915915916 5.765708492015445e-19 
-15.875875875875876 7.064281287616206e-19 
-15.835835835835836 8.650905074999649e-19 
-15.795795795795796 1.0588473879780106e-18 
-15.755755755755755 1.2953390339298543e-18 
-15.715715715715715 1.583841784441484e-18 
-15.675675675675675 1.9356124185046985e-18 
-15.635635635635635 2.3643037092332888e-18 
-15.595595595595595 2.8864656096727366e-18 
-15.555555555555555 3.522149384414515e-18 
-15.515515515515515 4.295635432944473e-18 
-15.475475475475475 5.23630964839268e-18 
-15.435435435435435 6.379718045519721e-18 
-15.395395395395395 7.768835224216836e-18 
-15.355355355355355 9.455589187024488e-18 
-15.315315315315315 1.1502693311339008e-17 
-15.275275275275275 1.3985846137737454e-17 
-15.235235235235235 1.6996371369217777e-17 
-15.195195195195195 2.0644384429592204e-17 
-15.155155155155155 2.5062588513106176e-17 
-15.115115115115115 3.04108227559239e-17 
-15.075075075075075 3.68815085446689e-17 
-15.035035035035035 4.470616772118142e-17 
-14.994994994994995 5.4163219339370445e-17 
-14.954954954954955 6.558730061359106e-17 
-14.914914914914915 7.938040386733694e-17 
-14.874874874874875 9.602517593858667e-17 
-14.834834834834835 1.1610079114253573e-16 
-14.794794794794795 1.4030188531730324e-16 
-14.754754754754755 1.694611287768699e-16 
-14.714714714714715 2.0457612262344216e-16 
-14.674674674674675 2.46841428707001e-16 
-14.634634634634635 2.9768669193474617e-16 
-14.594594594594595 3.5882198857529104e-16 
-14.554554554554555 4.3229174029049394e-16 
-14.514514514514515 5.205387762621687e-16 
-14.474474474474475 6.26480411272585e-16 
-14.434434434434435 7.535987433161624e-16 
-14.394394394394395 9.060477688655096e-16 
-14.354354354354355 1.0887803773194602e-15 
-14.314314314314315 1.307698830115647e-15 
-14.274274274274275 1.5698329681136677e-15 
-14.234234234234235 1.883551139001913e-15 
-14.194194194194194 2.2588097130921416e-15 
-14.154154154154154 2.7074480823841374e-15 
-14.114114114114114 3.2435372391179284e-15 
-14.074074074074074 3.883791435107034e-15 
-14.034034034034034 4.648054065525216e-15 
-13.993993993993994 5.5598708394173395e-15 
-13.953953953953954 6.647165539121339e-15 
-13.913913913913914 7.943036284251069e-15 
-13.873873873873874 9.486693263342176e-15 
-13.833833833833834 1.1324562447615125e-14 
-13.793793793793794 1.3511583937360548e-14 
-13.753753753753754 1.611273840553318e-14 
-13.713713713713714 1.920484070298038e-14 
-13.673673673673674 2.287864619960339e-14 
-13.633633633633634 2.724132299890508e-14 
-13.593593593593594 3.241935194485829e-14 
-13.553553553553552 3.8561926529816934e-14 
-13.513513513513512 4.584493662888278e-14 
-13.473473473473472 5.447563368104453e-14 
-13.433433433433432 6.469809079924442e-14 
-13.393393393393392 7.679958965187093e-14 
-13.353353353353352 9.111808719736915e-14 
-13.313313313313312 1.0805093990791558e-13 
-13.273273273273272 1.2806509148721242e-13 
-13.233233233233232 1.5170896284368317e-13 
-13.193193193193192 1.7962632087865814e-13 
-13.153153153153152 2.125724462383506e-13 
-13.113113113113112 2.5143297041430553e-13 
-13.073073073073072 2.972458104369571e-13 
-13.033033033033032 3.5122669600594076e-13 
-12.992992992992992 4.1479886051098394e-13 
-12.952952952952952 4.896275554675375e-13 
-12.912912912912912 5.776601490726713e-13 
-12.872872872872872 6.811726857571487e-13 
-12.832832832832832 8.028239169052399e-13 
-12.792792792792792 9.457179657622216e-13 
-12.752752752752752 1.1134769647070993e-12 
-12.712712712712712 1.3103252036634781e-12 
-12.672672672672672 1.5411865580021043e-12 
-12.632632632632632 1.8117972268746962e-12 
-12.592592592592592 2.128836113062514e-12 
-12.552552552552552 2.5000755182764775e-12 
-12.512512512512512 2.9345552192336404e-12 
-12.472472472472472 3.442783436339391e-12 
-12.432432432432432 4.036968715859141e-12 
-12.392392392392392 4.731287326451927e-12 
-12.352352352352352 5.5421914313188556e-12 
-12.312312312312311 6.488764048641391e-12 
-12.272272272272271 7.593127667445687e-12 
-12.232232232232231 8.880914357017394e-12 
-12.192192192192191 1.0381806310679835e-11 
-12.152152152152151 1.2130157016170615e-11 
-12.112112112112111 1.4165704664138349e-11 
-12.072072072072071 1.6534391014880034e-11 
-12.032032032032031 1.9289300765395822e-11 
-11.991991991991991 2.2491738521081486e-11 
-11.951951951951951 2.6212462809032472e-11 
-11.911911911911911 3.053309920670842e-11 
-11.871871871871871 3.5547757638234796e-11 
-11.831831831831831 4.136488225294996e-11 
-11.791791791791791 4.81093660938218e-11 
-11.751751751751751 5.592496703933934e-11 
-11.711711711711711 6.497706631965807e-11 
-11.671671671671671 7.545581633093338e-11 
-11.631631631631631 8.757973057299129e-11 
-11.591591591591591 1.0159977539482938e-10 
-11.551551551551551 1.1780403093879546e-10 
-11.511511511511511 1.3652299732633395e-10 
-11.471471471471471 1.5813563183516464e-10 
-11.431431431431431 1.8307621370081369e-10 
-11.391391391391391 2.1184214536847244e-10 
-11.35135135135135 2.4500281267239064e-10 
-11.31131131131131 2.832096416930325e-10 
-11.27127127127127 3.2720750711769786e-10 
-11.23123123123123 3.7784766600741674e-10 
-11.19119119119119 4.3610241217119655e-10 
-11.15115115115115 5.030816701097012e-10 
-11.11111111111111 5.800517739801114e-10 
-11.07107107107107 6.684567065441427e-10 
-11.03103103103103 7.69942105912952e-10 
-10.99099099099099 8.863823844474101e-10 
-10.95095095095095 1.0199113447959008e-09 
-10.91091091091091 1.1729567231761962e-09 
-10.87087087087087 1.3482791400952065e-09 
-10.83083083083083 1.5490159942549077e-09 
-10.79079079079079 1.7787308969657996e-09 
-10.75075075075075 2.0414693125815997e-09 
-10.71071071071071 2.34182114593586e-09 
-10.67067067067067 2.6849911012154714e-09 
-10.63063063063063 3.076877728922966e-09 
-10.59059059059059 3.52416217940217e-09 
-10.55055055055055 4.0344077937430496e-09 
-10.51051051051051 4.616171786734353e-09 
-10.47047047047047 5.279130412968565e-09 
-10.43043043043043 6.034219157385612e-09 
-10.39039039039039 6.893789656723204e-09 
-10.35035035035035 7.871785239878381e-09 
-10.31031031031031 8.983937174535835e-09 
-10.27027027027027 1.02479839261594e-08 
-10.23023023023023 1.1683915975260975e-08 
-10.19019019019019 1.3314249001580913e-08 
-10.15015015015015 1.5164328531377875e-08 
-10.11011011011011 1.7262669458533075e-08 
-10.07007007007007 1.9641334193855687e-08 
-10.03003003003003 2.233635357222712e-08 
-9.98998998998999 2.5388195056598703e-08 
-9.94994994994995 2.884228322407558e-08 
-9.90990990990991 3.2749578005285085e-08 
-9.86986986986987 3.716721667702048e-08 
-9.82982982982983 4.2159226183033774e-08 
-9.78978978978979 4.7797312982305606e-08 
-9.74974974974975 5.416173830179854e-08 
-9.70970970970971 6.134228740549142e-08 
-9.66966966966967 6.94393422874746e-08 
-9.62962962962963 7.856506805836782e-08 
-9.58958958958959 8.884472422583032e-08 
-9.54954954954955 1.0041811307619538e-07 
-9.50950950950951 1.1344117845027683e-07 
-9.46946946946947 1.2808776937730576e-07 
-9.42942942942943 1.4455158429223384e-07 
-9.38938938938939 1.6304831291884584e-07 
-9.34934934934935 1.838179943601456e-07 
-9.30930930930931 2.0712761150435586e-07 
-9.26926926926927 2.3327394353579787e-07 
-9.22922922922923 2.625867001413941e-07 
-9.18918918918919 2.9543196293205654e-07 
-9.14914914914915 3.322159616606379e-07 
-9.10910910910911 3.7338921502118005e-07 
-9.06906906906907 4.1945106816498865e-07 
-9.02902902902903 4.7095466157455826e-07 
-8.98898898898899 5.285123686036787e-07 
-8.94894894894895 5.928017418283466e-07 
-8.90890890890891 6.645720113653199e-07 
-8.86886886886887 7.446511815103981e-07 
-8.82882882882883 8.339537754335864e-07 
-8.78878878878879 9.33489281249864e-07 
-8.74874874874875 1.0443713565687612e-06 
-8.70870870870871 1.1678278526194573e-06 
-8.66866866866867 1.3052117232562934e-06 
-8.62862862862863 1.4580128885777775e-06 
-8.588588588588589 1.6278711275448394e-06 
-8.548548548548549 1.8165900788653618e-06 
-8.508508508508509 2.0261524345253203e-06 
-8.468468468468469 2.2587364156939137e-06 
-8.428428428428429 2.5167336263131733e-06 
-8.388388388388389 2.8027683855012195e-06 
-8.348348348348349 3.119718645951779e-06 
-8.308308308308309 3.4707386117989097e-06 
-8.268268268268269 3.859283175930478e-06 
-8.228228228228229 4.28913430347179e-06 
-8.188188188188189 4.76442949511463e-06 
-8.148148148148149 5.28969247112642e-06 
-8.108108108108109 5.86986622422966e-06 
-8.068068068068069 6.510348597076801e-06 
-8.028028028028029 7.2170305477467295e-06 
-7.987987987987989 7.996337274534193e-06 
-7.947947947947949 8.855272379273219e-06 
-7.907907907907909 9.801465256502629e-06 
-7.867867867867869 1.084322190392062e-05 
-7.827827827827829 1.1989579357750173e-05 
-7.787787787787789 1.3250363964817332e-05 
-7.7477477477477485 1.4636253711286521e-05 
-7.7077077077077085 1.6158844836060776e-05 
-7.6676676676676685 1.7830722964791474e-05 
-7.6276276276276285 1.9665539008199435e-05 
-7.5875875875875884 2.1678090075933574e-05 
-7.547547547547548 2.3884405664420547e-05 
-7.507507507507508 2.6301839384025425e-05 
-7.467467467467468 2.8949166497279634e-05 
-7.427427427427428 3.184668754586042e-05 
-7.387387387387388 3.501633834934807e-05 
-7.347347347347348 3.848180666345744e-05 
-7.307307307307308 4.2268655789346034e-05 
-7.267267267267268 4.6404455428651014e-05 
-7.227227227227228 5.09189200809989e-05 
-7.187187187187188 5.584405528175697e-05 
-7.147147147147146 6.121431197765264e-05 
-7.107107107107106 6.706674933645264e-05 
-7.067067067067066 7.344120628405557e-05 
-7.027027027027026 8.038048205798005e-05 
-6.986986986986986 8.793052606021201e-05 
-6.946946946946946 9.61406372845636e-05 
-6.906906906906906 0.00010506367358397013 
-6.866866866866866 0.00011475627103137272 
-6.826826826826826 0.0001252790736138711 
-6.786786786786786 0.00013669697348352988 
-6.746746746746746 0.00014907936196946624 
-6.706706706706706 0.00016250039153448609 
-6.666666666666666 0.00017703924883542696 
-6.626626626626626 0.00019278043901939336 
-6.586586586586586 0.0002098140813580826 
-6.546546546546546 0.00022823621628928614 
-6.506506506506506 0.0002481491238982727 
-6.466466466466466 0.0002696616538320091 
-6.426426426426426 0.0002928895665959602 
-6.386386386386386 0.00031795588613638766 
-6.346346346346346 0.0003449912635605945 
-6.306306306306306 0.00037413435179334714 
-6.266266266266266 0.00040553219090966287 
-6.226226226226226 0.0004393406038222589 
-6.186186186186186 0.0004757246019361813 
-6.146146146146146 0.0005148588003134307 
-6.106106106106106 0.000556927841816799 
-6.066066066066066 0.0006021268296246773 
-6.026026026026026 0.0006506617674272618 
-5.985985985985986 0.0007027500065295428 
-5.945945945945946 0.0007586206989977397 
-5.905905905905906 0.0008185152558935722 
-5.865865865865866 0.0008826878095451548 
-5.8258258258258255 0.0009514056787044452 
-5.7857857857857855 0.0010249498353394066 
-5.7457457457457455 0.0011036153717045004 
-5.7057057057057055 0.0011877119662261455 
-5.665665665665665 0.00127756434663073 
-5.625625625625625 0.0013735127486318621 
-5.585585585585585 0.0014759133683813334 
-5.545545545545545 0.0015851388067750988 
-5.505505505505505 0.0017015785035919026 
-5.465465465465465 0.0018256391593285894 
-5.425425425425425 0.0019577451424830357 
-5.385385385385385 0.0020983388799237826 
-5.345345345345345 0.002247881227875284 
-5.305305305305305 0.002406851820939991 
-5.265265265265265 0.0025757493964738884 
-5.225225225225225 0.0027550920915313175 
-5.185185185185185 0.00294541770949874 
-5.145145145145145 0.0031472839534463374 
-5.105105105105105 0.003361268623141579 
-5.065065065065065 0.0035879697725913853 
-5.025025025025025 0.00382800582490968 
-4.984984984984985 0.004082015641246148 
-4.944944944944945 0.004350658540460544 
-4.904904904904905 0.004634614266186088 
-4.864864864864865 0.004934582897895989 
-4.824824824824825 0.005251284702569958 
-4.784784784784785 0.005585459923553744 
-4.744744744744745 0.005937868503214752 
-4.704704704704705 0.006309289736022053 
-4.664664664664665 0.006700521848720029 
-4.624624624624625 0.0071123815043223695 
-4.584584584584585 0.007545703226728271 
-4.544544544544545 0.008001338742855702 
-4.504504504504505 0.008480156239298643 
-4.464464464464465 0.008983039530646521 
-4.424424424424425 0.009510887136755734 
-4.384384384384385 0.01006461126643496 
-4.344344344344345 0.010645136705199013 
-4.3043043043043046 0.011253399604960307 
-4.2642642642642645 0.011890346173762634 
-4.2242242242242245 0.012556931263919581 
-4.1841841841841845 0.013254116857199072 
-4.1441441441441444 0.013982870445996266 
-4.104104104104104 0.014744163309759537 
-4.064064064064064 0.015538968686277525 
-4.024024024024024 0.016368259837799475 
-3.9839839839839826 0.017233008012345504 
-3.9439439439439425 0.018134180300966755 
-3.9039039039039025 0.019072737392138474 
-3.8638638638638625 0.020049631224907716 
-3.8238238238238225 0.02106580254287482 
-3.7837837837837824 0.022122178351558604 
-3.7437437437437424 0.02321966928218044 
-3.7037037037037024 0.024359166865399965 
-3.6636636636636624 0.025541540719042456 
-3.6236236236236223 0.026767635654374445 
-3.5835835835835823 0.02803826870600705 
-3.5435435435435423 0.029354226091033237 
-3.5035035035035023 0.030716260103535186 
-3.4634634634634622 0.03212508595112657 
-3.423423423423422 0.03358137854072126 
-3.383383383383382 0.03508576922124083 
-3.343343343343342 0.03663884249148632 
-3.303303303303302 0.03824113268190207 
-3.263263263263262 0.03989312061944745 
-3.223223223223222 0.04159523028526497 
-3.183183183183182 0.043347825475285186 
-3.143143143143142 0.04515120647433883 
-3.103103103103102 0.04700560675475115 
-3.063063063063062 0.048911189710769166 
-3.023023023023022 0.05086804544051719 
-2.982982982982982 0.052876187587485864 
-2.942942942942942 0.05493555025383268 
-2.902902902902902 0.0570459849980051 
-2.862862862862862 0.05920725792938678 
-2.822822822822822 0.061419046912812116 
-2.782782782782782 0.06368093889589152 
-2.7427427427427418 0.06599242737213602 
-2.7027027027027017 0.06835290999286421 
-2.6626626626626617 0.07076168634081513 
-2.6226226226226217 0.07321795587827452 
-2.5825825825825817 0.0757208160823492 
-2.5425425425425416 0.07826926077979232 
-2.5025025025025016 0.0808621786934906 
-2.4624624624624616 0.083498352212373 
-2.4224224224224216 0.0861764563960881 
-2.3823823823823815 0.08889505822532229 
-2.3423423423423415 0.09165261610809806 
-2.3023023023023015 0.09444747965179627 
-2.2622622622622615 0.09727788970999111 
-2.2222222222222214 0.10014197871247585 
-2.1821821821821814 0.10303777128608615 
-2.1421421421421414 0.10596318517310449 
-2.1021021021021014 0.10891603245315198 
-2.0620620620620613 0.11189402107354597 
-2.0220220220220213 0.11489475669212727 
-1.9819819819819813 0.117915744835542 
-1.9419419419419413 0.12095439337490271 
-1.9019019019019012 0.12400801531965697 
-1.8618618618618612 0.12707383192936197 
-1.8218218218218212 0.13014897614190593 
-1.7817817817817811 0.13323049631553419 
-1.7417417417417411 0.1363153602808392 
-1.701701701701701 0.13940045969765638 
-1.661661661661661 0.14248261471058737 
-1.621621621621621 0.14555857889564427 
-1.581581581581581 0.14862504448928593 
-1.541541541541541 0.15167864788990237 
-1.501501501501501 0.15471597542060148 
-1.461461461461461 0.15773356934097285 
-1.421421421421421 0.16072793409434707 
-1.381381381381381 0.16369554277594742 
-1.3413413413413409 0.166632843806244 
-1.3013013013013008 0.16953626779277986 
-1.2612612612612608 0.1724022345627455 
-1.2212212212212208 0.17522716034764 
-1.1811811811811808 0.17800746510047932 
-1.1411411411411407 0.18073957992520037 
-1.1011011011011007 0.18341995459716456 
-1.0610610610610607 0.18604506515299907 
-1.0210210210210207 0.1886114215274231 
-0.9809809809809806 0.19111557521420103 
-0.9409409409409406 0.19355412692794388 
-0.9009009009009006 0.19592373424315143 
-0.8608608608608606 0.19822111918664845 
-0.8208208208208205 0.20044307575942721 
-0.7807807807807805 0.20258647736386073 
-0.7407407407407405 0.20464828411230468 
-0.7007007007007005 0.2066255499932562 
-0.6606606606606604 0.2085154298714885 
-0.6206206206206204 0.21031518629893114 
-0.5805805805805804 0.2120221961135131 
-0.5405405405405403 0.21363395680373454 
-0.5005005005005003 0.2151480926173741 
-0.4604604604604603 0.21656236039347712 
-0.42042042042042027 0.21787465509759732 
-0.38038038038038025 0.21908301504118213 
-0.3403403403403402 0.22018562676699285 
-0.3003003003003002 0.22118082958353308 
-0.26026026026026017 0.22206711973261783 
-0.22022022022022014 0.2228431541754451 
-0.18018018018018012 0.22350775398382763 
-0.1401401401401401 0.22405990732459996 
-0.10010010010010006 0.22449877202662466 
-0.06006006006006004 0.22482367772128375 
-0.020020020020020013 0.2250341275488381 
0.020020020020020013 0.2251297994245771 
0.06006006006006004 0.22511054686024065 
0.10010010010010006 0.2249763993377824 
0.1401401401401401 0.22472756223413812 
0.18018018018018012 0.22436441629726894 
0.22022022022022014 0.22388751667535015 
0.26026026026026017 0.22329759150257 
0.3003003003003002 0.22259554004658225 
0.3403403403403402 0.22178243042420895 
0.38038038038038025 0.22085949689351614 
0.42042042042042027 0.2198281367318718 
0.4604604604604603 0.2186899067110391 
0.5005005005005003 0.21744651918175176 
0.5405405405405403 0.21609983778155384 
0.5805805805805804 0.21465187278096293 
0.6206206206206204 0.2131047760842197 
0.6606606606606604 0.2114608359020224 
0.7007007007007005 0.209722471114699 
0.7407407407407405 0.2078922253452447 
0.7807807807807805 0.20597276076253845 
0.8208208208208205 0.20396685163585127 
0.8608608608608606 0.2018773776624649 
0.9009009009009006 0.1997073170908297 
0.9409409409409406 0.1974597396622046 
0.9809809809809806 0.1951377993941388 
1.0210210210210207 0.19274472722947122 
1.0610610610610607 0.1902838235747402 
1.1011011011011007 0.18775845075201522 
1.1411411411411407 0.18517202538818103 
1.1811811811811808 0.1825280107656245 
1.2212212212212208 0.17982990915810235 
1.2612612612612608 0.17708125417529663 
1.3013013013013008 0.17428560313920555 
1.3413413413413409 0.1714465295150682 
1.381381381381381 0.16856761541898657 
1.421421421421421 0.16565244422379288 
1.461461461461461 0.16270459328401637 
1.501501501501501 0.15972762680003702 
1.541541541541541 0.15672508884067834 
1.581581581581581 0.15370049654259335 
1.621621621621621 0.15065733350384028 
1.661661661661661 0.1475990433880352 
1.701701701701701 0.1445290237544121 
1.7417417417417411 0.1414506201280212 
1.7817817817817811 0.13836712032316384 
1.8218218218218212 0.13528174903199575 
1.8618618618618612 0.1321976626890445 
1.9019019019019012 0.1291179446211791 
1.9419419419419413 0.12604560049135138 
1.9819819819819813 0.12298355404320518 
2.0220220220220213 0.11993464315242129 
2.0620620620620613 0.1169016161894477 
2.1021021021021014 0.11388712869705303 
2.1421421421421414 0.11089374038494543 
2.1821821821821814 0.10792391244252679 
2.2222222222222214 0.10498000516970095 
2.2622622622622615 0.10206427592453679 
2.3023023023023015 0.09917887738550231 
2.3423423423423415 0.09632585612493817 
2.3823823823823815 0.09350715148943588 
2.4224224224224216 0.09072459478182529 
2.4624624624624616 0.08797990873856602 
2.5025025025025016 0.08527470729547747 
2.5425425425425416 0.08261049563393542 
2.5825825825825817 0.0799886704989137 
2.6226226226226217 0.07741052077955511 
2.6626626626626617 0.07487722834232229 
2.7027027027027017 0.07238986910620367 
2.7427427427427418 0.0699494143489367 
2.782782782782782 0.06755673223275575 
2.822822822822822 0.06521258953778128 
2.862862862862862 0.06291765359083425 
2.902902902902902 0.060672494377188885 
2.942942942942942 0.05847758682256499 
2.982982982982982 0.05633331323250651 
3.023023023023022 0.054239965876197324 
3.063063063063062 0.05219774970172307 
3.103103103103102 0.05020678516980032 
3.143143143143142 0.048267111193057634 
3.183183183183182 0.04637868816806678 
3.223223223223222 0.044541401087481926 
3.263263263263262 0.04275506271984921 
3.303303303303302 0.041019416844895754 
3.343343343343342 0.03933414153239287 
3.383383383383382 0.03769885245300947 
3.423423423423422 0.0361131062099279 
3.4634634634634622 0.034576403680379446 
3.5035035035035023 0.03308819335667058 
3.5435435435435423 0.031647874676708404 
3.5835835835835823 0.03025480133449343 
3.6236236236236223 0.028908284561525322 
3.6636636636636624 0.027607596370560834 
3.7037037037037024 0.026351972753669416 
3.7437437437437424 0.025140616827047546 
3.7837837837837824 0.02397270191557666 
3.8238238238238225 0.02284737457063638 
3.8638638638638625 0.021763757515214824 
3.9039039039039025 0.02072095251088637 
3.9439439439439425 0.019718043141753253 
3.9839839839839826 0.01875409751096841 
4.024024024024023 0.017828170845970215 
4.064064064064063 0.01693930800906471 
4.104104104104103 0.016086545910483772 
4.144144144144143 0.015268915821528745 
4.184184184184183 0.014485445585875613 
4.224224224224223 0.013735161727568316 
4.264264264264263 0.013017091454661482 
4.304304304304303 0.012330264557889416 
4.344344344344343 0.011673715204136006 
4.384384384384383 0.011046483624857389 
4.424424424424423 0.01044761769996683 
4.464464464464463 0.00987617443802745 
4.504504504504503 0.00933122135391376 
4.544544544544543 0.008811837745396437 
4.584584584584583 0.008317115870376684 
4.624624624624623 0.007846162026746963 
4.664664664664663 0.007398097537083023 
4.704704704704703 0.006972059640579689 
4.744744744744743 0.006567202294828401 
4.784784784784783 0.0061826968901998545 
4.824824824824823 0.005817732879739618 
4.864864864864863 0.005471518327609488 
4.904904904904903 0.005143280379212982 
4.944944944944943 0.004832265656230275 
4.984984984984983 0.004537740579856974 
5.025025025025023 0.004258991625593066 
5.065065065065063 0.003995325512963865 
5.105105105105103 0.0037460693335749033 
5.145145145145143 0.003510570620907996 
5.185185185185183 0.003288197365257236 
5.225225225225223 0.003078337977182363 
5.265265265265263 0.0028804012028235586 
5.305305305305303 0.002693815994377127 
5.3453453453453434 0.0025180313389768926 
5.3853853853853835 0.0023525160491620744 
5.4254254254254235 0.0021967585180398498 
5.4654654654654635 0.0020502664421708015 
5.5055055055055035 0.0019125665151186436 
5.545545545545544 0.0017832040945128798 
5.585585585585584 0.001661742845375274 
5.625625625625624 0.0015477643623588765 
5.665665665665667 0.0014408677734425901 
5.705705705705707 0.001340669327515761 
5.745745745745747 0.0012468019681762868 
5.785785785785787 0.001158914895953653 
5.825825825825827 0.0010766731210547574 
5.865865865865867 0.000999757008616806 
5.905905905905907 0.0009278618183379886 
5.945945945945947 0.0008606972402437643 
5.985985985985987 0.0007979869282346999 
6.026026026026027 0.0007394680329515753 
6.0660660660660675 0.0006848907353850024 
6.1061061061061075 0.0006340177825506295 
6.1461461461461475 0.0005866240264473831 
6.1861861861861875 0.0005424959674153302 
6.226226226226228 0.0005014313029120059 
6.266266266266268 0.0004632384826314982 
6.306306306306308 0.00042773627079952464 
6.346346346346348 0.0003947533163901959 
6.386386386386388 0.0003641277319263847 
6.426426426426428 0.00033570668144555505 
6.466466466466468 0.000309345978136751 
6.506506506506508 0.00028490969208213506 
6.546546546546548 0.0002622697684681026 
6.586586586586588 0.0002413056565664931 
6.626626626626628 0.0002219039497258475 
6.666666666666668 0.00020395803655589583 
6.706706706706708 0.00018736776343550464 
6.746746746746748 0.00017203910842507057 
6.786786786786788 0.0001578838666187557 
6.826826826826828 0.0001448193469299058 
6.866866866866868 0.00013276808026438573 
6.906906906906908 0.00012165753900130192 
6.946946946946948 0.00011141986766852317 
6.986986986986988 0.00010199162467144942 
7.027027027027028 9.331353490748115e-05 
7.067067067067068 8.533025307546629e-05 
7.107107107107108 7.799013746893382e-05 
7.147147147147148 7.12450340239977e-05 
7.187187187187188 6.505007037732083e-05 
7.227227227227228 5.9363459676305884e-05 
7.267267267267268 5.414631387260687e-05 
7.307307307307308 4.936246622098604e-05 
7.347347347347348 4.497830269834371e-05 
7.387387387387388 4.096260205229621e-05 
7.427427427427428 3.7286384184833084e-05 
7.467467467467468 3.392276657423046e-05 
7.507507507507508 3.084682843741081e-05 
7.547547547547548 2.8035482335195152e-05 
7.5875875875875884 2.5467352924294127e-05 
7.6276276276276285 2.312266256230425e-05 
7.6676676676676685 2.0983123475325453e-05 
7.7077077077077085 1.9031836201987107e-05 
7.7477477477477485 1.7253194032575816e-05 
7.787787787787789 1.5632793167504666e-05 
7.827827827827829 1.4157348325471938e-05 
7.867867867867869 1.2814613538244415e-05 
7.907907907907909 1.1593307875996689e-05 
7.947947947947949 1.0483045854470631e-05 
7.987987987987989 9.474272282829031e-06 
8.028028028028029 8.558201318900047e-06 
8.068068068068069 7.726759506494343e-06 
8.108108108108109 6.972532577571786e-06 
8.148148148148149 6.288715810194089e-06 
8.188188188188189 5.669067741382145e-06 
8.228228228228229 5.107867042163648e-06 
8.268268268268269 4.599872370214731e-06 
8.308308308308309 4.140285023536602e-06 
8.348348348348349 3.7247142265387958e-06 
8.388388388388389 3.349144887700117e-06 
8.428428428428429 3.0099076756253223e-06 
8.468468468468469 2.703651267792553e-06 
8.508508508508509 2.4273166335773856e-06 
8.548548548548549 2.1781132202313946e-06 
8.588588588588589 1.9534969173753078e-06 
8.62862862862863 1.751149682230946e-06 
8.66866866866867 1.5689607142544495e-06 
8.70870870870871 1.4050090740422134e-06 
8.74874874874875 1.25754764735582e-06 
8.78878878878879 1.124988360852162e-06 
8.82882882882883 1.0058885616087262e-06 
8.86886886886887 8.989384778027588e-07 
8.90890890890891 8.029496829381206e-07 
8.94894894894895 7.168444908180064e-07 
8.98898898898899 6.396462130387321e-07 
9.02902902902903 5.704702151336341e-07 
9.06906906906907 5.085157116318766e-07 
9.10910910910911 4.5305824421972235e-07 
9.14914914914915 4.0344279090767905e-07 
9.18918918918919 3.5907745762191604e-07 
9.22922922922923 3.1942770695909153e-07 
9.26926926926927 2.840110819768697e-07 
9.30930930930931 2.523923858449329e-07 
9.34934934934935 2.2417928096015782e-07 
9.38938938938939 1.9901827374195203e-07 
9.42942942942943 1.7659105377661714e-07 
9.46946946946947 1.566111582801372e-07 
9.50950950950951 1.3882093500395032e-07 
9.54954954954955 1.229887787250617e-07 
9.58958958958959 1.0890661834708738e-07 
9.62962962962963 9.638763339916086e-08 
9.66966966966967 8.526418036166882e-08 
9.70970970970971 7.538591077783068e-08 
9.74974974974975 6.661806453438569e-08 
9.78978978978979 5.883992301908993e-08 
9.82982982982983 5.194340809310387e-08 
9.86986986986987 4.583181395824145e-08 
9.90990990990991 4.041866005777171e-08 
9.94994994994995 3.5626654130149684e-08 
9.98998998998999 3.138675544258204e-08 
10.03003003003003 2.7637329070377794e-08 
10.07007007007007 2.432338286305272e-08 
10.11011011011011 2.1395879453366606e-08 
10.15015015015015 1.8811116324902492e-08 
10.19019019019019 1.653016756124209e-08 
10.23023023023023 1.4518381458862977e-08 
10.27027027027027 1.2744928699970569e-08 
10.31031031031031 1.1182396253793677e-08 
10.35035035035035 9.806422608438132e-09 
10.39039039039039 8.595370333038723e-09 
10.43043043043043 7.53003233435202e-09 
10.47047047047047 6.593368505580026e-09 
10.51051051051051 5.770269770455466e-09 
10.55055055055055 5.047346804633233e-09 
10.59059059059059 4.4127409712714306e-09 
10.63063063063063 3.855955240244588e-09 
10.67067067067067 3.3677030724958464e-09 
10.71071071071071 2.9397734442478426e-09 
10.75075075075075 2.5649103616927366e-09 
10.79079079079079 2.2367053767923775e-09 
10.83083083083083 1.949501760261977e-09 
10.87087087087087 1.6983091199057859e-09 
10.91091091091091 1.4787273723549021e-09 
10.95095095095095 1.2868790849679645e-09 
10.99099099099099 1.1193493031622605e-09 
11.03103103103103 9.731320676337475e-10 
11.07107107107107 8.455829066198863e-10 
11.11111111111111 7.343766613126297e-10 
11.15115115115115 6.374700684336561e-10 
11.19119119119119 5.530685834764082e-10 
11.23123123123123 4.79596981783398e-10 
11.27127127127127 4.1567332299792523e-10 
11.31131131131131 3.600859079966551e-10 
11.35135135135135 3.1177289662149374e-10 
11.391391391391391 2.6980428979569556e-10 
11.431431431431431 2.333660113037791e-10 
11.471471471471471 2.0174585297898093e-10 
11.511511511511511 1.743210725863363e-10 
11.551551551551551 1.5054745659709336e-10 
11.591591591591591 1.2994968057857243e-10 
11.631631631631631 1.1211281830673292e-10 
11.671671671671671 9.667486715913251e-11 
11.711711711711711 8.332017205643454e-11 
11.751751751751751 7.177364336593134e-11 
11.791791791791791 6.179567591899571e-11 
11.831831831831831 5.3177686769155385e-11 
11.871871871871871 4.573819865821754e-11 
11.911911911911911 3.931940448143896e-11 
11.951951951951951 3.378415545489185e-11 
11.991991991991991 2.901332228408205e-11 
12.032032032032035 2.4903484498435618e-11 
12.072072072072075 2.1364908328781973e-11 
12.112112112112115 1.8319778133935565e-11 
12.152152152152155 1.5700650490511927e-11 
12.192192192192195 1.3449103703287255e-11 
12.232232232232235 1.1514558722204798e-11 
12.272272272272275 9.85325031171509e-12 
12.312312312312315 8.427329849039517e-12 
12.352352352352355 7.204083366448419e-12 
12.392392392392395 6.155250431197998e-12 
12.432432432432435 5.256431204403153e-12 
12.472472472472475 4.486570562759367e-12 
12.512512512512515 3.8275095278083935e-12 
12.552552552552555 3.263595447017863e-12 
12.592592592592595 2.781343427712234e-12 
12.632632632632635 2.369142455241894e-12 
12.672672672672675 2.0170004452948422e-12 
12.712712712712715 1.7163231999124175e-12 
12.752752752752755 1.459722869095221e-12 
12.792792792792795 1.2408520751134824e-12 
12.832832832832835 1.0542603438516406e-12 
12.872872872872875 8.952699147737673e-13 
12.912912912912915 7.598683755316068e-13 
12.952952952952955 6.446158951686804e-13 
12.992992992992995 5.465651168933213e-13 
13.033033033033036 4.631920224434509e-13 
13.073073073073076 3.923362995130999e-13 
13.113113113113116 3.3214993541109806e-13 
13.153153153153156 2.8105292747740035e-13 
13.193193193193196 2.3769514679065026e-13 
13.233233233233236 2.0092351900413199e-13 
13.273273273273276 1.6975379707187586e-13 
13.313313313313316 1.4334629721841114e-13 
13.353353353353356 1.20985053563583e-13 
13.393393393393396 1.020599199180248e-13 
13.433433433433436 8.605121080289e-14 
13.473473473473476 7.251652893625135e-14 
13.513513513513516 6.10794743353431e-14 
13.553553553553556 5.141997174333923e-14 
13.593593593593596 4.32659891200429e-14 
13.633633633633636 3.6386451153803856e-14 
13.673673673673676 3.0585178783127145e-14 
13.713713713713716 2.569570910781907e-14 
13.753753753753756 2.1576870298621257e-14 
13.793793793793796 1.8109003597811278e-14 
13.833833833833836 1.5190739604480095e-14 
13.873873873873876 1.2736249073689766e-14 
13.913913913913916 1.067289970411785e-14 
13.953953953953956 8.939260083949336e-15 
13.993993993993996 7.483400318260155e-15 
14.034034034034036 6.2614460542047855e-15 
14.074074074074076 5.236348810366175e-15 
14.114114114114116 4.376840840264097e-15 
14.154154154154156 3.656547335713614e-15 
14.194194194194196 3.053232706163695e-15 
14.234234234234236 2.5481610442631027e-15 
14.274274274274276 2.1255537826765618e-15 
14.314314314314316 1.7721300291969598e-15 
14.354354354354356 1.4767171940315107e-15 
14.394394394394396 1.2299213445059534e-15 
14.434434434434436 1.023848281259058e-15 
14.474474474474476 8.5186766332895e-16 
14.514514514514516 7.084136492927597e-16 
14.554554554554556 5.888164953282835e-16 
14.594594594594597 4.891603824116763e-16 
14.634634634634637 4.061634542357386e-16 
14.674674674674677 3.3707665236258926e-16 
14.714714714714717 2.7959845067932745e-16 
14.754754754754757 2.318030303470829e-16 
14.794794794794797 1.920798102307616e-16 
14.834834834834837 1.5908256579589505e-16 
14.874874874874877 1.3168663982853994e-16 
14.914914914914917 1.0895297807047466e-16 
14.954954954954957 9.009791795579014e-17 
14.994994994994997 7.446782421141665e-17 
15.035035035035037 6.151780552564731e-17 
15.075075075075077 5.079386554017787e-17 
15.115115115115117 4.19179422805241e-17 
15.155155155155157 3.457537553623498e-17 
15.195195195195197 2.8504413963896086e-17 
15.235235235235237 2.348743479669211e-17 
15.275275275275277 1.93436006944444e-17 
15.315315315315317 1.5922721896431624e-17 
15.355355355355357 1.3100128670049639e-17 
15.395395395395397 1.0772390122323531e-17 
15.435435435435437 8.853741642819668e-18 
15.475475475475477 7.273105326642987e-18 
15.515515515515517 5.971606322305238e-18 
15.555555555555557 4.9005037018739315e-18 
15.595595595595597 4.0194676181454064e-18 
15.635635635635637 3.295145583761528e-18 
15.675675675675677 2.6999700087692774e-18 
15.715715715715717 2.2111669441035355e-18 
15.755755755755757 1.809932533892658e-18 
15.795795795795797 1.4807491779612504e-18 
15.835835835835837 1.2108180151597634e-18 
15.875875875875877 9.895881997424337e-19 
15.915915915915917 8.083666763405298e-19 
15.955955955955957 6.599948647783381e-19 
15.995995995995997 5.385809288413858e-19 
16.036036036036037 4.392781945094828e-19 
16.076076076076077 3.5810186317220978e-19 
16.116116116116117 2.9177748445480317e-19 
16.156156156156158 2.3761575394010374e-19 
16.196196196196198 1.9340911892359578e-19 
16.236236236236238 1.5734644030308153e-19 
16.276276276276278 1.279425958804891e-19 
16.316316316316318 1.0398044078185173e-19 
16.356356356356358 8.446298201171129e-20 
16.396396396396398 6.857399111136937e-20 
16.436436436436438 5.564558383960001e-20 
16.476476476476478 4.5131549070547274e-20 
16.516516516516518 3.658541934163727e-20 
16.556556556556558 2.9642449897412263e-20 
16.596596596596598 2.4004817684861936e-20 
16.636636636636638 1.942947158609782e-20 
16.676676676676678 1.571816441419517e-20 
16.716716716716718 1.270927933866477e-20 
16.756756756756758 1.0271131355676723e-20 
16.796796796796798 8.296480594704202e-21 
16.836836836836838 6.698040670709357e-21 
16.876876876876878 5.40480362277315e-21 
16.916916916916918 4.359034616620696e-21 
16.956956956956958 3.513815684334471e-21 
16.996996996996998 2.8310392877826774e-21 
17.037037037037038 2.279770217569842e-21 
17.077077077077078 1.8349089352756322e-21 
17.117117117117118 1.4761014790304642e-21 
17.157157157157158 1.1868509327991152e-21 
17.197197197197198 9.537935818754905e-22 
17.237237237237238 7.661095501090103e-22 
17.27727727727728 6.150431937190507e-22 
17.31731731731732 4.935130231847647e-22 
17.35735735735736 3.9579461277818264e-22 
17.3973973973974 3.172629805115817e-22 
17.43743743743744 2.5418339805653397e-22 
17.47747747747748 2.0354161817253848e-22 
17.51751751751752 1.629061667453327e-22 
17.55755755755756 1.3031670384082116e-22 
17.5975975975976 1.0419356765300126e-22 
17.63763763763764 8.326452160407467e-23 
17.67767767767768 6.650546490095827e-23 
17.71771771771772 5.309247074866257e-23 
17.75775775775776 4.2363008938000283e-23 
17.7977977977978 3.3784610978623054e-23 
17.83783783783784 2.692956299146079e-23 
17.87787787787788 2.1454477849488046e-23 
17.91791791791792 1.7083814731874107e-23 
17.95795795795796 1.3596590473617754e-23 
17.997997997998 1.0815670324954951e-23 
18.03803803803804 8.599142091049374e-24 
18.07807807807808 6.833372092636557e-24 
18.11811811811812 5.42741804606633e-24 
18.15815815815816 4.30853613023097e-24 
18.1981981981982 3.418569898376672e-24 
18.23823823823824 2.7110495134626087e-24 
18.27827827827828 2.1488628354899904e-24 
18.31831831831832 1.702386632423885e-24 
18.35835835835836 1.3479878142974726e-24 
18.3983983983984 1.0668220714419154e-24 
18.43843843843844 8.438714196443263e-25 
18.47847847847848 6.6717355664322205e-25 
18.51851851851852 5.272051345822291e-25 
18.55855855855856 4.163884727582766e-25 
18.5985985985986 3.2869721545811576e-25 
18.63863863863864 2.5934125737486994e-25 
18.67867867867868 2.0451513794242236e-25 
18.71871871871872 1.6119722714170204e-25 
18.75875875875876 1.2698953550307274e-25 
18.7987987987988 9.998999865643368e-26 
18.83883883883884 7.869070760926535e-26 
18.87887887887888 6.189685727590583e-26 
18.91891891891892 4.8662230032946387e-26 
18.95895895895896 3.8237868560999154e-26 
18.998998998999 3.003126351997201e-26 
19.03903903903904 2.357391937679453e-26 
19.07907907907908 1.8495592277746817e-26 
19.11911911911912 1.4503838409736826e-26 
19.15915915915916 1.1367786858837584e-26 
19.1991991991992 8.905271241208216e-27 
19.23923923923924 6.972630350131736e-27 
19.27927927927928 5.456628564384605e-27 
19.31931931931932 4.2680588839550475e-27 
19.35935935935936 3.3366808825450024e-27 
19.3993993993994 2.607217147677753e-27 
19.43943943943944 2.036188567809195e-27 
19.47947947947948 1.58941404325909e-27 
19.51951951951952 1.2400361818891934e-27 
19.55955955955956 9.669631608645455e-28 
19.5995995995996 7.5363968687953615e-28 
19.63963963963964 5.870780625972322e-28 
19.67967967967968 4.570947197456903e-28 
19.71971971971972 3.5570896974962157e-28 
19.75975975975976 2.7666975735277887e-28 
19.7997997997998 2.15083364715502e-28 
19.83983983983984 1.6712068793970888e-28 
19.87987987987988 1.2978720137441805e-28 
19.91991991991992 1.0074228125432043e-28 
19.95995995995996 7.815737314933863e-29 
20.0 6.060471148105616e-29 
