0.000000e+00 1.829484e+02
1.000000e-04 1.794805e+02
2.000000e-04 1.760788e+02
3.000000e-04 1.727420e+02
4.000000e-04 1.694688e+02
5.000000e-04 1.662580e+02
6.000000e-04 1.631084e+02
7.000000e-04 1.600188e+02
8.000000e-04 1.569880e+02
9.000000e-04 1.540150e+02
1.000000e-03 1.510987e+02
1.100000e-03 1.482378e+02
1.200000e-03 1.454315e+02
1.300000e-03 1.426785e+02
1.400000e-03 1.399780e+02
1.500000e-03 1.373290e+02
1.600000e-03 1.347303e+02
1.700000e-03 1.321811e+02
1.800000e-03 1.296805e+02
1.900000e-03 1.272274e+02
2.000000e-03 1.248211e+02
2.100000e-03 1.224606e+02
2.200000e-03 1.201449e+02
2.300000e-03 1.178734e+02
2.400000e-03 1.156451e+02
2.500000e-03 1.134592e+02
2.600000e-03 1.113149e+02
2.700000e-03 1.092115e+02
2.800000e-03 1.071480e+02
2.900000e-03 1.051238e+02
3.000000e-03 1.031382e+02
3.100000e-03 1.011903e+02
3.200000e-03 9.927956e+01
3.300000e-03 9.740514e+01
3.400000e-03 9.556638e+01
3.500000e-03 9.376262e+01
3.600000e-03 9.199318e+01
3.700000e-03 9.025742e+01
3.800000e-03 8.855468e+01
3.900000e-03 8.688435e+01
4.000000e-03 8.524580e+01
4.100000e-03 8.363842e+01
4.200000e-03 8.206164e+01
4.300000e-03 8.051485e+01
4.400000e-03 7.899749e+01
4.500000e-03 7.750901e+01
4.600000e-03 7.604884e+01
4.700000e-03 7.461646e+01
4.800000e-03 7.321132e+01
4.900000e-03 7.183292e+01
5.000000e-03 7.048075e+01
5.100000e-03 6.915430e+01
5.200000e-03 6.785308e+01
5.300000e-03 6.657661e+01
5.400000e-03 6.532443e+01
5.500000e-03 6.409607e+01
5.600000e-03 6.289107e+01
5.700000e-03 6.170900e+01
5.800000e-03 6.054941e+01
5.900000e-03 5.941187e+01
6.000000e-03 5.829598e+01
6.100000e-03 5.720130e+01
6.200000e-03 5.612745e+01
6.300000e-03 5.507402e+01
6.400000e-03 5.404063e+01
6.500000e-03 5.302689e+01
6.600000e-03 5.203243e+01
6.700000e-03 5.105688e+01
6.800000e-03 5.009988e+01
6.900000e-03 4.916108e+01
7.000000e-03 4.824013e+01
7.100000e-03 4.733669e+01
7.200000e-03 4.645043e+01
7.300000e-03 4.558102e+01
7.400000e-03 4.472815e+01
7.500000e-03 4.389148e+01
7.600000e-03 4.307073e+01
7.700000e-03 4.226558e+01
7.800000e-03 4.147573e+01
7.900000e-03 4.070090e+01
8.000000e-03 3.994080e+01
8.100000e-03 3.919515e+01
8.200000e-03 3.846367e+01
8.300000e-03 3.774609e+01
8.400000e-03 3.704216e+01
8.500000e-03 3.635160e+01
8.600000e-03 3.567417e+01
8.700000e-03 3.500961e+01
8.800000e-03 3.435768e+01
8.900000e-03 3.371814e+01
9.000000e-03 3.309075e+01
9.100000e-03 3.247528e+01
9.200000e-03 3.187151e+01
9.300000e-03 3.127921e+01
9.400000e-03 3.069816e+01
9.500000e-03 3.012816e+01
9.600000e-03 2.956898e+01
9.700000e-03 2.902042e+01
9.800000e-03 2.848228e+01
9.900000e-03 2.795437e+01
1.000000e-02 2.743648e+01
1.010000e-02 2.692843e+01
1.020000e-02 2.643003e+01
1.030000e-02 2.594109e+01
1.040000e-02 2.546144e+01
1.050000e-02 2.499089e+01
1.060000e-02 2.452929e+01
1.070000e-02 2.407644e+01
1.080000e-02 2.363219e+01
1.090000e-02 2.319638e+01
1.100000e-02 2.276884e+01
1.110000e-02 2.234942e+01
1.120000e-02 2.193796e+01
1.130000e-02 2.153431e+01
1.140000e-02 2.113832e+01
1.150000e-02 2.074984e+01
1.160000e-02 2.036874e+01
1.170000e-02 1.999487e+01
1.180000e-02 1.962809e+01
1.190000e-02 1.926827e+01
1.200000e-02 1.891528e+01
1.210000e-02 1.856898e+01
1.220000e-02 1.822926e+01
1.230000e-02 1.789598e+01
1.240000e-02 1.756902e+01
1.250000e-02 1.724826e+01
1.260000e-02 1.693358e+01
1.270000e-02 1.662487e+01
1.280000e-02 1.632201e+01
1.290000e-02 1.602490e+01
1.300000e-02 1.573342e+01
1.310000e-02 1.544746e+01
1.320000e-02 1.516693e+01
1.330000e-02 1.489171e+01
1.340000e-02 1.462170e+01
1.350000e-02 1.435682e+01
1.360000e-02 1.409695e+01
1.370000e-02 1.384201e+01
1.380000e-02 1.359189e+01
1.390000e-02 1.334652e+01
1.400000e-02 1.310579e+01
1.410000e-02 1.286962e+01
1.420000e-02 1.263793e+01
1.430000e-02 1.241062e+01
1.440000e-02 1.218761e+01
1.450000e-02 1.196883e+01
1.460000e-02 1.175419e+01
1.470000e-02 1.154361e+01
1.480000e-02 1.133702e+01
1.490000e-02 1.113433e+01
1.500000e-02 1.093548e+01
1.510000e-02 1.074040e+01
1.520000e-02 1.054900e+01
1.530000e-02 1.036123e+01
1.540000e-02 1.017700e+01
1.550000e-02 9.996261e+00
1.560000e-02 9.818938e+00
1.570000e-02 9.644967e+00
1.580000e-02 9.474285e+00
1.590000e-02 9.306829e+00
1.600000e-02 9.142537e+00
1.610000e-02 8.981350e+00
1.620000e-02 8.823208e+00
1.630000e-02 8.668053e+00
1.640000e-02 8.515829e+00
1.650000e-02 8.366480e+00
1.660000e-02 8.219951e+00
1.670000e-02 8.076187e+00
1.680000e-02 7.935138e+00
1.690000e-02 7.796751e+00
1.700000e-02 7.660975e+00
1.710000e-02 7.527761e+00
1.720000e-02 7.397060e+00
1.730000e-02 7.268824e+00
1.740000e-02 7.143006e+00
1.750000e-02 7.019560e+00
1.760000e-02 6.898442e+00
1.770000e-02 6.779606e+00
1.780000e-02 6.663010e+00
1.790000e-02 6.548610e+00
1.800000e-02 6.436366e+00
1.810000e-02 6.326235e+00
1.820000e-02 6.218178e+00
1.830000e-02 6.112156e+00
1.840000e-02 6.008129e+00
1.850000e-02 5.906059e+00
1.860000e-02 5.805910e+00
1.870000e-02 5.707645e+00
1.880000e-02 5.611228e+00
1.890000e-02 5.516624e+00
1.900000e-02 5.423798e+00
1.910000e-02 5.332717e+00
1.920000e-02 5.243347e+00
1.930000e-02 5.155656e+00
1.940000e-02 5.069612e+00
1.950000e-02 4.985184e+00
1.960000e-02 4.902340e+00
1.970000e-02 4.821051e+00
1.980000e-02 4.741287e+00
1.990000e-02 4.663020e+00
2.000000e-02 4.586219e+00
2.010000e-02 4.510859e+00
2.020000e-02 4.436911e+00
2.030000e-02 4.364349e+00
2.040000e-02 4.293146e+00
2.050000e-02 4.223276e+00
2.060000e-02 4.154714e+00
2.070000e-02 4.087435e+00
2.080000e-02 4.021415e+00
2.090000e-02 3.956630e+00
2.100000e-02 3.893056e+00
2.110000e-02 3.830670e+00
2.120000e-02 3.769450e+00
2.130000e-02 3.709374e+00
2.140000e-02 3.650419e+00
2.150000e-02 3.592565e+00
2.160000e-02 3.535791e+00
2.170000e-02 3.480075e+00
2.180000e-02 3.425399e+00
2.190000e-02 3.371741e+00
2.200000e-02 3.319083e+00
2.210000e-02 3.267407e+00
2.220000e-02 3.216692e+00
2.230000e-02 3.166921e+00
2.240000e-02 3.118076e+00
2.250000e-02 3.070139e+00
2.260000e-02 3.023094e+00
2.270000e-02 2.976923e+00
2.280000e-02 2.931609e+00
2.290000e-02 2.887136e+00
2.300000e-02 2.843489e+00
2.310000e-02 2.800651e+00
2.320000e-02 2.758608e+00
2.330000e-02 2.717344e+00
2.340000e-02 2.676844e+00
2.350000e-02 2.637093e+00
2.360000e-02 2.598079e+00
2.370000e-02 2.559786e+00
2.380000e-02 2.522201e+00
2.390000e-02 2.485310e+00
2.400000e-02 2.449101e+00
2.410000e-02 2.413560e+00
2.420000e-02 2.378674e+00
2.430000e-02 2.344432e+00
2.440000e-02 2.310821e+00
2.450000e-02 2.277829e+00
2.460000e-02 2.245444e+00
2.470000e-02 2.213655e+00
2.480000e-02 2.182450e+00
2.490000e-02 2.151819e+00
2.500000e-02 2.121750e+00
2.510000e-02 2.092232e+00
2.520000e-02 2.063257e+00
2.530000e-02 2.034812e+00
2.540000e-02 2.006888e+00
2.550000e-02 1.979475e+00
2.560000e-02 1.952564e+00
2.570000e-02 1.926145e+00
2.580000e-02 1.900208e+00
2.590000e-02 1.874744e+00
2.600000e-02 1.849745e+00
2.610000e-02 1.825202e+00
2.620000e-02 1.801105e+00
2.630000e-02 1.777447e+00
2.640000e-02 1.754220e+00
2.650000e-02 1.731414e+00
2.660000e-02 1.709022e+00
2.670000e-02 1.687037e+00
2.680000e-02 1.665450e+00
2.690000e-02 1.644254e+00
2.700000e-02 1.623441e+00
2.710000e-02 1.603005e+00
2.720000e-02 1.582938e+00
2.730000e-02 1.563233e+00
2.740000e-02 1.543884e+00
2.750000e-02 1.524883e+00
2.760000e-02 1.506223e+00
2.770000e-02 1.487900e+00
2.780000e-02 1.469905e+00
2.790000e-02 1.452234e+00
2.800000e-02 1.434879e+00
2.810000e-02 1.417835e+00
2.820000e-02 1.401096e+00
2.830000e-02 1.384656e+00
2.840000e-02 1.368509e+00
2.850000e-02 1.352651e+00
2.860000e-02 1.337075e+00
2.870000e-02 1.321776e+00
2.880000e-02 1.306749e+00
2.890000e-02 1.291989e+00
2.900000e-02 1.277490e+00
2.910000e-02 1.263248e+00
2.920000e-02 1.249259e+00
2.930000e-02 1.235516e+00
2.940000e-02 1.222016e+00
2.950000e-02 1.208753e+00
2.960000e-02 1.195724e+00
2.970000e-02 1.182925e+00
2.980000e-02 1.170349e+00
2.990000e-02 1.157995e+00
3.000000e-02 1.145856e+00
3.010000e-02 1.133930e+00
3.020000e-02 1.122211e+00
3.030000e-02 1.110698e+00
3.040000e-02 1.099384e+00
3.050000e-02 1.088267e+00
3.060000e-02 1.077343e+00
3.070000e-02 1.066608e+00
3.080000e-02 1.056059e+00
3.090000e-02 1.045693e+00
3.100000e-02 1.035505e+00
3.110000e-02 1.025492e+00
3.120000e-02 1.015651e+00
3.130000e-02 1.005980e+00
3.140000e-02 9.964737e-01
3.150000e-02 9.871302e-01
3.160000e-02 9.779462e-01
3.170000e-02 9.689187e-01
3.180000e-02 9.600447e-01
3.190000e-02 9.513214e-01
3.200000e-02 9.427459e-01
3.210000e-02 9.343154e-01
3.220000e-02 9.260273e-01
3.230000e-02 9.178788e-01
3.240000e-02 9.098673e-01
3.250000e-02 9.019902e-01
3.260000e-02 8.942451e-01
3.270000e-02 8.866294e-01
3.280000e-02 8.791406e-01
3.290000e-02 8.717765e-01
3.300000e-02 8.645347e-01
3.310000e-02 8.574129e-01
3.320000e-02 8.504088e-01
3.330000e-02 8.435202e-01
3.340000e-02 8.367450e-01
3.350000e-02 8.300810e-01
3.360000e-02 8.235262e-01
3.370000e-02 8.170784e-01
3.380000e-02 8.107358e-01
3.390000e-02 8.044963e-01
3.400000e-02 7.983580e-01
3.410000e-02 7.923190e-01
3.420000e-02 7.863775e-01
3.430000e-02 7.805316e-01
3.440000e-02 7.747795e-01
3.450000e-02 7.691195e-01
3.460000e-02 7.635499e-01
3.470000e-02 7.580689e-01
3.480000e-02 7.526750e-01
3.490000e-02 7.473665e-01
3.500000e-02 7.421418e-01
3.510000e-02 7.369993e-01
3.520000e-02 7.319375e-01
3.530000e-02 7.269550e-01
3.540000e-02 7.220501e-01
3.550000e-02 7.172216e-01
3.560000e-02 7.124679e-01
3.570000e-02 7.077876e-01
3.580000e-02 7.031795e-01
3.590000e-02 6.986422e-01
3.600000e-02 6.941742e-01
3.610000e-02 6.897745e-01
3.620000e-02 6.854416e-01
3.630000e-02 6.811744e-01
3.640000e-02 6.769716e-01
3.650000e-02 6.728320e-01
3.660000e-02 6.687545e-01
3.670000e-02 6.647380e-01
3.680000e-02 6.607812e-01
3.690000e-02 6.568831e-01
3.700000e-02 6.530425e-01
3.710000e-02 6.492585e-01
3.720000e-02 6.455300e-01
3.730000e-02 6.418560e-01
3.740000e-02 6.382354e-01
3.750000e-02 6.346672e-01
3.760000e-02 6.311506e-01
3.770000e-02 6.276845e-01
3.780000e-02 6.242681e-01
3.790000e-02 6.209003e-01
3.800000e-02 6.175804e-01
3.810000e-02 6.143073e-01
3.820000e-02 6.110804e-01
3.830000e-02 6.078987e-01
3.840000e-02 6.047613e-01
3.850000e-02 6.016675e-01
3.860000e-02 5.986166e-01
3.870000e-02 5.956076e-01
3.880000e-02 5.926398e-01
3.890000e-02 5.897125e-01
3.900000e-02 5.868249e-01
3.910000e-02 5.839764e-01
3.920000e-02 5.811661e-01
3.930000e-02 5.783934e-01
3.940000e-02 5.756577e-01
3.950000e-02 5.729581e-01
3.960000e-02 5.702942e-01
3.970000e-02 5.676651e-01
3.980000e-02 5.650704e-01
3.990000e-02 5.625093e-01
4.000000e-02 5.599813e-01
4.010000e-02 5.574858e-01
4.020000e-02 5.550221e-01
4.030000e-02 5.525897e-01
4.040000e-02 5.501881e-01
4.050000e-02 5.478166e-01
4.060000e-02 5.454748e-01
4.070000e-02 5.431620e-01
4.080000e-02 5.408778e-01
4.090000e-02 5.386217e-01
4.100000e-02 5.363932e-01
4.110000e-02 5.341916e-01
4.120000e-02 5.320167e-01
4.130000e-02 5.298678e-01
4.140000e-02 5.277446e-01
4.150000e-02 5.256466e-01
4.160000e-02 5.235732e-01
4.170000e-02 5.215241e-01
4.180000e-02 5.194989e-01
4.190000e-02 5.174971e-01
4.200000e-02 5.155183e-01
4.210000e-02 5.135621e-01
4.220000e-02 5.116281e-01
4.230000e-02 5.097159e-01
4.240000e-02 5.078250e-01
4.250000e-02 5.059553e-01
4.260000e-02 5.041061e-01
4.270000e-02 5.022773e-01
4.280000e-02 5.004684e-01
4.290000e-02 4.986791e-01
4.300000e-02 4.969090e-01
4.310000e-02 4.951579e-01
4.320000e-02 4.934253e-01
4.330000e-02 4.917109e-01
4.340000e-02 4.900145e-01
4.350000e-02 4.883357e-01
4.360000e-02 4.866742e-01
4.370000e-02 4.850297e-01
4.380000e-02 4.834020e-01
4.390000e-02 4.817906e-01
4.400000e-02 4.801954e-01
4.410000e-02 4.786160e-01
4.420000e-02 4.770522e-01
4.430000e-02 4.755037e-01
4.440000e-02 4.739703e-01
4.450000e-02 4.724517e-01
4.460000e-02 4.709476e-01
4.470000e-02 4.694577e-01
4.480000e-02 4.679820e-01
4.490000e-02 4.665200e-01
4.500000e-02 4.650716e-01
4.510000e-02 4.636365e-01
4.520000e-02 4.622145e-01
4.530000e-02 4.608055e-01
4.540000e-02 4.594091e-01
4.550000e-02 4.580251e-01
4.560000e-02 4.566534e-01
4.570000e-02 4.552937e-01
4.580000e-02 4.539459e-01
4.590000e-02 4.526097e-01
4.600000e-02 4.512849e-01
4.610000e-02 4.499714e-01
4.620000e-02 4.486690e-01
4.630000e-02 4.473774e-01
4.640000e-02 4.460966e-01
4.650000e-02 4.448262e-01
4.660000e-02 4.435662e-01
4.670000e-02 4.423164e-01
4.680000e-02 4.410766e-01
4.690000e-02 4.398467e-01
4.700000e-02 4.386264e-01
4.710000e-02 4.374157e-01
4.720000e-02 4.362143e-01
4.730000e-02 4.350221e-01
4.740000e-02 4.338391e-01
4.750000e-02 4.326649e-01
4.760000e-02 4.314995e-01
4.770000e-02 4.303428e-01
4.780000e-02 4.291946e-01
4.790000e-02 4.280547e-01
4.800000e-02 4.269231e-01
4.810000e-02 4.257995e-01
4.820000e-02 4.246840e-01
4.830000e-02 4.235763e-01
4.840000e-02 4.224763e-01
4.850000e-02 4.213839e-01
4.860000e-02 4.202990e-01
4.870000e-02 4.192214e-01
4.880000e-02 4.181511e-01
4.890000e-02 4.170880e-01
4.900000e-02 4.160318e-01
4.910000e-02 4.149826e-01
4.920000e-02 4.139402e-01
4.930000e-02 4.129045e-01
4.940000e-02 4.118755e-01
4.950000e-02 4.108529e-01
4.960000e-02 4.098367e-01
4.970000e-02 4.088268e-01
4.980000e-02 4.078232e-01
4.990000e-02 4.068257e-01
5.000000e-02 4.058342e-01
