0.000000e+00 1.295259e+02
1.000000e-04 1.277312e+02
2.000000e-04 1.259716e+02
3.000000e-04 1.242454e+02
4.000000e-04 1.225509e+02
5.000000e-04 1.208864e+02
6.000000e-04 1.192506e+02
7.000000e-04 1.176424e+02
8.000000e-04 1.160606e+02
9.000000e-04 1.145042e+02
1.000000e-03 1.129723e+02
1.100000e-03 1.114641e+02
1.200000e-03 1.099788e+02
1.300000e-03 1.085158e+02
1.400000e-03 1.070744e+02
1.500000e-03 1.056540e+02
1.600000e-03 1.042542e+02
1.700000e-03 1.028744e+02
1.800000e-03 1.015141e+02
1.900000e-03 1.001730e+02
2.000000e-03 9.885062e+01
2.100000e-03 9.754657e+01
2.200000e-03 9.626052e+01
2.300000e-03 9.499212e+01
2.400000e-03 9.374105e+01
2.500000e-03 9.250701e+01
2.600000e-03 9.128969e+01
2.700000e-03 9.008883e+01
2.800000e-03 8.890416e+01
2.900000e-03 8.773540e+01
3.000000e-03 8.658232e+01
3.100000e-03 8.544468e+01
3.200000e-03 8.432223e+01
3.300000e-03 8.321476e+01
3.400000e-03 8.212203e+01
3.500000e-03 8.104385e+01
3.600000e-03 7.997998e+01
3.700000e-03 7.893024e+01
3.800000e-03 7.789443e+01
3.900000e-03 7.687233e+01
4.000000e-03 7.586378e+01
4.100000e-03 7.486857e+01
4.200000e-03 7.388652e+01
4.300000e-03 7.291745e+01
4.400000e-03 7.196120e+01
4.500000e-03 7.101757e+01
4.600000e-03 7.008640e+01
4.700000e-03 6.916752e+01
4.800000e-03 6.826077e+01
4.900000e-03 6.736598e+01
5.000000e-03 6.648300e+01
5.100000e-03 6.561166e+01
5.200000e-03 6.475181e+01
5.300000e-03 6.390329e+01
5.400000e-03 6.306596e+01
5.500000e-03 6.223967e+01
5.600000e-03 6.142426e+01
5.700000e-03 6.061960e+01
5.800000e-03 5.982554e+01
5.900000e-03 5.904194e+01
6.000000e-03 5.826867e+01
6.100000e-03 5.750558e+01
6.200000e-03 5.675254e+01
6.300000e-03 5.600943e+01
6.400000e-03 5.527610e+01
6.500000e-03 5.455243e+01
6.600000e-03 5.383828e+01
6.700000e-03 5.313355e+01
6.800000e-03 5.243809e+01
6.900000e-03 5.175180e+01
7.000000e-03 5.107454e+01
7.100000e-03 5.040619e+01
7.200000e-03 4.974665e+01
7.300000e-03 4.909580e+01
7.400000e-03 4.845351e+01
7.500000e-03 4.781968e+01
7.600000e-03 4.719419e+01
7.700000e-03 4.657694e+01
7.800000e-03 4.596782e+01
7.900000e-03 4.536672e+01
8.000000e-03 4.477353e+01
8.100000e-03 4.418815e+01
8.200000e-03 4.361047e+01
8.300000e-03 4.304041e+01
8.400000e-03 4.247784e+01
8.500000e-03 4.192269e+01
8.600000e-03 4.137484e+01
8.700000e-03 4.083420e+01
8.800000e-03 4.030068e+01
8.900000e-03 3.977419e+01
9.000000e-03 3.925462e+01
9.100000e-03 3.874190e+01
9.200000e-03 3.823592e+01
9.300000e-03 3.773660e+01
9.400000e-03 3.724386e+01
9.500000e-03 3.675760e+01
9.600000e-03 3.627775e+01
9.700000e-03 3.580421e+01
9.800000e-03 3.533690e+01
9.900000e-03 3.487574e+01
1.000000e-02 3.442066e+01
1.010000e-02 3.397156e+01
1.020000e-02 3.352838e+01
1.030000e-02 3.309102e+01
1.040000e-02 3.265943e+01
1.050000e-02 3.223351e+01
1.060000e-02 3.181320e+01
1.070000e-02 3.139843e+01
1.080000e-02 3.098911e+01
1.090000e-02 3.058518e+01
1.100000e-02 3.018656e+01
1.110000e-02 2.979319e+01
1.120000e-02 2.940500e+01
1.130000e-02 2.902191e+01
1.140000e-02 2.864387e+01
1.150000e-02 2.827080e+01
1.160000e-02 2.790265e+01
1.170000e-02 2.753933e+01
1.180000e-02 2.718080e+01
1.190000e-02 2.682699e+01
1.200000e-02 2.647783e+01
1.210000e-02 2.613326e+01
1.220000e-02 2.579323e+01
1.230000e-02 2.545768e+01
1.240000e-02 2.512654e+01
1.250000e-02 2.479975e+01
1.260000e-02 2.447727e+01
1.270000e-02 2.415903e+01
1.280000e-02 2.384498e+01
1.290000e-02 2.353506e+01
1.300000e-02 2.322921e+01
1.310000e-02 2.292739e+01
1.320000e-02 2.262954e+01
1.330000e-02 2.233561e+01
1.340000e-02 2.204555e+01
1.350000e-02 2.175930e+01
1.360000e-02 2.147682e+01
1.370000e-02 2.119806e+01
1.380000e-02 2.092296e+01
1.390000e-02 2.065148e+01
1.400000e-02 2.038357e+01
1.410000e-02 2.011919e+01
1.420000e-02 1.985828e+01
1.430000e-02 1.960081e+01
1.440000e-02 1.934672e+01
1.450000e-02 1.909598e+01
1.460000e-02 1.884853e+01
1.470000e-02 1.860434e+01
1.480000e-02 1.836335e+01
1.490000e-02 1.812554e+01
1.500000e-02 1.789086e+01
1.510000e-02 1.765926e+01
1.520000e-02 1.743071e+01
1.530000e-02 1.720517e+01
1.540000e-02 1.698259e+01
1.550000e-02 1.676293e+01
1.560000e-02 1.654617e+01
1.570000e-02 1.633226e+01
1.580000e-02 1.612116e+01
1.590000e-02 1.591283e+01
1.600000e-02 1.570725e+01
1.610000e-02 1.550436e+01
1.620000e-02 1.530415e+01
1.630000e-02 1.510657e+01
1.640000e-02 1.491158e+01
1.650000e-02 1.471916e+01
1.660000e-02 1.452927e+01
1.670000e-02 1.434188e+01
1.680000e-02 1.415695e+01
1.690000e-02 1.397445e+01
1.700000e-02 1.379435e+01
1.710000e-02 1.361661e+01
1.720000e-02 1.344122e+01
1.730000e-02 1.326813e+01
1.740000e-02 1.309731e+01
1.750000e-02 1.292874e+01
1.760000e-02 1.276239e+01
1.770000e-02 1.259822e+01
1.780000e-02 1.243621e+01
1.790000e-02 1.227632e+01
1.800000e-02 1.211854e+01
1.810000e-02 1.196284e+01
1.820000e-02 1.180918e+01
1.830000e-02 1.165753e+01
1.840000e-02 1.150789e+01
1.850000e-02 1.136020e+01
1.860000e-02 1.121446e+01
1.870000e-02 1.107063e+01
1.880000e-02 1.092870e+01
1.890000e-02 1.078862e+01
1.900000e-02 1.065039e+01
1.910000e-02 1.051398e+01
1.920000e-02 1.037935e+01
1.930000e-02 1.024650e+01
1.940000e-02 1.011539e+01
1.950000e-02 9.985999e+00
1.960000e-02 9.858311e+00
1.970000e-02 9.732300e+00
1.980000e-02 9.607944e+00
1.990000e-02 9.485221e+00
2.000000e-02 9.364110e+00
2.010000e-02 9.244589e+00
2.020000e-02 9.126638e+00
2.030000e-02 9.010236e+00
2.040000e-02 8.895362e+00
2.050000e-02 8.781997e+00
2.060000e-02 8.670121e+00
2.070000e-02 8.559713e+00
2.080000e-02 8.450755e+00
2.090000e-02 8.343227e+00
2.100000e-02 8.237111e+00
2.110000e-02 8.132388e+00
2.120000e-02 8.029040e+00
2.130000e-02 7.927048e+00
2.140000e-02 7.826395e+00
2.150000e-02 7.727063e+00
2.160000e-02 7.629035e+00
2.170000e-02 7.532293e+00
2.180000e-02 7.436821e+00
2.190000e-02 7.342602e+00
2.200000e-02 7.249619e+00
2.210000e-02 7.157857e+00
2.220000e-02 7.067298e+00
2.230000e-02 6.977927e+00
2.240000e-02 6.889729e+00
2.250000e-02 6.802688e+00
2.260000e-02 6.716789e+00
2.270000e-02 6.632017e+00
2.280000e-02 6.548356e+00
2.290000e-02 6.465793e+00
2.300000e-02 6.384313e+00
2.310000e-02 6.303901e+00
2.320000e-02 6.224544e+00
2.330000e-02 6.146228e+00
2.340000e-02 6.068938e+00
2.350000e-02 5.992662e+00
2.360000e-02 5.917386e+00
2.370000e-02 5.843097e+00
2.380000e-02 5.769781e+00
2.390000e-02 5.697427e+00
2.400000e-02 5.626021e+00
2.410000e-02 5.555551e+00
2.420000e-02 5.486005e+00
2.430000e-02 5.417370e+00
2.440000e-02 5.349635e+00
2.450000e-02 5.282787e+00
2.460000e-02 5.216816e+00
2.470000e-02 5.151708e+00
2.480000e-02 5.087454e+00
2.490000e-02 5.024041e+00
2.500000e-02 4.961459e+00
2.510000e-02 4.899697e+00
2.520000e-02 4.838743e+00
2.530000e-02 4.778588e+00
2.540000e-02 4.719221e+00
2.550000e-02 4.660631e+00
2.560000e-02 4.602809e+00
2.570000e-02 4.545743e+00
2.580000e-02 4.489425e+00
2.590000e-02 4.433843e+00
2.600000e-02 4.378990e+00
2.610000e-02 4.324854e+00
2.620000e-02 4.271427e+00
2.630000e-02 4.218699e+00
2.640000e-02 4.166661e+00
2.650000e-02 4.115304e+00
2.660000e-02 4.064619e+00
2.670000e-02 4.014597e+00
2.680000e-02 3.965230e+00
2.690000e-02 3.916508e+00
2.700000e-02 3.868423e+00
2.710000e-02 3.820968e+00
2.720000e-02 3.774132e+00
2.730000e-02 3.727910e+00
2.740000e-02 3.682291e+00
2.750000e-02 3.637269e+00
2.760000e-02 3.592836e+00
2.770000e-02 3.548983e+00
2.780000e-02 3.505704e+00
2.790000e-02 3.462990e+00
2.800000e-02 3.420834e+00
2.810000e-02 3.379229e+00
2.820000e-02 3.338168e+00
2.830000e-02 3.297643e+00
2.840000e-02 3.257648e+00
2.850000e-02 3.218174e+00
2.860000e-02 3.179217e+00
2.870000e-02 3.140768e+00
2.880000e-02 3.102821e+00
2.890000e-02 3.065369e+00
2.900000e-02 3.028407e+00
2.910000e-02 2.991926e+00
2.920000e-02 2.955922e+00
2.930000e-02 2.920388e+00
2.940000e-02 2.885317e+00
2.950000e-02 2.850704e+00
2.960000e-02 2.816543e+00
2.970000e-02 2.782827e+00
2.980000e-02 2.749550e+00
2.990000e-02 2.716708e+00
3.000000e-02 2.684294e+00
3.010000e-02 2.652303e+00
3.020000e-02 2.620728e+00
3.030000e-02 2.589565e+00
3.040000e-02 2.558808e+00
3.050000e-02 2.528452e+00
3.060000e-02 2.498492e+00
3.070000e-02 2.468922e+00
3.080000e-02 2.439736e+00
3.090000e-02 2.410931e+00
3.100000e-02 2.382502e+00
3.110000e-02 2.354442e+00
3.120000e-02 2.326747e+00
3.130000e-02 2.299413e+00
3.140000e-02 2.272435e+00
3.150000e-02 2.245808e+00
3.160000e-02 2.219527e+00
3.170000e-02 2.193588e+00
3.180000e-02 2.167987e+00
3.190000e-02 2.142718e+00
3.200000e-02 2.117778e+00
3.210000e-02 2.093162e+00
3.220000e-02 2.068866e+00
3.230000e-02 2.044886e+00
3.240000e-02 2.021218e+00
3.250000e-02 1.997857e+00
3.260000e-02 1.974799e+00
3.270000e-02 1.952041e+00
3.280000e-02 1.929579e+00
3.290000e-02 1.907408e+00
3.300000e-02 1.885525e+00
3.310000e-02 1.863926e+00
3.320000e-02 1.842607e+00
3.330000e-02 1.821565e+00
3.340000e-02 1.800795e+00
3.350000e-02 1.780295e+00
3.360000e-02 1.760061e+00
3.370000e-02 1.740090e+00
3.380000e-02 1.720377e+00
3.390000e-02 1.700919e+00
3.400000e-02 1.681714e+00
3.410000e-02 1.662757e+00
3.420000e-02 1.644046e+00
3.430000e-02 1.625578e+00
3.440000e-02 1.607348e+00
3.450000e-02 1.589354e+00
3.460000e-02 1.571594e+00
3.470000e-02 1.554063e+00
3.480000e-02 1.536758e+00
3.490000e-02 1.519678e+00
3.500000e-02 1.502818e+00
3.510000e-02 1.486177e+00
3.520000e-02 1.469750e+00
3.530000e-02 1.453536e+00
3.540000e-02 1.437531e+00
3.550000e-02 1.421733e+00
3.560000e-02 1.406138e+00
3.570000e-02 1.390746e+00
3.580000e-02 1.375551e+00
3.590000e-02 1.360553e+00
3.600000e-02 1.345748e+00
3.610000e-02 1.331135e+00
3.620000e-02 1.316709e+00
3.630000e-02 1.302470e+00
3.640000e-02 1.288414e+00
3.650000e-02 1.274539e+00
3.660000e-02 1.260843e+00
3.670000e-02 1.247323e+00
3.680000e-02 1.233977e+00
3.690000e-02 1.220803e+00
3.700000e-02 1.207799e+00
3.710000e-02 1.194961e+00
3.720000e-02 1.182289e+00
3.730000e-02 1.169780e+00
3.740000e-02 1.157431e+00
3.750000e-02 1.145241e+00
3.760000e-02 1.133208e+00
3.770000e-02 1.121329e+00
3.780000e-02 1.109603e+00
3.790000e-02 1.098027e+00
3.800000e-02 1.086599e+00
3.810000e-02 1.075318e+00
3.820000e-02 1.064182e+00
3.830000e-02 1.053188e+00
3.840000e-02 1.042336e+00
3.850000e-02 1.031622e+00
3.860000e-02 1.021045e+00
3.870000e-02 1.010604e+00
3.880000e-02 1.000296e+00
3.890000e-02 9.901203e-01
3.900000e-02 9.800745e-01
3.910000e-02 9.701571e-01
3.920000e-02 9.603665e-01
3.930000e-02 9.507008e-01
3.940000e-02 9.411585e-01
3.950000e-02 9.317381e-01
3.960000e-02 9.224378e-01
3.970000e-02 9.132560e-01
3.980000e-02 9.041914e-01
3.990000e-02 8.952422e-01
4.000000e-02 8.864070e-01
4.010000e-02 8.776843e-01
4.020000e-02 8.690726e-01
4.030000e-02 8.605705e-01
4.040000e-02 8.521765e-01
4.050000e-02 8.438891e-01
4.060000e-02 8.357071e-01
4.070000e-02 8.276290e-01
4.080000e-02 8.196534e-01
4.090000e-02 8.117791e-01
4.100000e-02 8.040046e-01
4.110000e-02 7.963287e-01
4.120000e-02 7.887500e-01
4.130000e-02 7.812674e-01
4.140000e-02 7.738795e-01
4.150000e-02 7.665850e-01
4.160000e-02 7.593829e-01
4.170000e-02 7.522718e-01
4.180000e-02 7.452505e-01
4.190000e-02 7.383180e-01
4.200000e-02 7.314729e-01
4.210000e-02 7.247143e-01
4.220000e-02 7.180408e-01
4.230000e-02 7.114515e-01
4.240000e-02 7.049452e-01
4.250000e-02 6.985209e-01
4.260000e-02 6.921774e-01
4.270000e-02 6.859136e-01
4.280000e-02 6.797287e-01
4.290000e-02 6.736214e-01
4.300000e-02 6.675908e-01
4.310000e-02 6.616360e-01
4.320000e-02 6.557558e-01
4.330000e-02 6.499493e-01
4.340000e-02 6.442156e-01
4.350000e-02 6.385537e-01
4.360000e-02 6.329626e-01
4.370000e-02 6.274415e-01
4.380000e-02 6.219894e-01
4.390000e-02 6.166054e-01
4.400000e-02 6.112886e-01
4.410000e-02 6.060382e-01
4.420000e-02 6.008532e-01
4.430000e-02 5.957328e-01
4.440000e-02 5.906762e-01
4.450000e-02 5.856825e-01
4.460000e-02 5.807510e-01
4.470000e-02 5.758807e-01
4.480000e-02 5.710709e-01
4.490000e-02 5.663208e-01
4.500000e-02 5.616296e-01
4.510000e-02 5.569965e-01
4.520000e-02 5.524208e-01
4.530000e-02 5.479018e-01
4.540000e-02 5.434386e-01
4.550000e-02 5.390307e-01
4.560000e-02 5.346771e-01
4.570000e-02 5.303773e-01
4.580000e-02 5.261304e-01
4.590000e-02 5.219359e-01
4.600000e-02 5.177931e-01
4.610000e-02 5.137012e-01
4.620000e-02 5.096596e-01
4.630000e-02 5.056677e-01
4.640000e-02 5.017247e-01
4.650000e-02 4.978301e-01
4.660000e-02 4.939833e-01
4.670000e-02 4.901835e-01
4.680000e-02 4.864302e-01
4.690000e-02 4.827227e-01
4.700000e-02 4.790606e-01
4.710000e-02 4.754431e-01
4.720000e-02 4.718697e-01
4.730000e-02 4.683398e-01
4.740000e-02 4.648529e-01
4.750000e-02 4.614084e-01
4.760000e-02 4.580057e-01
4.770000e-02 4.546443e-01
4.780000e-02 4.513237e-01
4.790000e-02 4.480433e-01
4.800000e-02 4.448025e-01
4.810000e-02 4.416010e-01
4.820000e-02 4.384381e-01
4.830000e-02 4.353134e-01
4.840000e-02 4.322263e-01
4.850000e-02 4.291764e-01
4.860000e-02 4.261632e-01
4.870000e-02 4.231862e-01
4.880000e-02 4.202449e-01
4.890000e-02 4.173389e-01
4.900000e-02 4.144677e-01
4.910000e-02 4.116308e-01
4.920000e-02 4.088279e-01
4.930000e-02 4.060584e-01
4.940000e-02 4.033219e-01
4.950000e-02 4.006181e-01
4.960000e-02 3.979464e-01
4.970000e-02 3.953064e-01
4.980000e-02 3.926978e-01
4.990000e-02 3.901202e-01
5.000000e-02 3.875730e-01
