-5.000000e+00 9.910142e+00
-4.994000e+00 1.010762e+01
-4.988000e+00 1.028857e+01
-4.982000e+00 1.045122e+01
-4.976000e+00 1.059377e+01
-4.970000e+00 1.071443e+01
-4.964000e+00 1.081142e+01
-4.958000e+00 1.088300e+01
-4.952000e+00 1.092753e+01
-4.946000e+00 1.094347e+01
-4.940000e+00 1.092942e+01
-4.934000e+00 1.088418e+01
-4.928000e+00 1.080676e+01
-4.922000e+00 1.069645e+01
-4.916000e+00 1.055287e+01
-4.910000e+00 1.037595e+01
-4.904000e+00 1.016607e+01
-4.898000e+00 9.923998e+00
-4.892000e+00 9.650994e+00
-4.886000e+00 9.348795e+00
-4.880000e+00 9.019648e+00
-4.874000e+00 8.666309e+00
-4.868000e+00 8.292039e+00
-4.862000e+00 7.900586e+00
-4.856000e+00 7.496150e+00
-4.850000e+00 7.083335e+00
-4.844000e+00 6.667088e+00
-4.838000e+00 6.252619e+00
-4.832000e+00 5.845318e+00
-4.826000e+00 5.450647e+00
-4.820000e+00 5.074039e+00
-4.814000e+00 4.720780e+00
-4.808000e+00 4.395896e+00
-4.802000e+00 4.104041e+00
-4.796000e+00 3.849390e+00
-4.790000e+00 3.635541e+00
-4.784000e+00 3.465435e+00
-4.778000e+00 3.341285e+00
-4.772000e+00 3.264532e+00
-4.766000e+00 3.235815e+00
-4.760000e+00 3.254967e+00
-4.754000e+00 3.321029e+00
-4.748000e+00 3.432281e+00
-4.742000e+00 3.586303e+00
-4.736000e+00 3.780036e+00
-4.730000e+00 4.009870e+00
-4.724000e+00 4.271733e+00
-4.718000e+00 4.561189e+00
-4.712000e+00 4.873542e+00
-4.706000e+00 5.203932e+00
-4.700000e+00 5.547438e+00
-4.694000e+00 5.899167e+00
-4.688000e+00 6.254336e+00
-4.682000e+00 6.608352e+00
-4.676000e+00 6.956870e+00
-4.670000e+00 7.295851e+00
-4.664000e+00 7.621600e+00
-4.658000e+00 7.930800e+00
-4.652000e+00 8.220528e+00
-4.646000e+00 8.488269e+00
-4.640000e+00 8.731916e+00
-4.634000e+00 8.949765e+00
-4.628000e+00 9.140500e+00
-4.622000e+00 9.303180e+00
-4.616000e+00 9.437213e+00
-4.610000e+00 9.542331e+00
-4.604000e+00 9.618566e+00
-4.598000e+00 9.666217e+00
-4.592000e+00 9.685825e+00
-4.586000e+00 9.678140e+00
-4.580000e+00 9.644098e+00
-4.574000e+00 9.584786e+00
-4.568000e+00 9.501422e+00
-4.562000e+00 9.395330e+00
-4.556000e+00 9.267913e+00
-4.550000e+00 9.120638e+00
-4.544000e+00 8.955014e+00
-4.538000e+00 8.772575e+00
-4.532000e+00 8.574866e+00
-4.526000e+00 8.363429e+00
-4.520000e+00 8.139792e+00
-4.514000e+00 7.905461e+00
-4.508000e+00 7.661906e+00
-4.502000e+00 7.410561e+00
-4.496000e+00 7.152813e+00
-4.490000e+00 6.890002e+00
-4.484000e+00 6.623411e+00
-4.478000e+00 6.354271e+00
-4.472000e+00 6.083752e+00
-4.466000e+00 5.812969e+00
-4.460000e+00 5.542973e+00
-4.454000e+00 5.274759e+00
-4.448000e+00 5.009262e+00
-4.442000e+00 4.747358e+00
-4.436000e+00 4.489867e+00
-4.430000e+00 4.237551e+00
-4.424000e+00 3.991120e+00
-4.418000e+00 3.751231e+00
-4.412000e+00 3.518488e+00
-4.406000e+00 3.293450e+00
-4.400000e+00 3.076624e+00
-4.394000e+00 2.868477e+00
-4.388000e+00 2.669430e+00
-4.382000e+00 2.479865e+00
-4.376000e+00 2.300124e+00
-4.370000e+00 2.130512e+00
-4.364000e+00 1.971300e+00
-4.358000e+00 1.822725e+00
-4.352000e+00 1.684994e+00
-4.346000e+00 1.558284e+00
-4.340000e+00 1.442743e+00
-4.334000e+00 1.338495e+00
-4.328000e+00 1.245639e+00
-4.322000e+00 1.164251e+00
-4.316000e+00 1.094384e+00
-4.310000e+00 1.036072e+00
-4.304000e+00 9.893303e-01
-4.298000e+00 9.541567e-01
-4.292000e+00 9.305318e-01
-4.286000e+00 9.184210e-01
-4.280000e+00 9.177754e-01
-4.274000e+00 9.285323e-01
-4.268000e+00 9.506166e-01
-4.262000e+00 9.839411e-01
-4.256000e+00 1.028408e+00
-4.250000e+00 1.083908e+00
-4.244000e+00 1.150322e+00
-4.238000e+00 1.227522e+00
-4.232000e+00 1.315371e+00
-4.226000e+00 1.413722e+00
-4.220000e+00 1.522420e+00
-4.214000e+00 1.641301e+00
-4.208000e+00 1.770193e+00
-4.202000e+00 1.908915e+00
-4.196000e+00 2.057276e+00
-4.190000e+00 2.215076e+00
-4.184000e+00 2.382105e+00
-4.178000e+00 2.558144e+00
-4.172000e+00 2.742958e+00
-4.166000e+00 2.936304e+00
-4.160000e+00 3.137923e+00
-4.154000e+00 3.347539e+00
-4.148000e+00 3.564862e+00
-4.142000e+00 3.789580e+00
-4.136000e+00 4.021363e+00
-4.130000e+00 4.259856e+00
-4.124000e+00 4.504677e+00
-4.118000e+00 4.755418e+00
-4.112000e+00 5.011636e+00
-4.106000e+00 5.272855e+00
-4.100000e+00 5.538561e+00
-4.094000e+00 5.808195e+00
-4.088000e+00 6.081154e+00
-4.082000e+00 6.356784e+00
-4.076000e+00 6.634377e+00
-4.070000e+00 6.913166e+00
-4.064000e+00 7.192322e+00
-4.058000e+00 7.470949e+00
-4.052000e+00 7.748082e+00
-4.046000e+00 8.022679e+00
-4.040000e+00 8.293627e+00
-4.034000e+00 8.559729e+00
-4.028000e+00 8.819712e+00
-4.022000e+00 9.072219e+00
-4.016000e+00 9.315818e+00
-4.010000e+00 9.548997e+00
-4.004000e+00 9.770173e+00
-3.998000e+00 9.977695e+00
-3.992000e+00 1.016986e+01
-3.986000e+00 1.034491e+01
-3.980000e+00 1.050106e+01
-3.974000e+00 1.063651e+01
-3.968000e+00 1.074948e+01
-3.962000e+00 1.083818e+01
-3.956000e+00 1.090093e+01
-3.950000e+00 1.093610e+01
-3.944000e+00 1.094218e+01
-3.938000e+00 1.091786e+01
-3.932000e+00 1.086199e+01
-3.926000e+00 1.077367e+01
-3.920000e+00 1.065230e+01
-3.914000e+00 1.049759e+01
-3.908000e+00 1.030963e+01
-3.902000e+00 1.008890e+01
-3.896000e+00 9.836358e+00
-3.890000e+00 9.553404e+00
-3.884000e+00 9.241948e+00
-3.878000e+00 8.904406e+00
-3.872000e+00 8.543703e+00
-3.866000e+00 8.163266e+00
-3.860000e+00 7.766997e+00
-3.854000e+00 7.359238e+00
-3.848000e+00 6.944715e+00
-3.842000e+00 6.528470e+00
-3.836000e+00 6.115787e+00
-3.830000e+00 5.712088e+00
-3.824000e+00 5.322839e+00
-3.818000e+00 4.953437e+00
-3.812000e+00 4.609094e+00
-3.806000e+00 4.294724e+00
-3.800000e+00 4.014833e+00
-3.794000e+00 3.773414e+00
-3.788000e+00 3.573854e+00
-3.782000e+00 3.418858e+00
-3.776000e+00 3.310386e+00
-3.770000e+00 3.249614e+00
-3.764000e+00 3.236912e+00
-3.758000e+00 3.271845e+00
-3.752000e+00 3.353197e+00
-3.746000e+00 3.479008e+00
-3.740000e+00 3.646636e+00
-3.734000e+00 3.852828e+00
-3.728000e+00 4.093811e+00
-3.722000e+00 4.365380e+00
-3.716000e+00 4.663000e+00
-3.710000e+00 4.981910e+00
-3.704000e+00 5.317220e+00
-3.698000e+00 5.664007e+00
-3.692000e+00 6.017406e+00
-3.686000e+00 6.372690e+00
-3.680000e+00 6.725342e+00
-3.674000e+00 7.071113e+00
-3.668000e+00 7.406076e+00
-3.662000e+00 7.726658e+00
-3.656000e+00 8.029672e+00
-3.650000e+00 8.312331e+00
-3.644000e+00 8.572254e+00
-3.638000e+00 8.807472e+00
-3.632000e+00 9.016410e+00
-3.626000e+00 9.197880e+00
-3.620000e+00 9.351061e+00
-3.614000e+00 9.475469e+00
-3.608000e+00 9.570942e+00
-3.602000e+00 9.637603e+00
-3.596000e+00 9.675836e+00
-3.590000e+00 9.686253e+00
-3.584000e+00 9.669671e+00
-3.578000e+00 9.627077e+00
-3.572000e+00 9.559607e+00
-3.566000e+00 9.468515e+00
-3.560000e+00 9.355155e+00
-3.554000e+00 9.220954e+00
-3.548000e+00 9.067394e+00
-3.542000e+00 8.895993e+00
-3.536000e+00 8.708293e+00
-3.530000e+00 8.505836e+00
-3.524000e+00 8.290164e+00
-3.518000e+00 8.062797e+00
-3.512000e+00 7.825229e+00
-3.506000e+00 7.578920e+00
-3.500000e+00 7.325289e+00
-3.494000e+00 7.065707e+00
-3.488000e+00 6.801496e+00
-3.482000e+00 6.533922e+00
-3.476000e+00 6.264195e+00
-3.470000e+00 5.993467e+00
-3.464000e+00 5.722832e+00
-3.458000e+00 5.453323e+00
-3.452000e+00 5.185914e+00
-3.446000e+00 4.921520e+00
-3.440000e+00 4.660999e+00
-3.434000e+00 4.405150e+00
-3.428000e+00 4.154720e+00
-3.422000e+00 3.910399e+00
-3.416000e+00 3.672827e+00
-3.410000e+00 3.442593e+00
-3.404000e+00 3.220238e+00
-3.398000e+00 3.006256e+00
-3.392000e+00 2.801097e+00
-3.386000e+00 2.605171e+00
-3.380000e+00 2.418844e+00
-3.374000e+00 2.242447e+00
-3.368000e+00 2.076273e+00
-3.362000e+00 1.920582e+00
-3.356000e+00 1.775600e+00
-3.350000e+00 1.641525e+00
-3.344000e+00 1.518522e+00
-3.338000e+00 1.406734e+00
-3.332000e+00 1.306274e+00
-3.326000e+00 1.217233e+00
-3.320000e+00 1.139680e+00
-3.314000e+00 1.073661e+00
-3.308000e+00 1.019205e+00
-3.302000e+00 9.763211e-01
-3.296000e+00 9.449999e-01
-3.290000e+00 9.252176e-01
-3.284000e+00 9.169347e-01
-3.278000e+00 9.200975e-01
-3.272000e+00 9.346392e-01
-3.266000e+00 9.604805e-01
-3.260000e+00 9.975305e-01
-3.254000e+00 1.045687e+00
-3.248000e+00 1.104839e+00
-3.242000e+00 1.174863e+00
-3.236000e+00 1.255629e+00
-3.230000e+00 1.346995e+00
-3.224000e+00 1.448813e+00
-3.218000e+00 1.560924e+00
-3.212000e+00 1.683162e+00
-3.206000e+00 1.815351e+00
-3.200000e+00 1.957307e+00
-3.194000e+00 2.108837e+00
-3.188000e+00 2.269737e+00
-3.182000e+00 2.439795e+00
-3.176000e+00 2.618785e+00
-3.170000e+00 2.806472e+00
-3.164000e+00 3.002605e+00
-3.158000e+00 3.206920e+00
-3.152000e+00 3.419139e+00
-3.146000e+00 3.638962e+00
-3.140000e+00 3.866073e+00
-3.134000e+00 4.100134e+00
-3.128000e+00 4.340779e+00
-3.122000e+00 4.587621e+00
-3.116000e+00 4.840238e+00
-3.110000e+00 5.098178e+00
-3.104000e+00 5.360952e+00
-3.098000e+00 5.628031e+00
-3.092000e+00 5.898843e+00
-3.086000e+00 6.172768e+00
-3.080000e+00 6.449134e+00
-3.074000e+00 6.727214e+00
-3.068000e+00 7.006220e+00
-3.062000e+00 7.285303e+00
-3.056000e+00 7.563543e+00
-3.050000e+00 7.839949e+00
-3.044000e+00 8.113458e+00
-3.038000e+00 8.382927e+00
-3.032000e+00 8.647135e+00
-3.026000e+00 8.904781e+00
-3.020000e+00 9.154482e+00
-3.014000e+00 9.394779e+00
-3.008000e+00 9.624136e+00
-3.002000e+00 9.840947e+00
-2.996000e+00 1.004354e+01
-2.990000e+00 1.023020e+01
-2.984000e+00 1.039915e+01
-2.978000e+00 1.054860e+01
-2.972000e+00 1.067676e+01
-2.966000e+00 1.078183e+01
-2.960000e+00 1.086207e+01
-2.954000e+00 1.091579e+01
-2.948000e+00 1.094143e+01
-2.942000e+00 1.093752e+01
-2.936000e+00 1.090279e+01
-2.930000e+00 1.083619e+01
-2.924000e+00 1.073691e+01
-2.918000e+00 1.060444e+01
-2.912000e+00 1.043861e+01
-2.906000e+00 1.023965e+01
-2.900000e+00 1.000820e+01
-2.894000e+00 9.745335e+00
-2.888000e+00 9.452644e+00
-2.882000e+00 9.132199e+00
-2.876000e+00 8.786586e+00
-2.870000e+00 8.418900e+00
-2.864000e+00 8.032729e+00
-2.858000e+00 7.632128e+00
-2.852000e+00 7.221572e+00
-2.846000e+00 6.805901e+00
-2.840000e+00 6.390248e+00
-2.834000e+00 5.979952e+00
-2.828000e+00 5.580463e+00
-2.822000e+00 5.197237e+00
-2.816000e+00 4.835621e+00
-2.810000e+00 4.500741e+00
-2.804000e+00 4.197387e+00
-2.798000e+00 3.929905e+00
-2.792000e+00 3.702095e+00
-2.786000e+00 3.517125e+00
-2.780000e+00 3.377457e+00
-2.774000e+00 3.284793e+00
-2.768000e+00 3.240044e+00
-2.762000e+00 3.243308e+00
-2.756000e+00 3.293887e+00
-2.750000e+00 3.390311e+00
-2.744000e+00 3.530387e+00
-2.738000e+00 3.711258e+00
-2.732000e+00 3.929490e+00
-2.726000e+00 4.181154e+00
-2.720000e+00 4.461923e+00
-2.714000e+00 4.767178e+00
-2.708000e+00 5.092101e+00
-2.702000e+00 5.431783e+00
-2.696000e+00 5.781309e+00
-2.690000e+00 6.135852e+00
-2.684000e+00 6.490749e+00
-2.678000e+00 6.841564e+00
-2.672000e+00 7.184153e+00
-2.666000e+00 7.514700e+00
-2.660000e+00 7.829761e+00
-2.654000e+00 8.126279e+00
-2.648000e+00 8.401604e+00
-2.642000e+00 8.653491e+00
-2.636000e+00 8.880104e+00
-2.630000e+00 9.080000e+00
-2.624000e+00 9.252114e+00
-2.618000e+00 9.395741e+00
-2.612000e+00 9.510508e+00
-2.606000e+00 9.596350e+00
-2.600000e+00 9.653480e+00
-2.594000e+00 9.682362e+00
-2.588000e+00 9.683680e+00
-2.582000e+00 9.658310e+00
-2.576000e+00 9.607291e+00
-2.570000e+00 9.531803e+00
-2.564000e+00 9.433134e+00
-2.558000e+00 9.312665e+00
-2.552000e+00 9.171844e+00
-2.546000e+00 9.012167e+00
-2.540000e+00 8.835161e+00
-2.534000e+00 8.642370e+00
-2.528000e+00 8.435339e+00
-2.522000e+00 8.215600e+00
-2.516000e+00 7.984668e+00
-2.510000e+00 7.744026e+00
-2.504000e+00 7.495121e+00
-2.498000e+00 7.239357e+00
-2.492000e+00 6.978088e+00
-2.486000e+00 6.712617e+00
-2.480000e+00 6.444194e+00
-2.474000e+00 6.174008e+00
-2.468000e+00 5.903193e+00
-2.462000e+00 5.632821e+00
-2.456000e+00 5.363907e+00
-2.450000e+00 5.097404e+00
-2.444000e+00 4.834208e+00
-2.438000e+00 4.575159e+00
-2.432000e+00 4.321036e+00
-2.426000e+00 4.072568e+00
-2.420000e+00 3.830429e+00
-2.414000e+00 3.595240e+00
-2.408000e+00 3.367574e+00
-2.402000e+00 3.147957e+00
-2.396000e+00 2.936868e+00
-2.390000e+00 2.734743e+00
-2.384000e+00 2.541977e+00
-2.378000e+00 2.358926e+00
-2.372000e+00 2.185905e+00
-2.366000e+00 2.023198e+00
-2.360000e+00 1.871053e+00
-2.354000e+00 1.729687e+00
-2.348000e+00 1.599285e+00
-2.342000e+00 1.480007e+00
-2.336000e+00 1.371983e+00
-2.330000e+00 1.275322e+00
-2.324000e+00 1.190106e+00
-2.318000e+00 1.116396e+00
-2.312000e+00 1.054234e+00
-2.306000e+00 1.003642e+00
-2.300000e+00 9.646222e-01
-2.294000e+00 9.371630e-01
-2.288000e+00 9.212358e-01
-2.282000e+00 9.167976e-01
-2.276000e+00 9.237923e-01
-2.270000e+00 9.421511e-01
-2.264000e+00 9.717939e-01
-2.258000e+00 1.012630e+00
-2.252000e+00 1.064558e+00
-2.246000e+00 1.127470e+00
-2.240000e+00 1.201246e+00
-2.234000e+00 1.285762e+00
-2.228000e+00 1.380885e+00
-2.222000e+00 1.486476e+00
-2.216000e+00 1.602390e+00
-2.210000e+00 1.728479e+00
-2.204000e+00 1.864586e+00
-2.198000e+00 2.010554e+00
-2.192000e+00 2.166220e+00
-2.186000e+00 2.331418e+00
-2.180000e+00 2.505979e+00
-2.174000e+00 2.689731e+00
-2.168000e+00 2.882501e+00
-2.162000e+00 3.084114e+00
-2.156000e+00 3.294391e+00
-2.150000e+00 3.513153e+00
-2.144000e+00 3.740222e+00
-2.138000e+00 3.975417e+00
-2.132000e+00 4.218556e+00
-2.126000e+00 4.469457e+00
-2.120000e+00 4.727939e+00
-2.114000e+00 4.993820e+00
-2.108000e+00 5.266919e+00
-2.102000e+00 5.547054e+00
-2.096000e+00 5.834044e+00
-2.090000e+00 6.127709e+00
-2.084000e+00 6.427870e+00
-2.078000e+00 6.734349e+00
-2.072000e+00 7.046967e+00
-2.066000e+00 7.365550e+00
-2.060000e+00 7.689920e+00
-2.054000e+00 8.019906e+00
-2.048000e+00 8.355333e+00
-2.042000e+00 8.696033e+00
-2.036000e+00 9.041834e+00
-2.030000e+00 9.392570e+00
-2.024000e+00 9.748074e+00
-2.018000e+00 1.010818e+01
-2.012000e+00 1.047273e+01
-2.006000e+00 1.084156e+01
-2.000000e+00 1.121451e+01
