-5.000000, 1.705960e-03
-4.994000, 1.796647e-03
-4.988000, 1.887249e-03
-4.982000, 1.977593e-03
-4.976000, 2.067488e-03
-4.970000, 2.156729e-03
-4.964000, 2.245097e-03
-4.958000, 2.332356e-03
-4.952000, 2.418251e-03
-4.946000, 2.502561e-03
-4.940000, 2.584989e-03
-4.934000, 2.665206e-03
-4.928000, 2.742901e-03
-4.922000, 2.817750e-03
-4.916000, 2.889417e-03
-4.910000, 2.957554e-03
-4.904000, 3.021811e-03
-4.898000, 3.081831e-03
-4.892000, 3.137254e-03
-4.886000, 3.187724e-03
-4.880000, 3.232889e-03
-4.874000, 3.272406e-03
-4.868000, 3.305946e-03
-4.862000, 3.333197e-03
-4.856000, 3.353867e-03
-4.850000, 3.367694e-03
-4.844000, 3.374443e-03
-4.838000, 3.373916e-03
-4.832000, 3.365950e-03
-4.826000, 3.350453e-03
-4.820000, 3.327343e-03
-4.814000, 3.296576e-03
-4.808000, 3.258176e-03
-4.802000, 3.212212e-03
-4.796000, 3.158808e-03
-4.790000, 3.098136e-03
-4.784000, 3.030418e-03
-4.778000, 2.955922e-03
-4.772000, 2.874961e-03
-4.766000, 2.787890e-03
-4.760000, 2.695096e-03
-4.754000, 2.597004e-03
-4.748000, 2.494063e-03
-4.742000, 2.386744e-03
-4.736000, 2.275567e-03
-4.730000, 2.161084e-03
-4.724000, 2.043716e-03
-4.718000, 1.923971e-03
-4.712000, 1.802354e-03
-4.706000, 1.679363e-03
-4.700000, 1.555487e-03
-4.694000, 1.431199e-03
-4.688000, 1.307032e-03
-4.682000, 1.183349e-03
-4.676000, 1.060570e-03
-4.670000, 9.391671e-04
-4.664000, 8.195779e-04
-4.658000, 7.020759e-04
-4.652000, 5.870734e-04
-4.646000, 4.750880e-04
-4.640000, 3.665194e-04
-4.634000, 2.620890e-04
-4.628000, 1.631897e-04
-4.622000, 8.054972e-05
-4.616000, 1.290714e-04
-4.610000, 2.162008e-04
-4.604000, 3.079895e-04
-4.598000, 3.993317e-04
-4.592000, 4.884870e-04
-4.586000, 5.748224e-04
-4.580000, 6.580492e-04
-4.574000, 7.381277e-04
-4.568000, 8.148968e-04
-4.562000, 8.883617e-04
-4.556000, 9.584819e-04
-4.550000, 1.025397e-03
-4.544000, 1.089036e-03
-4.538000, 1.149418e-03
-4.532000, 1.206588e-03
-4.526000, 1.260613e-03
-4.520000, 1.311547e-03
-4.514000, 1.359419e-03
-4.508000, 1.404282e-03
-4.502000, 1.446195e-03
-4.496000, 1.485214e-03
-4.490000, 1.521399e-03
-4.484000, 1.554808e-03
-4.478000, 1.585500e-03
-4.472000, 1.613534e-03
-4.466000, 1.639015e-03
-4.460000, 1.661958e-03
-4.454000, 1.682413e-03
-4.448000, 1.700434e-03
-4.442000, 1.716075e-03
-4.436000, 1.729389e-03
-4.430000, 1.740427e-03
-4.424000, 1.749238e-03
-4.418000, 1.755870e-03
-4.412000, 1.760368e-03
-4.406000, 1.762779e-03
-4.400000, 1.763145e-03
-4.394000, 1.761507e-03
-4.388000, 1.757905e-03
-4.382000, 1.752377e-03
-4.376000, 1.744959e-03
-4.370000, 1.735687e-03
-4.364000, 1.724593e-03
-4.358000, 1.711708e-03
-4.352000, 1.697079e-03
-4.346000, 1.680723e-03
-4.340000, 1.662662e-03
-4.334000, 1.642923e-03
-4.328000, 1.621529e-03
-4.322000, 1.598503e-03
-4.316000, 1.573867e-03
-4.310000, 1.547643e-03
-4.304000, 1.519848e-03
-4.298000, 1.490504e-03
-4.292000, 1.459627e-03
-4.286000, 1.427236e-03
-4.280000, 1.393348e-03
-4.274000, 1.357979e-03
-4.268000, 1.321146e-03
-4.262000, 1.282863e-03
-4.256000, 1.243147e-03
-4.250000, 1.202041e-03
-4.244000, 1.159558e-03
-4.238000, 1.115688e-03
-4.232000, 1.070446e-03
-4.226000, 1.023851e-03
-4.220000, 9.759167e-04
-4.214000, 9.266640e-04
-4.208000, 8.761102e-04
-4.202000, 8.242864e-04
-4.196000, 7.712365e-04
-4.190000, 7.169537e-04
-4.184000, 6.614657e-04
-4.178000, 6.048297e-04
-4.172000, 5.471525e-04
-4.166000, 4.883846e-04
-4.160000, 4.286481e-04
-4.154000, 3.680106e-04
-4.148000, 3.066521e-04
-4.142000, 2.447343e-04
-4.136000, 1.826487e-04
-4.130000, 1.212135e-04
-4.124000, 6.591046e-05
-4.118000, 8.776964e-05
-4.112000, 1.492328e-04
-4.106000, 2.185088e-04
-4.100000, 2.917717e-04
-4.094000, 3.673963e-04
-4.088000, 4.448087e-04
-4.082000, 5.237350e-04
-4.076000, 6.039940e-04
-4.070000, 6.855676e-04
-4.064000, 7.683010e-04
-4.058000, 8.521820e-04
-4.052000, 9.370895e-04
-4.046000, 1.022991e-03
-4.040000, 1.109888e-03
-4.034000, 1.197615e-03
-4.028000, 1.286089e-03
-4.022000, 1.375216e-03
-4.016000, 1.464896e-03
-4.010000, 1.555059e-03
-4.004000, 1.645536e-03
-3.998000, 1.736188e-03
-3.992000, 1.826866e-03
-3.986000, 1.917402e-03
-3.980000, 2.007617e-03
-3.974000, 2.097318e-03
-3.968000, 2.186293e-03
-3.962000, 2.274319e-03
-3.956000, 2.361152e-03
-3.950000, 2.446535e-03
-3.944000, 2.530264e-03
-3.938000, 2.611989e-03
-3.932000, 2.691401e-03
-3.926000, 2.768184e-03
-3.920000, 2.842010e-03
-3.914000, 2.912538e-03
-3.908000, 2.979422e-03
-3.902000, 3.042306e-03
-3.896000, 3.100834e-03
-3.890000, 3.154646e-03
-3.884000, 3.203386e-03
-3.878000, 3.246705e-03
-3.872000, 3.284266e-03
-3.866000, 3.315743e-03
-3.860000, 3.340832e-03
-3.854000, 3.359249e-03
-3.848000, 3.370741e-03
-3.842000, 3.375085e-03
-3.836000, 3.372094e-03
-3.830000, 3.361621e-03
-3.824000, 3.343599e-03
-3.818000, 3.317938e-03
-3.812000, 3.284622e-03
-3.806000, 3.243690e-03
-3.800000, 3.195230e-03
-3.794000, 3.139381e-03
-3.788000, 3.076333e-03
-3.782000, 3.006324e-03
-3.776000, 2.929637e-03
-3.770000, 2.846598e-03
-3.764000, 2.757574e-03
-3.758000, 2.662966e-03
-3.752000, 2.563207e-03
-3.746000, 2.458753e-03
-3.740000, 2.350082e-03
-3.734000, 2.237758e-03
-3.728000, 2.122257e-03
-3.722000, 2.004040e-03
-3.716000, 1.883615e-03
-3.710000, 1.761485e-03
-3.704000, 1.638146e-03
-3.698000, 1.514081e-03
-3.692000, 1.389783e-03
-3.686000, 1.265728e-03
-3.680000, 1.142302e-03
-3.674000, 1.019915e-03
-3.668000, 8.990989e-04
-3.662000, 7.801554e-04
-3.656000, 6.634575e-04
-3.650000, 5.493973e-04
-3.644000, 4.384909e-04
-3.638000, 3.312046e-04
-3.632000, 2.283874e-04
-3.626000, 1.320135e-04
-3.620000, 8.101255e-05
-3.614000, 1.570446e-04
-3.608000, 2.466403e-04
-3.602000, 3.386083e-04
-3.596000, 4.293183e-04
-3.590000, 5.175670e-04
-3.584000, 6.029300e-04
-3.578000, 6.850986e-04
-3.572000, 7.640798e-04
-3.566000, 8.397583e-04
-3.560000, 9.121057e-04
-3.554000, 9.811446e-04
-3.548000, 1.046974e-03
-3.542000, 1.109523e-03
-3.536000, 1.168830e-03
-3.530000, 1.224939e-03
-3.524000, 1.277935e-03
-3.518000, 1.327842e-03
-3.512000, 1.374705e-03
-3.506000, 1.418578e-03
-3.500000, 1.459520e-03
-3.494000, 1.497588e-03
-3.488000, 1.532841e-03
-3.482000, 1.565338e-03
-3.476000, 1.595137e-03
-3.470000, 1.622310e-03
-3.464000, 1.646943e-03
-3.458000, 1.669050e-03
-3.452000, 1.688688e-03
-3.446000, 1.705910e-03
-3.440000, 1.720769e-03
-3.434000, 1.733319e-03
-3.428000, 1.743609e-03
-3.422000, 1.751688e-03
-3.416000, 1.757604e-03
-3.410000, 1.761402e-03
-3.404000, 1.763126e-03
-3.398000, 1.762820e-03
-3.392000, 1.760523e-03
-3.386000, 1.756274e-03
-3.380000, 1.750112e-03
-3.374000, 1.742073e-03
-3.368000, 1.732189e-03
-3.362000, 1.720495e-03
-3.356000, 1.707023e-03
-3.350000, 1.691818e-03
-3.344000, 1.674891e-03
-3.338000, 1.656268e-03
-3.332000, 1.635974e-03
-3.326000, 1.614034e-03
-3.320000, 1.590469e-03
-3.314000, 1.565301e-03
-3.308000, 1.538551e-03
-3.302000, 1.510238e-03
-3.296000, 1.480381e-03
-3.290000, 1.448998e-03
-3.284000, 1.416106e-03
-3.278000, 1.381722e-03
-3.272000, 1.345863e-03
-3.266000, 1.308545e-03
-3.260000, 1.269783e-03
-3.254000, 1.229593e-03
-3.248000, 1.188035e-03
-3.242000, 1.145088e-03
-3.236000, 1.100759e-03
-3.230000, 1.055064e-03
-3.224000, 1.008021e-03
-3.218000, 9.596450e-04
-3.212000, 9.099563e-04
-3.206000, 8.589733e-04
-3.200000, 8.067417e-04
-3.194000, 7.532772e-04
-3.188000, 6.985904e-04
-3.182000, 6.427096e-04
-3.176000, 5.857256e-04
-3.170000, 5.276827e-04
-3.164000, 4.685776e-04
-3.158000, 4.085204e-04
-3.152000, 3.476414e-04
-3.146000, 2.860467e-04
-3.140000, 2.240315e-04
-3.134000, 1.620320e-04
-3.128000, 1.012212e-04
-3.122000, 5.840171e-05
-3.116000, 1.070348e-04
-3.110000, 1.717021e-04
-3.104000, 2.425981e-04
-3.098000, 3.167597e-04
-3.092000, 3.930358e-04
-3.086000, 4.709615e-04
-3.080000, 5.503567e-04
-3.074000, 6.310372e-04
-3.068000, 7.130199e-04
-3.062000, 7.961440e-04
-3.056000, 8.803726e-04
-3.050000, 9.656097e-04
-3.044000, 1.051860e-03
-3.038000, 1.139043e-03
-3.032000, 1.227028e-03
-3.026000, 1.315730e-03
-3.020000, 1.405053e-03
-3.014000, 1.494907e-03
-3.008000, 1.585190e-03
-3.002000, 1.675741e-03
-2.996000, 1.766419e-03
-2.990000, 1.857069e-03
-2.984000, 1.947518e-03
-2.978000, 2.037585e-03
-2.972000, 2.127068e-03
-2.966000, 2.215753e-03
-2.960000, 2.303408e-03
-2.954000, 2.389787e-03
-2.948000, 2.474646e-03
-2.942000, 2.557744e-03
-2.936000, 2.638732e-03
-2.930000, 2.717303e-03
-2.924000, 2.793138e-03
-2.918000, 2.865903e-03
-2.912000, 2.935255e-03
-2.906000, 3.000846e-03
-2.900000, 3.062317e-03
-2.894000, 3.119313e-03
-2.888000, 3.171473e-03
-2.882000, 3.218445e-03
-2.876000, 3.259882e-03
-2.870000, 3.295450e-03
-2.864000, 3.324830e-03
-2.858000, 3.347725e-03
-2.852000, 3.363861e-03
-2.846000, 3.372993e-03
-2.840000, 3.374911e-03
-2.834000, 3.369440e-03
-2.828000, 3.356457e-03
-2.822000, 3.335896e-03
-2.816000, 3.307682e-03
-2.810000, 3.271821e-03
-2.804000, 3.228367e-03
-2.798000, 3.177426e-03
-2.792000, 3.119155e-03
-2.786000, 3.053758e-03
-2.780000, 2.981488e-03
-2.774000, 2.902646e-03
-2.768000, 2.817569e-03
-2.762000, 2.726638e-03
-2.756000, 2.630263e-03
-2.750000, 2.528887e-03
-2.744000, 2.422974e-03
-2.738000, 2.313007e-03
-2.732000, 2.199591e-03
-2.726000, 2.083128e-03
-2.720000, 1.964119e-03
-2.714000, 1.843070e-03
-2.708000, 1.720482e-03
-2.702000, 1.596848e-03
-2.696000, 1.472645e-03
-2.690000, 1.348389e-03
-2.684000, 1.224496e-03
-2.678000, 1.101371e-03
-2.672000, 9.794220e-04
-2.666000, 8.592313e-04
-2.660000, 7.409739e-04
-2.654000, 6.251190e-04
-2.648000, 5.120772e-04
-2.642000, 4.022674e-04
-2.636000, 2.963585e-04
-2.630000, 1.953892e-04
-2.624000, 1.022651e-04
-2.618000, 1.028289e-04
-2.612000, 1.862250e-04
-2.606000, 2.772912e-04
-2.600000, 3.690654e-04
-2.594000, 4.590587e-04
-2.588000, 5.463774e-04
-2.582000, 6.306757e-04
-2.576000, 7.118003e-04
-2.570000, 7.896614e-04
-2.564000, 8.642467e-04
-2.558000, 9.354791e-04
-2.552000, 1.003455e-03
-2.546000, 1.068186e-03
-2.540000, 1.129650e-03
-2.534000, 1.187886e-03
-2.528000, 1.242944e-03
-2.522000, 1.294912e-03
-2.516000, 1.343799e-03
-2.510000, 1.389658e-03
-2.504000, 1.432548e-03
-2.498000, 1.472526e-03
-2.492000, 1.509649e-03
-2.486000, 1.543977e-03
-2.480000, 1.575568e-03
-2.474000, 1.604481e-03
-2.468000, 1.630805e-03
-2.462000, 1.654590e-03
-2.456000, 1.675868e-03
-2.450000, 1.694694e-03
-2.444000, 1.711123e-03
-2.438000, 1.725206e-03
-2.432000, 1.736997e-03
-2.426000, 1.746545e-03
-2.420000, 1.753898e-03
-2.414000, 1.759103e-03
-2.408000, 1.762205e-03
-2.402000, 1.763248e-03
-2.396000, 1.762273e-03
-2.390000, 1.759321e-03
-2.384000, 1.754431e-03
-2.378000, 1.747639e-03
-2.372000, 1.738981e-03
-2.366000, 1.728491e-03
-2.360000, 1.716200e-03
-2.354000, 1.702147e-03
-2.348000, 1.686365e-03
-2.342000, 1.668869e-03
-2.336000, 1.649686e-03
-2.330000, 1.628840e-03
-2.324000, 1.606355e-03
-2.318000, 1.582253e-03
-2.312000, 1.556555e-03
-2.306000, 1.529280e-03
-2.300000, 1.500448e-03
-2.294000, 1.470078e-03
-2.288000, 1.438187e-03
-2.282000, 1.404793e-03
-2.276000, 1.369911e-03
-2.270000, 1.333558e-03
-2.264000, 1.295749e-03
-2.258000, 1.256500e-03
-2.252000, 1.215835e-03
-2.246000, 1.173803e-03
-2.240000, 1.130376e-03
-2.234000, 1.085569e-03
-2.228000, 1.039396e-03
-2.222000, 9.918737e-04
-2.216000, 9.430183e-04
-2.210000, 8.928460e-04
-2.204000, 8.413783e-04
-2.198000, 7.886699e-04
-2.192000, 7.347075e-04
-2.186000, 6.795155e-04
-2.180000, 6.231190e-04
-2.174000, 5.656497e-04
-2.168000, 5.070640e-04
-2.162000, 4.474298e-04
-2.156000, 3.868024e-04
-2.150000, 3.254002e-04
-2.144000, 2.633030e-04
-2.138000, 2.008417e-04
-2.132000, 1.386426e-04
-2.126000, 7.861189e-05
-2.120000, 7.346755e-05
-2.114000, 1.323746e-04
-2.108000, 2.009852e-04
-2.102000, 2.745325e-04
-2.096000, 3.509470e-04
-2.090000, 4.294768e-04
-2.084000, 5.098296e-04
-2.078000, 5.918636e-04
-2.072000, 6.755653e-04
-2.066000, 7.608568e-04
-2.060000, 8.477671e-04
-2.054000, 9.362344e-04
-2.048000, 1.026297e-03
-2.042000, 1.118037e-03
-2.036000, 1.211371e-03
-2.030000, 1.306313e-03
-2.024000, 1.402877e-03
-2.018000, 1.501092e-03
-2.012000, 1.600996e-03
-2.006000, 1.702567e-03
-2.000000, 1.805823e-03
