-5.000000e+00 3.438912e-01
-4.994000e+00 3.490539e-01
-4.988000e+00 3.540579e-01
-4.982000e+00 3.588823e-01
-4.976000e+00 3.635055e-01
-4.970000e+00 3.679046e-01
-4.964000e+00 3.720564e-01
-4.958000e+00 3.759365e-01
-4.952000e+00 3.795204e-01
-4.946000e+00 3.827826e-01
-4.940000e+00 3.856975e-01
-4.934000e+00 3.882396e-01
-4.928000e+00 3.903830e-01
-4.922000e+00 3.921024e-01
-4.916000e+00 3.933730e-01
-4.910000e+00 3.941709e-01
-4.904000e+00 3.944734e-01
-4.898000e+00 3.942591e-01
-4.892000e+00 3.935088e-01
-4.886000e+00 3.922053e-01
-4.880000e+00 3.903342e-01
-4.874000e+00 3.878838e-01
-4.868000e+00 3.848461e-01
-4.862000e+00 3.812163e-01
-4.856000e+00 3.769940e-01
-4.850000e+00 3.721825e-01
-4.844000e+00 3.667900e-01
-4.838000e+00 3.608288e-01
-4.832000e+00 3.543160e-01
-4.826000e+00 3.472731e-01
-4.820000e+00 3.397262e-01
-4.814000e+00 3.317055e-01
-4.808000e+00 3.232455e-01
-4.802000e+00 3.146421e-01
-4.796000e+00 3.070120e-01
-4.790000e+00 3.004168e-01
-4.784000e+00 2.947860e-01
-4.778000e+00 2.900518e-01
-4.772000e+00 2.861484e-01
-4.766000e+00 2.830125e-01
-4.760000e+00 2.805828e-01
-4.754000e+00 2.788001e-01
-4.748000e+00 2.776072e-01
-4.742000e+00 2.769489e-01
-4.736000e+00 2.767719e-01
-4.730000e+00 2.770246e-01
-4.724000e+00 2.776577e-01
-4.718000e+00 2.786235e-01
-4.712000e+00 2.798763e-01
-4.706000e+00 2.813724e-01
-4.700000e+00 2.830700e-01
-4.694000e+00 2.849294e-01
-4.688000e+00 2.869129e-01
-4.682000e+00 2.889850e-01
-4.676000e+00 2.911123e-01
-4.670000e+00 2.932635e-01
-4.664000e+00 2.954093e-01
-4.658000e+00 2.975229e-01
-4.652000e+00 2.995793e-01
-4.646000e+00 3.015558e-01
-4.640000e+00 3.034318e-01
-4.634000e+00 3.051886e-01
-4.628000e+00 3.068094e-01
-4.622000e+00 3.082796e-01
-4.616000e+00 3.095860e-01
-4.610000e+00 3.107175e-01
-4.604000e+00 3.116645e-01
-4.598000e+00 3.124189e-01
-4.592000e+00 3.129742e-01
-4.586000e+00 3.133251e-01
-4.580000e+00 3.134677e-01
-4.574000e+00 3.133994e-01
-4.568000e+00 3.131183e-01
-4.562000e+00 3.126240e-01
-4.556000e+00 3.119165e-01
-4.550000e+00 3.109972e-01
-4.544000e+00 3.098677e-01
-4.538000e+00 3.085306e-01
-4.532000e+00 3.069891e-01
-4.526000e+00 3.052470e-01
-4.520000e+00 3.033083e-01
-4.514000e+00 3.011777e-01
-4.508000e+00 2.988602e-01
-4.502000e+00 2.963613e-01
-4.496000e+00 2.936864e-01
-4.490000e+00 2.908416e-01
-4.484000e+00 2.878330e-01
-4.478000e+00 2.846669e-01
-4.472000e+00 2.813498e-01
-4.466000e+00 2.778884e-01
-4.460000e+00 2.742894e-01
-4.454000e+00 2.705598e-01
-4.448000e+00 2.667065e-01
-4.442000e+00 2.627366e-01
-4.436000e+00 2.586572e-01
-4.430000e+00 2.544755e-01
-4.424000e+00 2.501987e-01
-4.418000e+00 2.458341e-01
-4.412000e+00 2.413889e-01
-4.406000e+00 2.368704e-01
-4.400000e+00 2.322860e-01
-4.394000e+00 2.276430e-01
-4.388000e+00 2.229486e-01
-4.382000e+00 2.182102e-01
-4.376000e+00 2.134350e-01
-4.370000e+00 2.086301e-01
-4.364000e+00 2.038027e-01
-4.358000e+00 1.989598e-01
-4.352000e+00 1.941085e-01
-4.346000e+00 1.892555e-01
-4.340000e+00 1.844075e-01
-4.334000e+00 1.795711e-01
-4.328000e+00 1.747526e-01
-4.322000e+00 1.701726e-01
-4.316000e+00 1.662420e-01
-4.310000e+00 1.629255e-01
-4.304000e+00 1.601790e-01
-4.298000e+00 1.579625e-01
-4.292000e+00 1.562401e-01
-4.286000e+00 1.549792e-01
-4.280000e+00 1.541501e-01
-4.274000e+00 1.537261e-01
-4.268000e+00 1.536829e-01
-4.262000e+00 1.539983e-01
-4.256000e+00 1.546522e-01
-4.250000e+00 1.556262e-01
-4.244000e+00 1.569034e-01
-4.238000e+00 1.584684e-01
-4.232000e+00 1.603067e-01
-4.226000e+00 1.624053e-01
-4.220000e+00 1.647518e-01
-4.214000e+00 1.673349e-01
-4.208000e+00 1.701437e-01
-4.202000e+00 1.731682e-01
-4.196000e+00 1.763989e-01
-4.190000e+00 1.798267e-01
-4.184000e+00 1.834430e-01
-4.178000e+00 1.872395e-01
-4.172000e+00 1.912083e-01
-4.166000e+00 1.953416e-01
-4.160000e+00 1.996319e-01
-4.154000e+00 2.040717e-01
-4.148000e+00 2.086539e-01
-4.142000e+00 2.133712e-01
-4.136000e+00 2.182165e-01
-4.130000e+00 2.231825e-01
-4.124000e+00 2.282622e-01
-4.118000e+00 2.334480e-01
-4.112000e+00 2.387328e-01
-4.106000e+00 2.441087e-01
-4.100000e+00 2.495680e-01
-4.094000e+00 2.551027e-01
-4.088000e+00 2.607044e-01
-4.082000e+00 2.663643e-01
-4.076000e+00 2.720735e-01
-4.070000e+00 2.778223e-01
-4.064000e+00 2.836008e-01
-4.058000e+00 2.893984e-01
-4.052000e+00 2.952040e-01
-4.046000e+00 3.010058e-01
-4.040000e+00 3.067915e-01
-4.034000e+00 3.125477e-01
-4.028000e+00 3.182607e-01
-4.022000e+00 3.239156e-01
-4.016000e+00 3.294967e-01
-4.010000e+00 3.349877e-01
-4.004000e+00 3.403711e-01
-3.998000e+00 3.456284e-01
-3.992000e+00 3.507405e-01
-3.986000e+00 3.556870e-01
-3.980000e+00 3.604469e-01
-3.974000e+00 3.649979e-01
-3.968000e+00 3.693172e-01
-3.962000e+00 3.733812e-01
-3.956000e+00 3.771653e-01
-3.950000e+00 3.806447e-01
-3.944000e+00 3.837941e-01
-3.938000e+00 3.865876e-01
-3.932000e+00 3.889996e-01
-3.926000e+00 3.910045e-01
-3.920000e+00 3.925770e-01
-3.914000e+00 3.936927e-01
-3.908000e+00 3.943279e-01
-3.902000e+00 3.944603e-01
-3.896000e+00 3.940694e-01
-3.890000e+00 3.931365e-01
-3.884000e+00 3.916453e-01
-3.878000e+00 3.895822e-01
-3.872000e+00 3.869368e-01
-3.866000e+00 3.837020e-01
-3.860000e+00 3.798746e-01
-3.854000e+00 3.754553e-01
-3.848000e+00 3.704491e-01
-3.842000e+00 3.648654e-01
-3.836000e+00 3.587182e-01
-3.830000e+00 3.520260e-01
-3.824000e+00 3.448120e-01
-3.818000e+00 3.371037e-01
-3.812000e+00 3.289325e-01
-3.806000e+00 3.203342e-01
-3.800000e+00 3.119793e-01
-3.794000e+00 3.047022e-01
-3.788000e+00 2.984361e-01
-3.782000e+00 2.931116e-01
-3.776000e+00 2.886615e-01
-3.770000e+00 2.850209e-01
-3.764000e+00 2.821271e-01
-3.758000e+00 2.799196e-01
-3.752000e+00 2.783397e-01
-3.746000e+00 2.773311e-01
-3.740000e+00 2.768390e-01
-3.734000e+00 2.768108e-01
-3.728000e+00 2.771958e-01
-3.722000e+00 2.779450e-01
-3.716000e+00 2.790114e-01
-3.710000e+00 2.803500e-01
-3.704000e+00 2.819178e-01
-3.698000e+00 2.836737e-01
-3.692000e+00 2.855785e-01
-3.686000e+00 2.875955e-01
-3.680000e+00 2.896896e-01
-3.674000e+00 2.918282e-01
-3.668000e+00 2.939807e-01
-3.662000e+00 2.961187e-01
-3.656000e+00 2.982159e-01
-3.650000e+00 3.002481e-01
-3.644000e+00 3.021933e-01
-3.638000e+00 3.040315e-01
-3.632000e+00 3.057447e-01
-3.626000e+00 3.073169e-01
-3.620000e+00 3.087338e-01
-3.614000e+00 3.099831e-01
-3.608000e+00 3.110541e-01
-3.602000e+00 3.119377e-01
-3.596000e+00 3.126264e-01
-3.590000e+00 3.131141e-01
-3.584000e+00 3.133959e-01
-3.578000e+00 3.134685e-01
-3.572000e+00 3.133294e-01
-3.566000e+00 3.129772e-01
-3.560000e+00 3.124118e-01
-3.554000e+00 3.116335e-01
-3.548000e+00 3.106439e-01
-3.542000e+00 3.094449e-01
-3.536000e+00 3.080393e-01
-3.530000e+00 3.064305e-01
-3.524000e+00 3.046223e-01
-3.518000e+00 3.026192e-01
-3.512000e+00 3.004257e-01
-3.506000e+00 2.980471e-01
-3.500000e+00 2.954889e-01
-3.494000e+00 2.927567e-01
-3.488000e+00 2.898566e-01
-3.482000e+00 2.867948e-01
-3.476000e+00 2.835776e-01
-3.470000e+00 2.802117e-01
-3.464000e+00 2.767037e-01
-3.458000e+00 2.730604e-01
-3.452000e+00 2.692888e-01
-3.446000e+00 2.653959e-01
-3.440000e+00 2.613887e-01
-3.434000e+00 2.572743e-01
-3.428000e+00 2.530601e-01
-3.422000e+00 2.487532e-01
-3.416000e+00 2.443609e-01
-3.410000e+00 2.398905e-01
-3.404000e+00 2.353492e-01
-3.398000e+00 2.307445e-01
-3.392000e+00 2.260835e-01
-3.386000e+00 2.213737e-01
-3.380000e+00 2.166222e-01
-3.374000e+00 2.118363e-01
-3.368000e+00 2.070231e-01
-3.362000e+00 2.021898e-01
-3.356000e+00 1.973433e-01
-3.350000e+00 1.924907e-01
-3.344000e+00 1.876386e-01
-3.338000e+00 1.827937e-01
-3.332000e+00 1.779626e-01
-3.326000e+00 1.731579e-01
-3.320000e+00 1.687913e-01
-3.314000e+00 1.650706e-01
-3.308000e+00 1.619488e-01
-3.302000e+00 1.593831e-01
-3.296000e+00 1.573352e-01
-3.290000e+00 1.557701e-01
-3.284000e+00 1.546562e-01
-3.278000e+00 1.539650e-01
-3.272000e+00 1.536705e-01
-3.266000e+00 1.537492e-01
-3.260000e+00 1.541796e-01
-3.254000e+00 1.549422e-01
-3.248000e+00 1.560191e-01
-3.242000e+00 1.573939e-01
-3.236000e+00 1.590515e-01
-3.230000e+00 1.609780e-01
-3.224000e+00 1.631605e-01
-3.218000e+00 1.655871e-01
-3.212000e+00 1.682465e-01
-3.206000e+00 1.711283e-01
-3.200000e+00 1.742226e-01
-3.194000e+00 1.775200e-01
-3.188000e+00 1.810116e-01
-3.182000e+00 1.846889e-01
-3.176000e+00 1.885437e-01
-3.170000e+00 1.925682e-01
-3.164000e+00 1.967546e-01
-3.158000e+00 2.010955e-01
-3.152000e+00 2.055836e-01
-3.146000e+00 2.102117e-01
-3.140000e+00 2.149724e-01
-3.134000e+00 2.198588e-01
-3.128000e+00 2.248635e-01
-3.122000e+00 2.299793e-01
-3.116000e+00 2.351990e-01
-3.110000e+00 2.405150e-01
-3.104000e+00 2.459196e-01
-3.098000e+00 2.514049e-01
-3.092000e+00 2.569629e-01
-3.086000e+00 2.625850e-01
-3.080000e+00 2.682624e-01
-3.074000e+00 2.739858e-01
-3.068000e+00 2.797457e-01
-3.062000e+00 2.855317e-01
-3.056000e+00 2.913333e-01
-3.050000e+00 2.971389e-01
-3.044000e+00 3.029368e-01
-3.038000e+00 3.087142e-01
-3.032000e+00 3.144576e-01
-3.026000e+00 3.201529e-01
-3.020000e+00 3.257849e-01
-3.014000e+00 3.313379e-01
-3.008000e+00 3.367950e-01
-3.002000e+00 3.421385e-01
-2.996000e+00 3.473496e-01
-2.990000e+00 3.524088e-01
-2.984000e+00 3.572955e-01
-2.978000e+00 3.619882e-01
-2.972000e+00 3.664646e-01
-2.966000e+00 3.707014e-01
-2.960000e+00 3.746749e-01
-2.954000e+00 3.783602e-01
-2.948000e+00 3.817325e-01
-2.942000e+00 3.847660e-01
-2.936000e+00 3.874352e-01
-2.930000e+00 3.897144e-01
-2.924000e+00 3.915779e-01
-2.918000e+00 3.930008e-01
-2.912000e+00 3.939589e-01
-2.906000e+00 3.944289e-01
-2.900000e+00 3.943892e-01
-2.894000e+00 3.938196e-01
-2.888000e+00 3.927022e-01
-2.882000e+00 3.910217e-01
-2.876000e+00 3.887655e-01
-2.870000e+00 3.859243e-01
-2.864000e+00 3.824922e-01
-2.858000e+00 3.784671e-01
-2.852000e+00 3.738514e-01
-2.846000e+00 3.686514e-01
-2.840000e+00 3.628781e-01
-2.834000e+00 3.565470e-01
-2.828000e+00 3.496781e-01
-2.822000e+00 3.422960e-01
-2.816000e+00 3.344297e-01
-2.810000e+00 3.261121e-01
-2.804000e+00 3.174279e-01
-2.798000e+00 3.094369e-01
-2.792000e+00 3.025046e-01
-2.786000e+00 2.965600e-01
-2.780000e+00 2.915343e-01
-2.774000e+00 2.873612e-01
-2.768000e+00 2.839764e-01
-2.762000e+00 2.813179e-01
-2.756000e+00 2.793260e-01
-2.750000e+00 2.779428e-01
-2.744000e+00 2.771123e-01
-2.738000e+00 2.767806e-01
-2.732000e+00 2.768957e-01
-2.726000e+00 2.774074e-01
-2.720000e+00 2.782674e-01
-2.714000e+00 2.794295e-01
-2.708000e+00 2.808493e-01
-2.702000e+00 2.824842e-01
-2.696000e+00 2.842939e-01
-2.690000e+00 2.862402e-01
-2.684000e+00 2.882866e-01
-2.678000e+00 2.903991e-01
-2.672000e+00 2.925456e-01
-2.666000e+00 2.946963e-01
-2.660000e+00 2.968235e-01
-2.654000e+00 2.989016e-01
-2.648000e+00 3.009072e-01
-2.642000e+00 3.028189e-01
-2.636000e+00 3.046173e-01
-2.630000e+00 3.062852e-01
-2.624000e+00 3.078071e-01
-2.618000e+00 3.091694e-01
-2.612000e+00 3.103604e-01
-2.606000e+00 3.113699e-01
-2.600000e+00 3.121893e-01
-2.594000e+00 3.128115e-01
-2.588000e+00 3.132311e-01
-2.582000e+00 3.134435e-01
-2.576000e+00 3.134457e-01
-2.570000e+00 3.132357e-01
-2.564000e+00 3.128124e-01
-2.558000e+00 3.121760e-01
-2.552000e+00 3.113271e-01
-2.546000e+00 3.102674e-01
-2.540000e+00 3.089992e-01
-2.534000e+00 3.075255e-01
-2.528000e+00 3.058497e-01
-2.522000e+00 3.039761e-01
-2.516000e+00 3.019089e-01
-2.510000e+00 2.996532e-01
-2.504000e+00 2.972141e-01
-2.498000e+00 2.945972e-01
-2.492000e+00 2.918084e-01
-2.486000e+00 2.888537e-01
-2.480000e+00 2.857393e-01
-2.474000e+00 2.824718e-01
-2.468000e+00 2.790578e-01
-2.462000e+00 2.755039e-01
-2.456000e+00 2.718171e-01
-2.450000e+00 2.680043e-01
-2.444000e+00 2.640725e-01
-2.438000e+00 2.600288e-01
-2.432000e+00 2.558803e-01
-2.426000e+00 2.516344e-01
-2.420000e+00 2.472982e-01
-2.414000e+00 2.428791e-01
-2.408000e+00 2.383842e-01
-2.402000e+00 2.338210e-01
-2.396000e+00 2.291967e-01
-2.390000e+00 2.245187e-01
-2.384000e+00 2.197941e-01
-2.378000e+00 2.150303e-01
-2.372000e+00 2.102345e-01
-2.366000e+00 2.054139e-01
-2.360000e+00 2.005754e-01
-2.354000e+00 1.957261e-01
-2.348000e+00 1.908728e-01
-2.342000e+00 1.860224e-01
-2.336000e+00 1.811814e-01
-2.330000e+00 1.763562e-01
-2.324000e+00 1.716274e-01
-2.318000e+00 1.674819e-01
-2.312000e+00 1.639662e-01
-2.306000e+00 1.610346e-01
-2.300000e+00 1.586461e-01
-2.294000e+00 1.567634e-01
-2.288000e+00 1.553527e-01
-2.282000e+00 1.543836e-01
-2.276000e+00 1.538285e-01
-2.270000e+00 1.536622e-01
-2.264000e+00 1.538620e-01
-2.258000e+00 1.544072e-01
-2.252000e+00 1.552789e-01
-2.246000e+00 1.564599e-01
-2.240000e+00 1.579342e-01
-2.234000e+00 1.596873e-01
-2.228000e+00 1.617060e-01
-2.222000e+00 1.639777e-01
-2.216000e+00 1.664910e-01
-2.210000e+00 1.692352e-01
-2.204000e+00 1.722004e-01
-2.198000e+00 1.753772e-01
-2.192000e+00 1.787568e-01
-2.186000e+00 1.823310e-01
-2.180000e+00 1.860919e-01
-2.174000e+00 1.900322e-01
-2.168000e+00 1.941448e-01
-2.162000e+00 1.984229e-01
-2.156000e+00 2.028603e-01
-2.150000e+00 2.074506e-01
-2.144000e+00 2.121882e-01
-2.138000e+00 2.170672e-01
-2.132000e+00 2.220823e-01
-2.126000e+00 2.272283e-01
-2.120000e+00 2.325000e-01
-2.114000e+00 2.378926e-01
-2.108000e+00 2.434015e-01
-2.102000e+00 2.490220e-01
-2.096000e+00 2.547497e-01
-2.090000e+00 2.605804e-01
-2.084000e+00 2.665099e-01
-2.078000e+00 2.725342e-01
-2.072000e+00 2.786495e-01
-2.066000e+00 2.848519e-01
-2.060000e+00 2.911378e-01
-2.054000e+00 2.975037e-01
-2.048000e+00 3.039461e-01
-2.042000e+00 3.104617e-01
-2.036000e+00 3.170473e-01
-2.030000e+00 3.236997e-01
-2.024000e+00 3.304159e-01
-2.018000e+00 3.371929e-01
-2.012000e+00 3.440279e-01
-2.006000e+00 3.509181e-01
-2.000000e+00 3.578608e-01
