-5.000000, 1.231308e-02
-4.994000, 1.243672e-02
-4.988000, 1.256024e-02
-4.982000, 1.268343e-02
-4.976000, 1.280601e-02
-4.970000, 1.292771e-02
-4.964000, 1.304823e-02
-4.958000, 1.316725e-02
-4.952000, 1.328443e-02
-4.946000, 1.339941e-02
-4.940000, 1.351180e-02
-4.934000, 1.362120e-02
-4.928000, 1.372718e-02
-4.922000, 1.382930e-02
-4.916000, 1.392711e-02
-4.910000, 1.402014e-02
-4.904000, 1.410792e-02
-4.898000, 1.418995e-02
-4.892000, 1.426575e-02
-4.886000, 1.433484e-02
-4.880000, 1.439674e-02
-4.874000, 1.445098e-02
-4.868000, 1.449712e-02
-4.862000, 1.453474e-02
-4.856000, 1.456343e-02
-4.850000, 1.458284e-02
-4.844000, 1.459264e-02
-4.838000, 1.459258e-02
-4.832000, 1.458242e-02
-4.826000, 1.456200e-02
-4.820000, 1.453122e-02
-4.814000, 1.449004e-02
-4.808000, 1.443848e-02
-4.802000, 1.437665e-02
-4.796000, 1.430469e-02
-4.790000, 1.422285e-02
-4.784000, 1.413140e-02
-4.778000, 1.403072e-02
-4.772000, 1.392121e-02
-4.766000, 1.380334e-02
-4.760000, 1.367763e-02
-4.754000, 1.354464e-02
-4.748000, 1.340497e-02
-4.742000, 1.325923e-02
-4.736000, 1.310807e-02
-4.730000, 1.295215e-02
-4.724000, 1.279214e-02
-4.718000, 1.262869e-02
-4.712000, 1.246248e-02
-4.706000, 1.229414e-02
-4.700000, 1.212431e-02
-4.694000, 1.195360e-02
-4.688000, 1.178259e-02
-4.682000, 1.161183e-02
-4.676000, 1.144184e-02
-4.670000, 1.127312e-02
-4.664000, 1.110610e-02
-4.658000, 1.094121e-02
-4.652000, 1.077883e-02
-4.646000, 1.061930e-02
-4.640000, 1.046292e-02
-4.634000, 1.030997e-02
-4.628000, 1.016069e-02
-4.622000, 1.001528e-02
-4.616000, 9.873922e-03
-4.610000, 9.736766e-03
-4.604000, 9.603931e-03
-4.598000, 9.475515e-03
-4.592000, 9.351592e-03
-4.586000, 9.232216e-03
-4.580000, 9.117422e-03
-4.574000, 9.007227e-03
-4.568000, 8.901634e-03
-4.562000, 8.800632e-03
-4.556000, 8.704197e-03
-4.550000, 8.612296e-03
-4.544000, 8.524885e-03
-4.538000, 8.441915e-03
-4.532000, 8.363327e-03
-4.526000, 8.289058e-03
-4.520000, 8.219041e-03
-4.514000, 8.153205e-03
-4.508000, 8.091474e-03
-4.502000, 8.033772e-03
-4.496000, 7.980022e-03
-4.490000, 7.930144e-03
-4.484000, 7.884058e-03
-4.478000, 7.841685e-03
-4.472000, 7.802946e-03
-4.466000, 7.767762e-03
-4.460000, 7.736056e-03
-4.454000, 7.707751e-03
-4.448000, 7.682773e-03
-4.442000, 7.661049e-03
-4.436000, 7.642508e-03
-4.430000, 7.627079e-03
-4.424000, 7.614696e-03
-4.418000, 7.605294e-03
-4.412000, 7.598809e-03
-4.406000, 7.595181e-03
-4.400000, 7.594351e-03
-4.394000, 7.596263e-03
-4.388000, 7.600861e-03
-4.382000, 7.608096e-03
-4.376000, 7.617915e-03
-4.370000, 7.630273e-03
-4.364000, 7.645124e-03
-4.358000, 7.662424e-03
-4.352000, 7.682132e-03
-4.346000, 7.704210e-03
-4.340000, 7.728619e-03
-4.334000, 7.755325e-03
-4.328000, 7.784295e-03
-4.322000, 7.815497e-03
-4.316000, 7.848901e-03
-4.310000, 7.884480e-03
-4.304000, 7.922208e-03
-4.298000, 7.962060e-03
-4.292000, 8.004013e-03
-4.286000, 8.048046e-03
-4.280000, 8.094139e-03
-4.274000, 8.142273e-03
-4.268000, 8.192433e-03
-4.262000, 8.244601e-03
-4.256000, 8.298764e-03
-4.250000, 8.354909e-03
-4.244000, 8.413023e-03
-4.238000, 8.473096e-03
-4.232000, 8.535118e-03
-4.226000, 8.599079e-03
-4.220000, 8.664973e-03
-4.214000, 8.732791e-03
-4.208000, 8.802527e-03
-4.202000, 8.874175e-03
-4.196000, 8.947731e-03
-4.190000, 9.023188e-03
-4.184000, 9.100544e-03
-4.178000, 9.179792e-03
-4.172000, 9.260929e-03
-4.166000, 9.343951e-03
-4.160000, 9.428852e-03
-4.154000, 9.515628e-03
-4.148000, 9.604273e-03
-4.142000, 9.694779e-03
-4.136000, 9.787139e-03
-4.130000, 9.881343e-03
-4.124000, 9.977380e-03
-4.118000, 1.007524e-02
-4.112000, 1.017490e-02
-4.106000, 1.027635e-02
-4.100000, 1.037956e-02
-4.094000, 1.048450e-02
-4.088000, 1.059116e-02
-4.082000, 1.069948e-02
-4.076000, 1.080944e-02
-4.070000, 1.092099e-02
-4.064000, 1.103406e-02
-4.058000, 1.114861e-02
-4.052000, 1.126456e-02
-4.046000, 1.138182e-02
-4.040000, 1.150033e-02
-4.034000, 1.161996e-02
-4.028000, 1.174061e-02
-4.022000, 1.186216e-02
-4.016000, 1.198447e-02
-4.010000, 1.210737e-02
-4.004000, 1.223071e-02
-3.998000, 1.235430e-02
-3.992000, 1.247792e-02
-3.986000, 1.260136e-02
-3.980000, 1.272437e-02
-3.974000, 1.284669e-02
-3.968000, 1.296803e-02
-3.962000, 1.308809e-02
-3.956000, 1.320654e-02
-3.950000, 1.332303e-02
-3.944000, 1.343719e-02
-3.938000, 1.354862e-02
-3.932000, 1.365693e-02
-3.926000, 1.376167e-02
-3.920000, 1.386241e-02
-3.914000, 1.395868e-02
-3.908000, 1.405001e-02
-3.902000, 1.413593e-02
-3.896000, 1.421593e-02
-3.890000, 1.428955e-02
-3.884000, 1.435630e-02
-3.878000, 1.441570e-02
-3.872000, 1.446729e-02
-3.866000, 1.451063e-02
-3.860000, 1.454531e-02
-3.854000, 1.457095e-02
-3.848000, 1.458719e-02
-3.842000, 1.459373e-02
-3.836000, 1.459032e-02
-3.830000, 1.457676e-02
-3.824000, 1.455290e-02
-3.818000, 1.451865e-02
-3.812000, 1.447401e-02
-3.806000, 1.441901e-02
-3.800000, 1.435378e-02
-3.794000, 1.427850e-02
-3.788000, 1.419342e-02
-3.782000, 1.409885e-02
-3.776000, 1.399518e-02
-3.770000, 1.388283e-02
-3.764000, 1.376228e-02
-3.758000, 1.363409e-02
-3.752000, 1.349880e-02
-3.746000, 1.335703e-02
-3.740000, 1.320941e-02
-3.734000, 1.305659e-02
-3.728000, 1.289924e-02
-3.722000, 1.273800e-02
-3.716000, 1.257356e-02
-3.710000, 1.240657e-02
-3.704000, 1.223767e-02
-3.698000, 1.206748e-02
-3.692000, 1.189661e-02
-3.686000, 1.172562e-02
-3.680000, 1.155506e-02
-3.674000, 1.138544e-02
-3.668000, 1.121723e-02
-3.662000, 1.105088e-02
-3.656000, 1.088679e-02
-3.650000, 1.072532e-02
-3.644000, 1.056681e-02
-3.638000, 1.041154e-02
-3.632000, 1.025979e-02
-3.626000, 1.011178e-02
-3.620000, 9.967703e-03
-3.614000, 9.827731e-03
-3.608000, 9.692003e-03
-3.602000, 9.560631e-03
-3.596000, 9.433706e-03
-3.590000, 9.311294e-03
-3.584000, 9.193442e-03
-3.578000, 9.080180e-03
-3.572000, 8.971519e-03
-3.566000, 8.867458e-03
-3.560000, 8.767982e-03
-3.554000, 8.673062e-03
-3.548000, 8.582663e-03
-3.542000, 8.496738e-03
-3.536000, 8.415235e-03
-3.530000, 8.338095e-03
-3.524000, 8.265251e-03
-3.518000, 8.196636e-03
-3.512000, 8.132176e-03
-3.506000, 8.071797e-03
-3.500000, 8.015421e-03
-3.494000, 7.962970e-03
-3.488000, 7.914365e-03
-3.482000, 7.869526e-03
-3.476000, 7.828373e-03
-3.470000, 7.790827e-03
-3.464000, 7.756811e-03
-3.458000, 7.726247e-03
-3.452000, 7.699060e-03
-3.446000, 7.675175e-03
-3.440000, 7.654519e-03
-3.434000, 7.637023e-03
-3.428000, 7.622617e-03
-3.422000, 7.611235e-03
-3.416000, 7.602812e-03
-3.410000, 7.597286e-03
-3.404000, 7.594597e-03
-3.398000, 7.594687e-03
-3.392000, 7.597500e-03
-3.386000, 7.602983e-03
-3.380000, 7.611084e-03
-3.374000, 7.621755e-03
-3.368000, 7.634949e-03
-3.362000, 7.650621e-03
-3.356000, 7.668728e-03
-3.350000, 7.689231e-03
-3.344000, 7.712089e-03
-3.338000, 7.737268e-03
-3.332000, 7.764732e-03
-3.326000, 7.794450e-03
-3.320000, 7.826389e-03
-3.314000, 7.860521e-03
-3.308000, 7.896819e-03
-3.302000, 7.935258e-03
-3.296000, 7.975812e-03
-3.290000, 8.018461e-03
-3.284000, 8.063182e-03
-3.278000, 8.109958e-03
-3.272000, 8.158769e-03
-3.266000, 8.209600e-03
-3.260000, 8.262435e-03
-3.254000, 8.317260e-03
-3.248000, 8.374062e-03
-3.242000, 8.432831e-03
-3.236000, 8.493554e-03
-3.230000, 8.556223e-03
-3.224000, 8.620830e-03
-3.218000, 8.687365e-03
-3.212000, 8.755823e-03
-3.206000, 8.826198e-03
-3.200000, 8.898482e-03
-3.194000, 8.972672e-03
-3.188000, 9.048763e-03
-3.182000, 9.126750e-03
-3.176000, 9.206628e-03
-3.170000, 9.288394e-03
-3.164000, 9.372043e-03
-3.158000, 9.457570e-03
-3.152000, 9.544969e-03
-3.146000, 9.634235e-03
-3.140000, 9.725360e-03
-3.134000, 9.818336e-03
-3.128000, 9.913153e-03
-3.122000, 1.000980e-02
-3.116000, 1.010826e-02
-3.110000, 1.020852e-02
-3.104000, 1.031055e-02
-3.098000, 1.041435e-02
-3.092000, 1.051987e-02
-3.086000, 1.062708e-02
-3.080000, 1.073596e-02
-3.074000, 1.084645e-02
-3.068000, 1.095851e-02
-3.062000, 1.107209e-02
-3.056000, 1.118711e-02
-3.050000, 1.130350e-02
-3.044000, 1.142119e-02
-3.038000, 1.154008e-02
-3.032000, 1.166007e-02
-3.026000, 1.178104e-02
-3.020000, 1.190285e-02
-3.014000, 1.202538e-02
-3.008000, 1.214845e-02
-3.002000, 1.227189e-02
-2.996000, 1.239551e-02
-2.990000, 1.251910e-02
-2.984000, 1.264242e-02
-2.978000, 1.276523e-02
-2.972000, 1.288726e-02
-2.966000, 1.300821e-02
-2.960000, 1.312777e-02
-2.954000, 1.324560e-02
-2.948000, 1.336136e-02
-2.942000, 1.347465e-02
-2.936000, 1.358509e-02
-2.930000, 1.369226e-02
-2.924000, 1.379572e-02
-2.918000, 1.389502e-02
-2.912000, 1.398970e-02
-2.906000, 1.407928e-02
-2.900000, 1.416328e-02
-2.894000, 1.424121e-02
-2.888000, 1.431259e-02
-2.882000, 1.437694e-02
-2.876000, 1.443378e-02
-2.870000, 1.448267e-02
-2.864000, 1.452317e-02
-2.858000, 1.455488e-02
-2.852000, 1.457742e-02
-2.846000, 1.459046e-02
-2.840000, 1.459371e-02
-2.834000, 1.458694e-02
-2.828000, 1.456995e-02
-2.822000, 1.454264e-02
-2.816000, 1.450492e-02
-2.810000, 1.445682e-02
-2.804000, 1.439840e-02
-2.798000, 1.432979e-02
-2.792000, 1.425121e-02
-2.786000, 1.416293e-02
-2.780000, 1.406529e-02
-2.774000, 1.395867e-02
-2.768000, 1.384353e-02
-2.762000, 1.372038e-02
-2.756000, 1.358975e-02
-2.750000, 1.345223e-02
-2.744000, 1.330844e-02
-2.738000, 1.315902e-02
-2.732000, 1.300461e-02
-2.726000, 1.284589e-02
-2.720000, 1.268352e-02
-2.714000, 1.251815e-02
-2.708000, 1.235045e-02
-2.702000, 1.218105e-02
-2.696000, 1.201057e-02
-2.690000, 1.183960e-02
-2.684000, 1.166869e-02
-2.678000, 1.149839e-02
-2.672000, 1.132919e-02
-2.666000, 1.116156e-02
-2.660000, 1.099592e-02
-2.654000, 1.083266e-02
-2.648000, 1.067214e-02
-2.642000, 1.051468e-02
-2.636000, 1.036056e-02
-2.630000, 1.021003e-02
-2.624000, 1.006331e-02
-2.618000, 9.920582e-03
-2.612000, 9.782011e-03
-2.606000, 9.647724e-03
-2.600000, 9.517825e-03
-2.594000, 9.392398e-03
-2.588000, 9.271502e-03
-2.582000, 9.155177e-03
-2.576000, 9.043448e-03
-2.570000, 8.936322e-03
-2.564000, 8.833791e-03
-2.558000, 8.735837e-03
-2.552000, 8.642429e-03
-2.546000, 8.553527e-03
-2.540000, 8.469082e-03
-2.534000, 8.389040e-03
-2.528000, 8.313339e-03
-2.522000, 8.241913e-03
-2.516000, 8.174691e-03
-2.510000, 8.111600e-03
-2.504000, 8.052564e-03
-2.498000, 7.997505e-03
-2.492000, 7.946345e-03
-2.486000, 7.899004e-03
-2.480000, 7.855402e-03
-2.474000, 7.815461e-03
-2.468000, 7.779100e-03
-2.462000, 7.746243e-03
-2.456000, 7.716813e-03
-2.450000, 7.690735e-03
-2.444000, 7.667934e-03
-2.438000, 7.648339e-03
-2.432000, 7.631881e-03
-2.426000, 7.618490e-03
-2.420000, 7.608102e-03
-2.414000, 7.600651e-03
-2.408000, 7.596078e-03
-2.402000, 7.594321e-03
-2.396000, 7.595325e-03
-2.390000, 7.599034e-03
-2.384000, 7.605395e-03
-2.378000, 7.614359e-03
-2.372000, 7.625876e-03
-2.366000, 7.639901e-03
-2.360000, 7.656389e-03
-2.354000, 7.675299e-03
-2.348000, 7.696592e-03
-2.342000, 7.720228e-03
-2.336000, 7.746173e-03
-2.330000, 7.774392e-03
-2.324000, 7.804855e-03
-2.318000, 7.837529e-03
-2.312000, 7.872388e-03
-2.306000, 7.909404e-03
-2.300000, 7.948553e-03
-2.294000, 7.989811e-03
-2.288000, 8.033157e-03
-2.282000, 8.078570e-03
-2.276000, 8.126033e-03
-2.270000, 8.175527e-03
-2.264000, 8.227038e-03
-2.258000, 8.280550e-03
-2.252000, 8.336052e-03
-2.246000, 8.393531e-03
-2.240000, 8.452976e-03
-2.234000, 8.514379e-03
-2.228000, 8.577732e-03
-2.222000, 8.643028e-03
-2.216000, 8.710261e-03
-2.210000, 8.779427e-03
-2.204000, 8.850522e-03
-2.198000, 8.923543e-03
-2.192000, 8.998490e-03
-2.186000, 9.075361e-03
-2.180000, 9.154157e-03
-2.174000, 9.234880e-03
-2.168000, 9.317532e-03
-2.162000, 9.402115e-03
-2.156000, 9.488635e-03
-2.150000, 9.577095e-03
-2.144000, 9.667503e-03
-2.138000, 9.759863e-03
-2.132000, 9.854184e-03
-2.126000, 9.950474e-03
-2.120000, 1.004874e-02
-2.114000, 1.014900e-02
-2.108000, 1.025125e-02
-2.102000, 1.035551e-02
-2.096000, 1.046179e-02
-2.090000, 1.057010e-02
-2.084000, 1.068046e-02
-2.078000, 1.079288e-02
-2.072000, 1.090738e-02
-2.066000, 1.102396e-02
-2.060000, 1.114266e-02
-2.054000, 1.126347e-02
-2.048000, 1.138642e-02
-2.042000, 1.151153e-02
-2.036000, 1.163881e-02
-2.030000, 1.176829e-02
-2.024000, 1.189999e-02
-2.018000, 1.203391e-02
-2.012000, 1.217010e-02
-2.006000, 1.230856e-02
-2.000000, 1.244931e-02
