0.001 0.4620564650969685
0.0512462311557789 0.47095531294254206
0.1014924623115578 0.4797226305127533
0.1517386934673367 0.48834529254320413
0.2019849246231156 0.49681022376235745
0.2522311557788945 0.5051044308299292
0.3024773869346734 0.5132150344628761
0.3527236180904523 0.5211293016416733
0.4029698492462312 0.5288346777883416
0.4532160804020101 0.5363188188068874
0.503462311557789 0.5435696228765109
0.5537085427135678 0.5505752618880492
0.6039547738693468 0.5573242124147197
0.6542010050251257 0.5638052861092736
0.7044472361809045 0.5700076594211417
0.7546934673366835 0.5759209025291074
0.8049396984924624 0.5815350073873982
0.8551859296482412 0.5868404147858642
0.9054321608040202 0.5918280403281146
0.9556783919597991 0.5964892992350702
1.0059246231155778 0.6008161298853483
1.0561708542713568 0.6048010160082282
1.1064170854271356 0.608437007449611
1.1566633165829145 0.611717739436373
1.2069095477386935 0.614637450269804
1.2571557788944723 0.6171909973843882
1.3074020100502513 0.6193738717140105
1.3576482412060302 0.6211822103137107
1.407894472361809 0.6226128071913892
1.458140703517588 0.6236631223102902
1.508386934673367 0.6243312887296928
1.5586331658291457 0.6246161178579577
1.6088793969849247 0.6245171027989161
1.6591256281407036 0.6240344197794706
1.7093718592964824 0.6231689276532458
1.7596180904522614 0.6219221654820795
1.8098643216080403 0.6202963482041195
1.860110552763819 0.6182943604042143
1.910356783919598 0.6159197482091455
1.960603015075377 0.6131767093370392
2.010849246231156 0.6100700813369501
2.0610954773869348 0.6066053280611217
2.1113417085427137 0.6027885244187867
2.1615879396984927 0.5986263394665355
2.2118341708542713 0.5941260178961845
2.2620804020100502 0.5892953599868173
2.312326633165829 0.5841427000930524
2.362572864321608 0.5786768837467616
2.412819095477387 0.572907243454268
2.463065326633166 0.5668435732755545
2.5133115577889447 0.5604961022761551
2.5635577889447236 0.5538754669461726
2.6138040201005026 0.5469926826842463
2.6640502512562816 0.5398591144472931
2.7142964824120606 0.5324864466693962
2.7645427135678395 0.5248866525553694
2.814788944723618 0.5170719628562296
2.865035175879397 0.5090548342350608
2.915281407035176 0.5008479173325756
2.965527638190955 0.49246402464201394
3.015773869346734 0.48391609830293303
3.066020100502513 0.4752171779228583
3.1162663316582915 0.4663803685347642
3.1665125628140705 0.45741880879687336
3.2167587939698494 0.4483456395393489
3.2670050251256284 0.4391739727601101
3.3172512562814074 0.4299168611692306
3.367497487437186 0.4205872683781911
3.417743718592965 0.4111980398266868
3.467989949748744 0.40176187453574314
3.518236180904523 0.3922912977715773
3.568482412060302 0.38279863470001924
3.618728643216081 0.3732959851063395
3.6689748743718593 0.3637951992501177
3.7192211055276383 0.3543078549192822
3.7694673366834173 0.34484523574175363
3.8197135678391962 0.33541831080719076
3.869959798994975 0.326037715645289
3.920206030150754 0.3167137346008405
3.9704522613065327 0.3074562846394786
4.020698492462312 0.2982749006116291
4.070944723618092 0.2891787219957953
4.12119095477387 0.28017648113587384
4.171437185929649 0.27127649298082696
4.221683417085428 0.2624866463287191
4.271929648241207 0.2538143965709078
4.322175879396986 0.24526675992609057
4.3724221105527645 0.23685030914798583
4.422668341708543 0.22857117068468522
4.4729145728643225 0.22043502326219536
4.523160804020101 0.21244709785941213
4.57340703517588 0.2046121790367548
4.623653266331659 0.19693460757597644
4.673899497487438 0.18941828438424915
4.724145728643217 0.182066675611548
4.774391959798995 0.17488281892661411
4.824638190954775 0.16786933089340114
4.874884422110553 0.16102841538689522
4.925130653266333 0.1543618729845597
4.975376884422111 0.14787111126740643
5.02562311557789 0.14155715596282106
5.075869346733669 0.13542066285979046
5.126115577889448 0.12946193042607923
5.176361809045227 0.12368091305618452
5.226608040201006 0.11807723487855584
5.276854271356784 0.11265020405058143
5.327100502512564 0.10739882747022671
5.377346733668342 0.10232182583391944
5.427592964824122 0.09741764897132321
5.4778391959799 0.09268449138899958
5.52808542713568 0.08812030795660132
5.578331658291458 0.08372282967116827
5.628577889447237 0.07948957943726875
5.678824120603016 0.07541788780314178
5.729070351758795 0.071504908595614
5.779316582914574 0.06774763439937033
5.829562814070353 0.06414291182913327
5.879809045226131 0.06068745654641319
5.9300552763819105 0.0573778679757279
5.980301507537689 0.05421064367850956
6.0305477386934685 0.05118219334631629
6.080793969849247 0.04828885237840875
6.1310402010050264 0.045526895012221576
6.181286432160805 0.04289254697873862
6.2315326633165835 0.040381997658236427
6.281778894472363 0.03799141171529015
6.3320251256281415 0.0357169401953047
6.382271356783921 0.0335547310681359
6.432517587939699 0.03150093920758112
6.482763819095478 0.029551735798629332
6.533010050251257 0.027703317167360672
6.583256281407036 0.025951913031253458
6.633502512562815 0.024293794170391243
6.683748743718594 0.022725279522648148
6.733994974874372 0.021242742708362353
6.784241206030152 0.019842617992279557
6.83448743718593 0.018521405692652787
6.88473366834171 0.017275677049322553
6.934979899497488 0.016102078564365848
6.985226130653268 0.014997335830495683
7.035472361809046 0.013958256863814213
7.085718592964825 0.012981734958772011
7.135964824120604 0.012064751084269291
7.186211055276383 0.011204375840751644
7.236457286432162 0.010397770998910094
7.286703517587941 0.009642190641197701
7.336949748743719 0.008934981927826748
7.387195979899499 0.008273585509221047
7.437442211055277 0.007655535607071826
7.487688442211057 0.007078459786191541
7.537934673366835 0.0065400784392864305
7.5881809045226145 0.006038204006581977
7.638427135678393 0.005570739951946968
7.688673366834172 0.005135679516776927
7.738919597989951 0.004731104272428174
7.7891658291457295 0.004355182491445886
7.839412060301509 0.004006167357213274
7.8896582914572875 0.0036823950309725637
7.939904522613066 0.003382282594439756
7.990150753768845 0.0031043258854630447
8.040396984924623 0.0028470972433661383
8.090643216080402 0.0026092431797808614
8.140889447236182 0.0023894819899152125
8.19113567839196 0.0021866013183298445
8.241381909547739 0.001999455692414771
8.291628140703518 0.0018269640358746571
8.341874371859296 0.0016681071736504816
8.392120603015076 0.001521925338833342
8.442366834170855 0.0013875156912669915
8.492613065326633 0.0012640298566933966
8.542859296482412 0.0011506714944744493
8.59310552763819 0.0010466939011255423
8.64335175879397 0.0009513976561265186
8.69359798994975 0.0008641283157346323
8.743844221105528 0.0007842741598147304
8.794090452261306 0.0007112639960257063
8.844336683417085 0.0006445650250604169
8.894582914572865 0.0005836807700299358
8.944829145728644 0.0005281490725127194
8.995075376884422 0.00047754015725532236
9.0453216080402 0.0004314547670139521
9.09556783919598 0.00038952236856492234
9.14581407035176 0.0003513994304868333
9.196060301507538 0.0003167677729272515
9.246306532663317 0.00028533298921101736
9.296552763819095 0.00025682293882519394
9.346798994974876 0.00023098631102581602
9.397045226130654 0.00020759125805293479
9.447291457286433 0.00018642409671153288
9.497537688442211 0.00016728807687540687
9.54778391959799 0.00015000221529749076
9.59803015075377 0.00013440019296193852
9.648276381909549 0.00012032931408896246
9.698522613065327 0.00010764952480142065
9.748768844221106 9.623248938091875e-05
9.799015075376884 8.596072197914159e-05
9.849261306532664 7.672677160578938e-05
9.899507537688443 6.843245818633447e-05
9.949753768844221 6.0988157469380125e-05
10.0 5.431213256331172e-05
