#./overdamped_3d --dev=1 --amp=40.0 --omega=1.0 --force=0 --Dg=0.01 --block=256 --paths=65536 --periods=1000 --trans=100 --samples=100 --spp=1000 --algorithm=euler --pav=1 --mode=moments --domain=1d --domainx=a:-1:2:300:1 --domainy=a:0:10:100:0 --domainz=D:-6:-1:100:1 --q=2 --eps=0 --phi=1.57079632679 --lambda=30.0 --zeta=0.0333333333333 --comp=0 --mean=0.0 --second=3.14 --skew=0.99 --distribution=s>> comp_s_3.14_a:-1:2:300:1_0.0_0.99_0.0333333333333_30.0.dat
#a <<v>> qnu(q) mu_q Dx Gx EBx
1.000000e-01 1.001115e+00 9.999421e-01 5.876966e+05 4.674285e+01 -2.412277e-02 2.499819e-04
1.023293e-01 1.000048e+00 9.978560e-01 5.893726e+05 4.691569e+01 -1.979935e-02 2.661943e-04
1.047129e-01 1.000895e+00 9.972376e-01 5.877714e+05 4.677723e+01 -1.829994e-02 2.745390e-04
1.071519e-01 1.000184e+00 9.958783e-01 5.884168e+05 4.677054e+01 -1.689410e-02 2.512932e-04
1.096478e-01 1.000196e+00 9.851740e-01 5.841752e+05 4.644268e+01 -6.169975e-03 2.673864e-04
1.122018e-01 1.000307e+00 9.983488e-01 5.889594e+05 4.688068e+01 -1.807052e-02 2.546310e-04
1.148153e-01 1.000169e+00 9.893686e-01 5.850940e+05 4.653149e+01 -8.997619e-03 2.658367e-04
1.174897e-01 9.999468e-01 1.000898e+00 5.879230e+05 4.680333e+01 -1.353168e-02 2.679825e-04
1.202264e-01 1.000761e+00 9.993188e-01 5.857797e+05 4.659006e+01 -1.060629e-02 2.758503e-04
1.230269e-01 1.000077e+00 9.965141e-01 5.872101e+05 4.676736e+01 -1.481974e-02 2.579689e-04
1.258925e-01 1.000416e+00 9.948664e-01 5.877395e+05 4.674762e+01 -1.442021e-02 2.627373e-04
1.288249e-01 9.999837e-01 9.954114e-01 5.858051e+05 4.663526e+01 -1.854843e-02 2.563000e-04
1.318256e-01 9.999812e-01 1.000618e+00 5.873422e+05 4.677054e+01 -1.362103e-02 2.648830e-04
1.348962e-01 1.000371e+00 9.965677e-01 5.887216e+05 4.685426e+01 -1.122904e-02 2.553463e-04
1.380384e-01 1.000679e+00 9.915426e-01 5.797412e+05 4.611037e+01 -1.770192e-02 2.583265e-04
1.412537e-01 1.000440e+00 9.955680e-01 5.852948e+05 4.656491e+01 -8.587122e-03 2.627373e-04
1.445439e-01 9.993443e-01 9.961913e-01 5.897205e+05 4.694880e+01 -9.188235e-03 2.608299e-04
1.479108e-01 1.000837e+00 9.924143e-01 5.846960e+05 4.655441e+01 -1.487935e-02 2.512932e-04
1.513561e-01 1.000108e+00 9.966202e-01 5.865005e+05 4.665372e+01 -1.956576e-02 2.571344e-04
1.548816e-01 1.000866e+00 9.975501e-01 5.911169e+05 4.699177e+01 -1.803112e-02 2.579689e-04
1.584892e-01 1.001564e+00 1.000881e+00 5.930741e+05 4.717543e+01 -2.644694e-02 2.725124e-04
1.621809e-01 1.001438e+00 1.000208e+00 5.894476e+05 4.688864e+01 -3.285527e-03 2.548695e-04
1.659586e-01 1.000684e+00 9.921997e-01 5.850274e+05 4.656905e+01 -1.578730e-02 2.559423e-04
1.698243e-01 1.001052e+00 9.998760e-01 5.896028e+05 4.693288e+01 -2.177209e-02 2.577305e-04
1.737800e-01 1.000556e+00 9.938935e-01 5.891939e+05 4.688800e+01 -1.301241e-02 2.509356e-04
1.778278e-01 1.000991e+00 1.001194e+00 5.888661e+05 4.684280e+01 -1.175141e-02 2.558231e-04
1.819700e-01 1.000835e+00 1.004300e+00 5.930113e+05 4.719676e+01 -1.157629e-02 2.726316e-04
1.862086e-01 1.001078e+00 9.983656e-01 5.858779e+05 4.664194e+01 -9.868622e-03 2.679825e-04
1.905460e-01 1.000965e+00 9.926050e-01 5.834401e+05 4.639589e+01 -1.534152e-02 2.577305e-04
1.949843e-01 1.000383e+00 9.963841e-01 5.836884e+05 4.645382e+01 -4.410863e-03 2.516508e-04
1.995261e-01 1.001129e+00 9.992478e-01 5.911513e+05 4.704174e+01 -1.693815e-02 2.555847e-04
2.041737e-01 1.001129e+00 9.873627e-01 5.836551e+05 4.640290e+01 -1.574522e-02 2.479553e-04
2.089295e-01 1.000466e+00 1.009905e+00 5.931361e+05 4.721363e+01 -1.720965e-02 2.704859e-04
2.137960e-01 1.000523e+00 9.958153e-01 5.864832e+05 4.665563e+01 -1.663470e-02 2.499819e-04
2.187760e-01 1.000509e+00 1.000946e+00 5.932272e+05 4.722350e+01 -1.475674e-02 2.779961e-04
2.238719e-01 1.000061e+00 9.955034e-01 5.877881e+05 4.680524e+01 -2.063596e-02 2.597570e-04
2.290866e-01 1.000061e+00 9.983323e-01 5.912582e+05 4.701851e+01 -2.327043e-02 2.608299e-04
2.344227e-01 1.001853e+00 1.001680e+00 5.889941e+05 4.688577e+01 -9.903491e-03 2.524853e-04
2.398831e-01 1.001215e+00 1.004372e+00 5.952130e+05 4.738520e+01 -1.650214e-02 2.584457e-04
2.454707e-01 1.000970e+00 9.998606e-01 5.896611e+05 4.695739e+01 -1.587522e-02 2.553463e-04
2.511884e-01 1.001412e+00 1.002260e+00 5.901535e+05 4.693543e+01 -2.499771e-02 2.756119e-04
2.570393e-01 1.000076e+00 1.004563e+00 5.901838e+05 4.695675e+01 -1.031876e-02 2.740622e-04
2.630266e-01 1.000452e+00 1.002803e+00 5.895027e+05 4.690073e+01 -1.619363e-02 2.638102e-04
2.691532e-01 1.001277e+00 9.951653e-01 5.831729e+05 4.640831e+01 -3.064048e-02 2.605915e-04
2.754226e-01 1.000413e+00 1.004500e+00 5.869067e+05 4.670465e+01 -1.252127e-02 2.616644e-04
2.818380e-01 1.000072e+00 1.000226e+00 5.885257e+05 4.680110e+01 -9.299755e-03 2.657175e-04
2.884029e-01 1.000867e+00 1.000403e+00 5.889355e+05 4.685649e+01 -2.140552e-02 2.578497e-04
2.951206e-01 1.000318e+00 9.992417e-01 5.912628e+05 4.703283e+01 -8.115888e-03 2.723932e-04
3.019949e-01 9.999993e-01 1.003940e+00 5.908397e+05 4.704779e+01 -1.489019e-02 2.564192e-04
3.090292e-01 1.000655e+00 1.004607e+00 5.922792e+05 4.712228e+01 -1.871020e-02 2.449751e-04
3.162274e-01 1.001384e+00 1.001929e+00 5.871311e+05 4.670656e+01 -2.350187e-02 2.543926e-04
3.235933e-01 1.000823e+00 9.961147e-01 5.883406e+05 4.684216e+01 -1.689070e-02 2.716780e-04
3.311307e-01 1.001105e+00 9.981081e-01 5.884289e+05 4.680938e+01 -1.868236e-02 2.648830e-04
3.388438e-01 1.000942e+00 9.936950e-01 5.895302e+05 4.690646e+01 -2.632791e-02 2.626181e-04
3.467364e-01 1.000535e+00 1.010023e+00 5.980381e+05 4.752080e+01 -2.232462e-02 2.462864e-04
3.548129e-01 1.000825e+00 9.914737e-01 5.896382e+05 4.690932e+01 -1.941168e-02 2.651215e-04
3.630776e-01 1.000278e+00 1.004581e+00 5.905544e+05 4.701055e+01 -2.014583e-02 2.609491e-04
3.715348e-01 1.000471e+00 9.927071e-01 5.876271e+05 4.675622e+01 -1.206881e-02 2.596378e-04
3.801889e-01 1.001090e+00 9.959142e-01 5.917391e+05 4.715633e+01 -1.796460e-02 2.490282e-04
3.890446e-01 1.001980e+00 9.996333e-01 5.899601e+05 4.698572e+01 -1.921511e-02 2.611876e-04
3.981066e-01 1.000725e+00 9.964502e-01 5.882685e+05 4.685426e+01 -1.854956e-02 2.774000e-04
4.073797e-01 1.001581e+00 9.951786e-01 5.858038e+05 4.661839e+01 -2.736872e-02 2.615452e-04
4.168688e-01 1.001381e+00 1.007265e+00 5.916389e+05 4.708217e+01 -1.027781e-02 2.632141e-04
4.265789e-01 1.001812e+00 9.955440e-01 5.851109e+05 4.654836e+01 -4.738390e-03 2.582073e-04
4.365152e-01 1.000659e+00 1.000158e+00 5.849745e+05 4.654677e+01 -1.726359e-02 2.593994e-04
4.466830e-01 1.001307e+00 1.001318e+00 5.900609e+05 4.692015e+01 -1.160586e-02 2.689362e-04
4.570875e-01 1.002544e+00 9.989314e-01 5.866817e+05 4.665150e+01 -1.506883e-02 2.608299e-04
4.677345e-01 1.001562e+00 1.000641e+00 5.925474e+05 4.716620e+01 -1.922131e-02 2.524853e-04
4.786294e-01 1.001579e+00 1.003774e+00 5.898296e+05 4.696535e+01 -1.142633e-02 2.566576e-04
4.897781e-01 1.001634e+00 9.999304e-01 5.894595e+05 4.695389e+01 -1.842719e-02 2.591610e-04
5.011865e-01 1.001428e+00 1.007087e+00 5.952772e+05 4.737151e+01 -1.896036e-02 2.756119e-04
5.128606e-01 1.001450e+00 1.001146e+00 5.865531e+05 4.663558e+01 -1.460117e-02 2.595186e-04
5.248066e-01 1.001446e+00 9.999657e-01 5.874508e+05 4.674349e+01 -1.495916e-02 2.423525e-04
5.370309e-01 1.001045e+00 1.000086e+00 5.925082e+05 4.718880e+01 -1.528919e-02 2.552271e-04
5.495400e-01 1.002357e+00 9.982143e-01 5.864263e+05 4.670083e+01 -2.758408e-02 2.677441e-04
5.623404e-01 1.002317e+00 9.972294e-01 5.870919e+05 4.676513e+01 -1.466656e-02 2.566576e-04
5.754390e-01 1.002681e+00 1.003284e+00 5.901678e+05 4.695198e+01 -2.770525e-02 2.502203e-04
5.888427e-01 1.002652e+00 9.967162e-01 5.877194e+05 4.679346e+01 -1.134336e-02 2.483130e-04
6.025586e-01 1.002406e+00 9.975733e-01 5.872651e+05 4.670529e+01 -2.159119e-02 2.622604e-04
6.165940e-01 1.002294e+00 1.000149e+00 5.867899e+05 4.670656e+01 -2.136797e-02 2.598763e-04
6.309564e-01 1.001794e+00 1.000611e+00 5.897608e+05 4.693097e+01 -1.589811e-02 2.516508e-04
6.456532e-01 1.002337e+00 9.993529e-01 5.868737e+05 4.669320e+01 -1.648027e-02 2.495050e-04
6.606924e-01 1.002844e+00 1.005215e+00 5.877528e+05 4.676354e+01 -2.168888e-02 2.673864e-04
6.760820e-01 1.002100e+00 9.931062e-01 5.829154e+05 4.642072e+01 -1.107341e-02 2.506971e-04
6.918299e-01 1.003849e+00 9.973822e-01 5.882419e+05 4.679696e+01 -1.134622e-02 2.621412e-04
7.079447e-01 1.003046e+00 1.001421e+00 5.860791e+05 4.666391e+01 -9.687901e-03 2.615452e-04
7.244349e-01 1.003186e+00 9.993736e-01 5.867190e+05 4.663303e+01 -1.591444e-02 2.664328e-04
7.413091e-01 1.004042e+00 1.000856e+00 5.871052e+05 4.668174e+01 -1.289517e-02 2.676249e-04
7.585765e-01 1.003185e+00 9.972830e-01 5.854466e+05 4.659420e+01 -2.107430e-02 2.564192e-04
7.762460e-01 1.004299e+00 9.964115e-01 5.854654e+05 4.660661e+01 -1.412636e-02 2.695322e-04
7.943270e-01 1.003442e+00 1.002064e+00 5.908274e+05 4.702328e+01 -2.074611e-02 2.615452e-04
8.128293e-01 1.004051e+00 9.977799e-01 5.876600e+05 4.679060e+01 -2.025855e-02 2.629757e-04
8.317625e-01 1.003790e+00 9.985706e-01 5.850207e+05 4.654232e+01 -1.508856e-02 2.483130e-04
8.511367e-01 1.004308e+00 1.003541e+00 5.924762e+05 4.717034e+01 -1.844782e-02 2.514124e-04
8.709623e-01 1.003958e+00 9.883331e-01 5.820282e+05 4.634783e+01 -1.424676e-02 2.535582e-04
8.912496e-01 1.004250e+00 9.986699e-01 5.884851e+05 4.678519e+01 -1.637471e-02 2.497435e-04
9.120094e-01 1.004895e+00 9.988780e-01 5.851751e+05 4.659420e+01 -2.642608e-02 2.663136e-04
9.332529e-01 1.005944e+00 9.971312e-01 5.887354e+05 4.683198e+01 -1.101124e-02 2.650023e-04
9.549911e-01 1.006340e+00 9.946779e-01 5.864775e+05 4.669542e+01 -4.590154e-03 2.596378e-04
9.772357e-01 1.006176e+00 9.909421e-01 5.816346e+05 4.630581e+01 -2.734232e-02 2.505779e-04
9.999985e-01 1.006543e+00 9.967287e-01 5.905600e+05 4.691760e+01 -9.912491e-03 2.621412e-04
1.023291e+00 1.005922e+00 9.930840e-01 5.833808e+05 4.641181e+01 -1.271778e-02 2.681017e-04
1.047127e+00 1.007535e+00 9.954137e-01 5.847168e+05 4.650285e+01 -7.452190e-03 2.803802e-04
1.071518e+00 1.007408e+00 1.000351e+00 5.919222e+05 4.710859e+01 -1.979071e-02 2.661943e-04
1.096477e+00 1.007720e+00 1.006290e+00 5.915994e+05 4.711145e+01 -1.735741e-02 2.652407e-04
1.122017e+00 1.007592e+00 9.955362e-01 5.893891e+05 4.690232e+01 -1.526290e-02 2.491474e-04
1.148152e+00 1.007967e+00 9.954049e-01 5.860252e+05 4.662826e+01 -1.015347e-02 2.588034e-04
1.174896e+00 1.007872e+00 1.001513e+00 5.897665e+05 4.694402e+01 -1.161265e-02 2.683401e-04
1.202263e+00 1.008773e+00 1.003686e+00 5.892164e+05 4.688673e+01 -1.337314e-02 2.554655e-04
1.230267e+00 1.009167e+00 9.999536e-01 5.902847e+05 4.695325e+01 -1.639265e-02 2.616644e-04
1.258923e+00 1.009875e+00 1.000371e+00 5.902876e+05 4.700195e+01 -8.298337e-03 2.543926e-04
1.288247e+00 1.010202e+00 9.957139e-01 5.850972e+05 4.655568e+01 -2.117819e-02 2.585649e-04
1.318255e+00 1.011132e+00 1.003996e+00 5.901136e+05 4.698158e+01 -1.583767e-02 2.665520e-04
1.348961e+00 1.011127e+00 1.000794e+00 5.917444e+05 4.705320e+01 -2.063596e-02 2.676249e-04
1.380382e+00 1.011691e+00 1.002829e+00 5.962301e+05 4.742626e+01 -1.484424e-02 2.691746e-04
1.412535e+00 1.013563e+00 9.960724e-01 5.856112e+05 4.660407e+01 -1.747626e-02 2.664328e-04
1.445438e+00 1.012578e+00 9.948233e-01 5.877340e+05 4.678646e+01 -1.598251e-02 2.473593e-04
1.479106e+00 1.013125e+00 9.985005e-01 5.882468e+05 4.683484e+01 -3.048629e-02 2.596378e-04
1.513559e+00 1.014428e+00 9.998378e-01 5.839515e+05 4.649680e+01 -1.559860e-02 2.700090e-04
1.548814e+00 1.014131e+00 9.963247e-01 5.872621e+05 4.676895e+01 -2.139151e-02 2.520084e-04
1.584891e+00 1.015352e+00 9.926900e-01 5.850829e+05 4.659165e+01 -1.836669e-02 2.727509e-04
1.621808e+00 1.015133e+00 9.942524e-01 5.883679e+05 4.682370e+01 -1.867068e-02 2.634525e-04
1.659584e+00 1.016336e+00 9.998712e-01 5.878394e+05 4.679951e+01 -1.757377e-02 2.554655e-04
1.698241e+00 1.016685e+00 9.899545e-01 5.862173e+05 4.667314e+01 -1.535231e-02 2.634525e-04
1.737798e+00 1.017248e+00 1.002513e+00 5.911845e+05 4.706912e+01 -1.564825e-02 2.591610e-04
1.778277e+00 1.018082e+00 1.006893e+00 5.917574e+05 4.709681e+01 -2.127498e-02 2.545118e-04
1.819698e+00 1.018447e+00 1.008826e+00 5.925002e+05 4.715283e+01 -1.408583e-02 2.626181e-04
1.862084e+00 1.020989e+00 9.950396e-01 5.901224e+05 4.695835e+01 -6.450891e-03 2.713203e-04
1.905458e+00 1.022298e+00 9.948983e-01 5.849622e+05 4.658561e+01 -6.209791e-03 2.672672e-04
1.949842e+00 1.021825e+00 9.955859e-01 5.892204e+05 4.685267e+01 -1.544720e-02 2.354383e-04
1.995259e+00 1.023808e+00 9.994165e-01 5.864488e+05 4.668810e+01 -1.088643e-02 2.632141e-04
2.041735e+00 1.024817e+00 9.931814e-01 5.832102e+05 4.646974e+01 -1.226383e-02 2.551079e-04
2.089293e+00 1.025594e+00 9.989568e-01 5.903988e+05 4.694275e+01 -1.472467e-02 2.706051e-04
2.137959e+00 1.026349e+00 1.004211e+00 5.926330e+05 4.725724e+01 -2.825707e-02 2.623796e-04
2.187758e+00 1.028320e+00 1.001289e+00 5.827004e+05 4.639526e+01 -1.740253e-02 2.635717e-04
2.238717e+00 1.029742e+00 1.010801e+00 5.943042e+05 4.731453e+01 -2.180725e-02 2.688169e-04
2.290864e+00 1.030472e+00 9.976273e-01 5.861554e+05 4.663908e+01 -1.669514e-02 2.638102e-04
2.344225e+00 1.031883e+00 1.000139e+00 5.900632e+05 4.697935e+01 -2.410990e-02 2.613068e-04
2.398829e+00 1.035086e+00 9.943278e-01 5.872529e+05 4.670943e+01 -1.363546e-02 2.697706e-04
2.454705e+00 1.035680e+00 9.955185e-01 5.881858e+05 4.677086e+01 -1.198709e-02 2.605915e-04
2.511882e+00 1.036815e+00 1.000779e+00 5.943572e+05 4.728588e+01 -1.495278e-02 2.604723e-04
2.570391e+00 1.039302e+00 9.976696e-01 5.849063e+05 4.651780e+01 -7.354021e-03 2.518892e-04
2.630263e+00 1.039587e+00 9.990711e-01 5.887316e+05 4.685394e+01 -1.757115e-02 2.576113e-04
2.691530e+00 1.041559e+00 1.002258e+00 5.929548e+05 4.722541e+01 -1.521897e-02 2.601147e-04
2.754224e+00 1.043669e+00 1.009888e+00 5.980288e+05 4.757205e+01 -1.274264e-02 2.564192e-04
2.818378e+00 1.046451e+00 9.995466e-01 5.869392e+05 4.667601e+01 -1.531661e-02 2.629757e-04
2.884026e+00 1.048406e+00 1.002889e+00 5.895812e+05 4.689468e+01 -5.668998e-03 2.734661e-04
2.951204e+00 1.050724e+00 1.003623e+00 5.911206e+05 4.701341e+01 -1.639152e-02 2.647638e-04
3.019946e+00 1.052217e+00 1.002636e+00 5.885564e+05 4.684312e+01 -2.227730e-02 2.722740e-04
3.090289e+00 1.056384e+00 1.002273e+00 5.910878e+05 4.702296e+01 -3.148198e-03 2.545118e-04
3.162271e+00 1.057957e+00 9.946908e-01 5.866451e+05 4.667028e+01 -1.192999e-02 2.616644e-04
3.235930e+00 1.060794e+00 9.977145e-01 5.876127e+05 4.676481e+01 -9.838521e-03 2.614260e-04
3.311305e+00 1.063382e+00 1.004240e+00 5.918828e+05 4.708217e+01 -7.127941e-03 2.710819e-04
3.388435e+00 1.065753e+00 1.010131e+00 5.914176e+05 4.702965e+01 -1.930356e-02 2.497435e-04
3.467361e+00 1.068948e+00 1.004214e+00 5.947204e+05 4.728588e+01 -7.183731e-03 2.598763e-04
3.548127e+00 1.072368e+00 9.966150e-01 5.877599e+05 4.679728e+01 -1.537967e-02 2.650023e-04
3.630773e+00 1.075147e+00 1.001699e+00 5.904333e+05 4.700609e+01 -1.991171e-02 2.565384e-04
3.715345e+00 1.079191e+00 9.958335e-01 5.843715e+05 4.652099e+01 -1.625967e-02 2.521276e-04
3.801886e+00 1.083295e+00 1.005111e+00 5.956768e+05 4.733586e+01 -1.407671e-02 2.422333e-04
3.890443e+00 1.087402e+00 1.003706e+00 5.909128e+05 4.698890e+01 -1.560438e-02 2.756119e-04
3.981063e+00 1.091244e+00 1.002167e+00 5.889236e+05 4.687081e+01 -2.000391e-02 2.620220e-04
4.073794e+00 1.095160e+00 9.986798e-01 5.900748e+05 4.701214e+01 -1.387036e-02 2.506971e-04
4.168685e+00 1.099387e+00 1.000615e+00 5.863711e+05 4.671198e+01 -1.423800e-02 2.551079e-04
4.265786e+00 1.104311e+00 1.003533e+00 5.953360e+05 4.733904e+01 -2.078521e-02 2.565384e-04
4.365149e+00 1.109084e+00 1.000302e+00 5.898629e+05 4.699686e+01 -3.000462e-02 2.545118e-04
4.466826e+00 1.113035e+00 1.000483e+00 5.932275e+05 4.723528e+01 -1.894659e-02 2.762079e-04
4.570871e+00 1.119100e+00 1.013583e+00 5.960208e+05 4.742722e+01 -1.354778e-02 2.491474e-04
4.677341e+00 1.123859e+00 9.958692e-01 5.890394e+05 4.687782e+01 -8.134186e-03 2.658367e-04
4.786290e+00 1.130152e+00 9.942420e-01 5.848678e+05 4.654104e+01 -2.070093e-02 2.727509e-04
4.897777e+00 1.136937e+00 9.967921e-01 5.897077e+05 4.690232e+01 -1.571560e-02 2.807379e-04
5.011860e+00 1.142204e+00 1.005509e+00 5.924712e+05 4.717511e+01 -4.810631e-03 2.685785e-04
5.128602e+00 1.148648e+00 1.000280e+00 5.886664e+05 4.680524e+01 -2.544498e-02 2.541542e-04
5.248062e+00 1.155235e+00 1.003454e+00 5.902958e+05 4.697490e+01 -1.416558e-02 2.725124e-04
5.370305e+00 1.162777e+00 9.999034e-01 5.911603e+05 4.705766e+01 -1.381624e-02 2.633333e-04
5.495395e+00 1.169761e+00 1.001684e+00 5.924017e+05 4.714520e+01 -2.183503e-02 2.526045e-04
5.623399e+00 1.178050e+00 9.997208e-01 5.898663e+05 4.683229e+01 -2.214652e-02 2.661943e-04
5.754385e+00 1.185996e+00 9.995283e-01 5.893314e+05 4.692206e+01 -1.255375e-02 2.738237e-04
5.888422e+00 1.193390e+00 9.873942e-01 5.816022e+05 4.631377e+01 -8.042455e-04 2.708435e-04
6.025580e+00 1.201701e+00 9.994915e-01 5.877669e+05 4.675558e+01 -2.740920e-03 2.628565e-04
6.165934e+00 1.212570e+00 9.947196e-01 5.851092e+05 4.656905e+01 -1.747900e-02 2.834797e-04
6.309557e+00 1.222420e+00 9.953022e-01 5.810363e+05 4.628385e+01 -1.535815e-02 2.501011e-04
6.456525e+00 1.232117e+00 9.999022e-01 5.853957e+05 4.656300e+01 -2.173036e-02 2.565384e-04
6.606917e+00 1.242043e+00 1.002865e+00 5.921189e+05 4.711655e+01 -2.072787e-02 2.552271e-04
6.760812e+00 1.253270e+00 9.972249e-01 5.876515e+05 4.676895e+01 -9.923518e-03 2.635717e-04
6.918291e+00 1.264320e+00 9.953401e-01 5.848800e+05 4.652958e+01 -1.200384e-02 2.636909e-04
7.079439e+00 1.276981e+00 9.926661e-01 5.857918e+05 4.662062e+01 -1.922536e-02 2.622604e-04
7.244340e+00 1.289223e+00 1.009031e+00 5.919138e+05 4.713596e+01 -1.368082e-02 2.596378e-04
7.413082e+00 1.300992e+00 9.986231e-01 5.853976e+05 4.660311e+01 -1.389802e-02 2.572536e-04
7.585755e+00 1.314895e+00 1.006956e+00 5.898703e+05 4.698508e+01 -9.332597e-03 2.648830e-04
7.762450e+00 1.328548e+00 9.953875e-01 5.797873e+05 4.617849e+01 -8.231223e-03 2.610683e-04
7.943260e+00 1.344160e+00 1.002939e+00 5.905608e+05 4.699336e+01 -5.764365e-03 2.708435e-04
8.128283e+00 1.357855e+00 9.988428e-01 5.876175e+05 4.676418e+01 -1.164502e-02 2.682209e-04
8.317614e+00 1.373478e+00 1.002864e+00 5.856877e+05 4.659611e+01 -1.466554e-02 2.588034e-04
8.511356e+00 1.389711e+00 9.950089e-01 5.830246e+05 4.635165e+01 -1.267803e-02 2.661943e-04
8.709611e+00 1.407270e+00 9.982811e-01 5.894063e+05 4.690551e+01 -1.315176e-02 2.620220e-04
8.912483e+00 1.425252e+00 1.002366e+00 5.861699e+05 4.669797e+01 -9.938598e-03 2.747774e-04
9.120082e+00 1.443273e+00 1.008067e+00 5.886587e+05 4.691697e+01 -3.755510e-03 2.691746e-04
9.332516e+00 1.462955e+00 9.951144e-01 5.874382e+05 4.677309e+01 4.626751e-03 2.576113e-04
9.549897e+00 1.481933e+00 1.003810e+00 5.856091e+05 4.666295e+01 -9.710670e-03 2.588034e-04
9.772343e+00 1.502956e+00 1.005063e+00 5.875681e+05 4.672662e+01 -9.500384e-04 2.579689e-04
9.999969e+00 1.524297e+00 1.002395e+00 5.879282e+05 4.680174e+01 -8.577824e-03 2.609491e-04
1.023290e+01 1.546797e+00 1.000485e+00 5.854311e+05 4.664194e+01 -8.379102e-03 2.646446e-04
1.047125e+01 1.570003e+00 1.005748e+00 5.915368e+05 4.707230e+01 -1.330817e-02 2.628565e-04
1.071516e+01 1.593430e+00 9.916666e-01 5.806536e+05 4.628162e+01 -3.693700e-04 2.542734e-04
1.096475e+01 1.619660e+00 1.000448e+00 5.911306e+05 4.709840e+01 -1.089919e-02 2.554655e-04
1.122015e+01 1.645022e+00 1.010070e+00 5.963487e+05 4.754531e+01 -1.138324e-02 2.715588e-04
1.148150e+01 1.671222e+00 1.011993e+00 5.958813e+05 4.748356e+01 -7.563829e-03 2.650023e-04
1.174894e+01 1.698952e+00 1.011385e+00 5.908635e+05 4.700546e+01 -6.638229e-03 2.795458e-04
1.202261e+01 1.727269e+00 1.013410e+00 6.017544e+05 4.794447e+01 -4.880846e-03 2.695322e-04
1.230265e+01 1.757691e+00 1.010732e+00 5.922958e+05 4.719580e+01 -6.237566e-03 2.632141e-04
1.258921e+01 1.789422e+00 1.015947e+00 5.994821e+05 4.753003e+01 -8.091986e-03 2.539158e-04
1.288245e+01 1.820234e+00 1.013546e+00 5.940218e+05 4.722127e+01 -1.244718e-02 2.613068e-04
1.318252e+01 1.853234e+00 1.003597e+00 5.888146e+05 4.689850e+01 -1.667124e-02 2.685785e-04
1.348958e+01 1.888612e+00 1.011749e+00 5.939496e+05 4.720281e+01 -9.527981e-03 2.697706e-04
1.380380e+01 1.922573e+00 1.003074e+00 5.916697e+05 4.713660e+01 -6.705284e-03 2.472401e-04
1.412533e+01 1.959707e+00 1.010833e+00 5.903298e+05 4.699272e+01 -1.282370e-02 2.567768e-04
1.445435e+01 1.997583e+00 1.011052e+00 5.911970e+05 4.709331e+01 -1.808107e-03 2.495050e-04
1.479103e+01 2.036626e+00 1.005710e+00 5.880910e+05 4.686922e+01 7.417679e-03 2.706051e-04
1.513556e+01 2.076528e+00 9.979079e-01 5.854429e+05 4.676991e+01 3.027916e-05 2.621412e-04
1.548811e+01 2.118598e+00 1.002947e+00 5.889542e+05 4.699654e+01 -3.462255e-03 2.707243e-04
1.584888e+01 2.161316e+00 9.966780e-01 5.848079e+05 4.649361e+01 -1.229656e-02 2.681017e-04
1.621804e+01 2.205123e+00 9.967630e-01 5.842615e+05 4.644778e+01 -1.675135e-02 2.906322e-04
1.659581e+01 2.251096e+00 9.956068e-01 5.844519e+05 4.651398e+01 -6.673694e-03 2.756119e-04
1.698238e+01 2.296390e+00 9.988098e-01 5.848989e+05 4.658147e+01 -8.276820e-03 2.679825e-04
1.737795e+01 2.344439e+00 1.005256e+00 5.864242e+05 4.656364e+01 -6.622374e-03 2.756119e-04
1.778273e+01 2.394012e+00 1.004622e+00 5.849957e+05 4.661203e+01 -1.518130e-04 2.639294e-04
1.819694e+01 2.445628e+00 1.009476e+00 5.858424e+05 4.650635e+01 5.199909e-04 2.737045e-04
1.862080e+01 2.496083e+00 1.000093e+00 5.796423e+05 4.589010e+01 -1.595473e-02 2.744198e-04
1.905454e+01 2.551470e+00 1.007125e+00 5.872022e+05 4.676354e+01 -9.535313e-03 2.670288e-04
1.949837e+01 2.605907e+00 1.005442e+00 5.848954e+05 4.671134e+01 -9.505093e-03 2.791882e-04
1.995255e+01 2.662737e+00 1.013173e+00 5.877728e+05 4.632045e+01 3.608108e-03 2.791882e-04
2.041730e+01 2.720372e+00 1.008391e+00 5.808731e+05 4.617021e+01 -8.168876e-03 2.813339e-04
2.089288e+01 2.781777e+00 1.003930e+00 5.819790e+05 4.642995e+01 3.601313e-04 2.758503e-04
2.137954e+01 2.840627e+00 1.013721e+00 5.881465e+05 4.685521e+01 3.758311e-03 2.752542e-04
2.187753e+01 2.902873e+00 1.001192e+00 5.838761e+05 4.667696e+01 -1.339757e-02 2.619028e-04
2.238713e+01 2.967276e+00 1.007574e+00 5.843992e+05 4.678901e+01 1.389468e-02 2.746582e-04
2.290859e+01 3.033566e+00 1.007109e+00 5.790941e+05 4.605817e+01 1.232731e-02 2.791882e-04
2.344220e+01 3.098686e+00 1.011528e+00 5.864131e+05 4.695452e+01 -2.273440e-03 2.778769e-04
2.398824e+01 3.167175e+00 1.002531e+00 5.746159e+05 4.594103e+01 6.472826e-03 2.694130e-04
2.454699e+01 3.235502e+00 1.001718e+00 5.768665e+05 4.582644e+01 7.401824e-03 2.726316e-04
2.511877e+01 3.305824e+00 9.969648e-01 5.719885e+05 4.599960e+01 3.596306e-03 2.688169e-04
2.570386e+01 3.378384e+00 1.005368e+00 5.788024e+05 4.645033e+01 1.588464e-03 2.747774e-04
2.630258e+01 3.450573e+00 1.003630e+00 5.777572e+05 4.658529e+01 -5.645275e-03 2.504587e-04
2.691524e+01 3.524586e+00 1.015179e+00 5.804146e+05 4.573476e+01 -9.974957e-03 2.534389e-04
2.754218e+01 3.599667e+00 1.012792e+00 5.790237e+05 4.566601e+01 -1.343429e-03 2.760887e-04
2.818372e+01 3.677114e+00 1.010161e+00 5.723786e+05 4.487915e+01 -1.476115e-02 2.833605e-04
2.884020e+01 3.754830e+00 9.994376e-01 5.672621e+05 4.475692e+01 -1.033276e-02 2.704859e-04
2.951197e+01 3.834232e+00 1.006904e+00 5.767054e+05 4.533242e+01 -1.453894e-02 2.586842e-04
3.019939e+01 3.912669e+00 9.961927e-01 5.610766e+05 4.425780e+01 -1.146793e-04 2.690554e-04
3.090283e+01 3.995373e+00 1.002879e+00 5.681487e+05 4.542409e+01 3.653049e-03 2.486706e-04
3.162265e+01 4.077293e+00 1.009665e+00 5.693825e+05 4.523565e+01 -9.336293e-03 2.701283e-04
3.235923e+01 4.160966e+00 1.009958e+00 5.676891e+05 4.521528e+01 -5.307436e-03 2.655983e-04
3.311298e+01 4.245937e+00 1.004997e+00 5.641445e+05 4.529677e+01 7.817984e-03 2.840757e-04
3.388427e+01 4.331271e+00 1.008994e+00 5.618594e+05 4.521019e+01 -6.246924e-03 2.712011e-04
3.467354e+01 4.417771e+00 1.010726e+00 5.624006e+05 4.390639e+01 1.868010e-03 2.734661e-04
3.548119e+01 4.504325e+00 9.967081e-01 5.532254e+05 4.393695e+01 -1.238686e-02 2.709627e-04
3.630765e+01 4.592730e+00 9.961582e-01 5.547506e+05 4.351933e+01 -6.910145e-03 2.598763e-04
3.715337e+01 4.679821e+00 1.000209e+00 5.559969e+05 4.414067e+01 -1.445061e-02 2.819300e-04
3.801878e+01 4.768823e+00 1.003443e+00 5.583121e+05 4.523565e+01 1.150751e-02 2.942085e-04
3.890435e+01 4.858634e+00 1.006732e+00 5.601649e+05 4.456847e+01 -9.020030e-03 2.843142e-04
3.981054e+01 4.949380e+00 1.006077e+00 5.545321e+05 4.528149e+01 -1.782596e-03 2.682209e-04
4.073785e+01 5.039205e+00 1.007153e+00 5.538743e+05 4.350914e+01 -1.643276e-02 2.521276e-04
4.168676e+01 5.130918e+00 1.006206e+00 5.514197e+05 4.346330e+01 -1.416487e-02 2.744198e-04
4.265776e+01 5.222761e+00 1.007717e+00 5.543504e+05 4.387074e+01 -5.786777e-03 2.584457e-04
4.365139e+01 5.313484e+00 9.975057e-01 5.464929e+05 4.322903e+01 -4.508734e-03 2.804995e-04
4.466816e+01 5.405812e+00 9.959192e-01 5.438455e+05 4.337163e+01 -5.090356e-03 2.799034e-04
4.570861e+01 5.498143e+00 9.940673e-01 5.398167e+05 4.409483e+01 -4.377782e-03 2.677441e-04
4.677330e+01 5.592026e+00 9.986680e-01 5.378218e+05 4.219006e+01 6.549954e-03 2.726316e-04
4.786279e+01 5.682586e+00 9.966052e-01 5.372684e+05 4.256694e+01 -4.266262e-03 2.983809e-04
4.897766e+01 5.775459e+00 1.001900e+00 5.365094e+05 4.206783e+01 -1.298928e-02 2.732277e-04
5.011850e+01 5.868395e+00 1.003858e+00 5.402024e+05 4.422725e+01 1.071942e-02 2.741814e-04
5.128590e+01 5.961720e+00 1.004319e+00 5.375848e+05 4.311698e+01 -7.432103e-03 2.825260e-04
5.248050e+01 6.053272e+00 9.903037e-01 5.295599e+05 4.227155e+01 -7.174134e-03 2.913475e-04
5.370293e+01 6.145494e+00 9.966226e-01 5.308192e+05 4.138538e+01 2.984524e-03 2.728701e-04
5.495383e+01 6.237146e+00 9.843656e-01 5.242769e+05 4.101868e+01 -2.187371e-03 2.785921e-04
5.623387e+01 6.329103e+00 9.902328e-01 5.261229e+05 4.126315e+01 -8.134782e-03 2.812147e-04
5.754372e+01 6.419061e+00 1.000131e+00 5.298731e+05 4.091682e+01 -1.899499e-02 2.752542e-04
5.888409e+01 6.510511e+00 9.963204e-01 5.248916e+05 4.190486e+01 -8.441389e-03 2.714396e-04
6.025567e+01 6.599977e+00 9.963716e-01 5.245704e+05 4.104924e+01 -1.579189e-02 2.715588e-04
6.165921e+01 6.688685e+00 9.983597e-01 5.220522e+05 4.097794e+01 5.167007e-03 2.789497e-04
6.309543e+01 6.776514e+00 9.839977e-01 5.159701e+05 3.946024e+01 -1.104224e-02 2.843142e-04
6.456512e+01 6.866415e+00 9.926338e-01 5.160915e+05 4.191504e+01 5.691290e-03 2.661943e-04
6.606902e+01 6.953768e+00 9.969931e-01 5.143785e+05 4.206783e+01 -2.220976e-02 2.822876e-04
6.760797e+01 7.040008e+00 1.000101e+00 5.197868e+05 4.351423e+01 -2.475989e-02 2.802610e-04
6.918276e+01 7.125559e+00 9.991751e-01 5.195619e+05 4.440041e+01 -1.199132e-02 2.851486e-04
7.079424e+01 7.211085e+00 9.965859e-01 5.155406e+05 4.473654e+01 -2.951545e-02 2.838373e-04
7.244324e+01 7.294773e+00 1.012475e+00 5.250520e+05 4.371795e+01 -2.200830e-02 2.788305e-04
7.413066e+01 7.378635e+00 1.004524e+00 5.272339e+05 4.530695e+01 -1.817048e-02 2.931356e-04
7.585738e+01 7.460475e+00 1.002587e+00 5.184770e+05 4.298457e+01 -2.779531e-02 2.769232e-04
7.762433e+01 7.541983e+00 9.960213e-01 5.161538e+05 4.176226e+01 -1.638120e-02 2.677441e-04
7.943243e+01 7.623034e+00 1.000463e+00 5.226166e+05 3.954173e+01 -1.686251e-02 2.912283e-04
8.128265e+01 7.702299e+00 1.011527e+00 5.246024e+05 4.355498e+01 -1.748723e-02 2.843142e-04
8.317596e+01 7.779985e+00 1.006274e+00 5.207861e+05 3.893057e+01 -2.489817e-02 2.669096e-04
8.511337e+01 7.857672e+00 1.013729e+00 5.227112e+05 4.108998e+01 -1.749396e-03 2.913475e-04
8.709592e+01 7.934664e+00 1.012896e+00 5.183834e+05 3.931763e+01 -3.876567e-03 2.769232e-04
8.912464e+01 8.009952e+00 1.010087e+00 5.217578e+05 4.076403e+01 -1.616055e-02 2.768040e-04
9.120061e+01 8.084219e+00 1.008627e+00 5.142930e+05 4.090664e+01 -2.489388e-02 2.970695e-04
9.332495e+01 8.155679e+00 1.012598e+00 5.204829e+05 4.375869e+01 -1.791567e-02 2.838373e-04
9.549876e+01 8.227439e+00 1.008370e+00 5.132039e+05 4.267899e+01 -1.965725e-02 2.741814e-04
9.772321e+01 8.297518e+00 1.006482e+00 5.145787e+05 4.119184e+01 -2.937299e-02 2.870560e-04
