#./overdamped_3d --dev=1 --amp=40.0 --omega=1.0 --force=0 --Dg=0.01 --block=256 --paths=65536 --periods=1000 --trans=100 --samples=100 --spp=1000 --algorithm=euler --pav=1 --mode=moments --domain=1d --domainx=a:-1:2:300:1 --domainy=a:0:10:100:0 --domainz=D:-6:-1:100:1 --q=2 --eps=0 --phi=1.57079632679 --lambda=30.0 --zeta=0.0333333333333 --comp=0 --mean=0.0 --second=10 --skew=0.99 --distribution=r>> comp_r_a:-1:2:300:1_0.0_10_0.0333333333333_30.0.dat
#a <<v>> qnu(q) mu_q Dx Gx EBx
1.000000e-01 9.949178e-01 9.642667e-01 3.565576e+02 1.250958e-01 -3.170550e-03 3.814697e-05
1.023293e-01 9.946757e-01 9.690646e-01 3.563051e+02 7.957747e-02 6.544590e-04 3.707409e-05
1.047129e-01 9.944611e-01 9.605983e-01 3.565482e+02 8.148733e-02 -5.754173e-03 3.600121e-05
1.071519e-01 9.941611e-01 9.618145e-01 3.565527e+02 9.421972e-02 -8.868814e-03 3.695488e-05
1.096478e-01 9.939111e-01 9.663561e-01 3.575987e+02 8.148733e-02 -1.412648e-02 3.230572e-05
1.122018e-01 9.936221e-01 9.632322e-01 3.557112e+02 6.589014e-02 -8.225977e-03 3.826618e-05
1.148153e-01 9.933286e-01 9.692742e-01 3.588163e+02 7.894085e-02 -1.074910e-03 4.601479e-05
1.174897e-01 9.930092e-01 9.657185e-01 3.629320e+02 8.276056e-02 7.699728e-04 4.458427e-05
1.202264e-01 9.926915e-01 9.687396e-01 3.628644e+02 2.387324e-02 -7.509530e-03 3.814697e-05
1.230269e-01 9.923548e-01 9.741614e-01 3.629374e+02 2.482817e-02 -4.317760e-04 3.385544e-05
1.258925e-01 9.919970e-01 9.624273e-01 3.628940e+02 -1.432394e-02 -4.803360e-03 3.588200e-05
1.288249e-01 9.915857e-01 9.704397e-01 3.650573e+02 -6.684507e-03 -1.172882e-02 2.455711e-05
1.318256e-01 9.912280e-01 9.610331e-01 3.617950e+02 2.450986e-02 -2.580333e-02 3.838539e-05
1.348962e-01 9.907959e-01 9.677024e-01 3.609957e+02 8.053240e-02 -6.378949e-03 3.683567e-05
1.380384e-01 9.903808e-01 9.574457e-01 3.595234e+02 7.034648e-02 -6.367505e-03 3.433228e-05
1.412537e-01 9.899217e-01 9.676375e-01 3.616393e+02 9.899437e-02 -7.663369e-03 4.589558e-05
1.445439e-01 9.894443e-01 9.693570e-01 3.672916e+02 1.142732e-01 -9.758830e-03 4.529953e-05
1.479108e-01 9.889524e-01 9.614996e-01 3.651132e+02 5.793240e-02 -1.190722e-02 3.671646e-05
1.513561e-01 9.884156e-01 9.732875e-01 3.702594e+02 7.798592e-02 -7.376194e-03 4.887581e-05
1.548816e-01 9.878869e-01 9.573951e-01 3.655832e+02 6.143381e-02 -8.863807e-04 3.051758e-05
1.584892e-01 9.873275e-01 9.674627e-01 3.694536e+02 6.843662e-02 -1.462471e-02 4.339218e-05
1.621809e-01 9.867238e-01 9.617477e-01 3.650573e+02 2.005352e-02 -1.299828e-02 3.099442e-05
1.659586e-01 9.860842e-01 9.553843e-01 3.684908e+02 5.220282e-02 -1.019263e-02 3.135204e-05
1.698243e-01 9.854563e-01 9.751530e-01 3.758230e+02 2.291831e-02 -1.366353e-02 3.135204e-05
1.737800e-01 9.847555e-01 9.625441e-01 3.701961e+02 5.124789e-02 2.354383e-04 4.446507e-05
1.778278e-01 9.839921e-01 9.624976e-01 3.691695e+02 2.514648e-02 -9.558320e-03 2.491474e-05
1.819700e-01 9.832212e-01 9.622035e-01 3.703676e+02 -1.909859e-03 1.577973e-03 2.801418e-05
1.862086e-01 9.824744e-01 9.618453e-01 3.714496e+02 -6.907324e-02 -5.713403e-03 3.874302e-05
1.905460e-01 9.816391e-01 9.641082e-01 3.710214e+02 -1.655211e-02 -9.530544e-03 5.102158e-05
1.949843e-01 9.807837e-01 9.669895e-01 3.736115e+02 2.355493e-02 -2.161318e-02 4.601479e-05
1.995261e-01 9.798460e-01 9.612660e-01 3.735969e+02 2.005352e-02 -4.373610e-03 4.208088e-05
2.041737e-01 9.788954e-01 9.623384e-01 3.720500e+02 4.551831e-02 -5.396247e-03 3.778934e-05
2.089295e-01 9.779015e-01 9.675378e-01 3.771498e+02 2.578310e-02 -1.338804e-02 2.038479e-05
2.137960e-01 9.768880e-01 9.744042e-01 3.822448e+02 -4.488169e-02 -1.881152e-02 2.491474e-05
2.187760e-01 9.757620e-01 9.648645e-01 3.792245e+02 -6.748170e-02 -1.389515e-02 4.172325e-05
2.238719e-01 9.746182e-01 9.616913e-01 3.794835e+02 -3.278592e-02 3.286958e-03 3.254414e-05
2.290866e-01 9.733819e-01 9.702616e-01 3.848053e+02 -1.559718e-02 1.055324e-02 3.933907e-05
2.344227e-01 9.721179e-01 9.639516e-01 3.870866e+02 -6.334367e-02 1.103354e-02 3.910065e-05
2.398831e-01 9.707974e-01 9.624577e-01 3.830645e+02 -7.321127e-02 1.141632e-02 4.231930e-05
2.454707e-01 9.693735e-01 9.751434e-01 3.909853e+02 -8.276056e-03 -6.325185e-03 2.503395e-05
2.511884e-01 9.679145e-01 9.650621e-01 3.879762e+02 -2.546479e-02 -3.193974e-03 4.029274e-05
2.570393e-01 9.663804e-01 9.594709e-01 3.872079e+02 9.549296e-04 -1.919687e-03 4.744530e-05
2.630266e-01 9.648221e-01 9.597307e-01 3.889852e+02 -4.456338e-03 5.956411e-03 4.279613e-05
2.691532e-01 9.630936e-01 9.782432e-01 3.996226e+02 1.241408e-02 -1.091534e-02 4.029274e-05
2.754226e-01 9.613227e-01 9.574739e-01 3.928885e+02 -4.901972e-02 -1.124042e-02 1.490116e-05
2.818380e-01 9.594484e-01 9.647145e-01 4.002929e+02 6.939156e-02 -2.287149e-03 4.625320e-05
2.884029e-01 9.574785e-01 9.674061e-01 4.044868e+02 7.512113e-02 -1.096898e-02 3.588200e-05
2.951206e-01 9.553983e-01 9.656985e-01 4.064307e+02 2.323662e-02 -1.562893e-03 3.385544e-05
3.019949e-01 9.532474e-01 9.647092e-01 4.039787e+02 1.047239e-01 1.361394e-02 3.373623e-05
3.090292e-01 9.510534e-01 9.679666e-01 4.099157e+02 7.734930e-02 -3.352165e-04 3.612041e-05
3.162274e-01 9.486498e-01 9.604926e-01 4.086644e+02 1.639296e-01 -1.393008e-02 3.850460e-05
3.235933e-01 9.461738e-01 9.626513e-01 4.100374e+02 1.333718e-01 1.703501e-04 4.637241e-05
3.311307e-01 9.435073e-01 9.535365e-01 4.132455e+02 2.053099e-01 3.629088e-03 4.732609e-05
3.388438e-01 9.407859e-01 9.594545e-01 4.166640e+02 5.156620e-02 -7.473171e-03 3.314018e-05
3.467364e-01 9.379334e-01 9.581280e-01 4.211177e+02 9.294648e-02 -6.555438e-03 3.528595e-05
3.548129e-01 9.349400e-01 9.668155e-01 4.310282e+02 1.279606e-01 -1.514149e-02 4.434586e-05
3.630776e-01 9.317384e-01 9.637728e-01 4.337251e+02 4.933803e-02 1.694787e-02 4.589558e-05
3.715348e-01 9.284016e-01 9.641478e-01 4.352537e+02 2.673803e-02 -1.563507e-02 2.646446e-05
3.801889e-01 9.249390e-01 9.587635e-01 4.372079e+02 7.639437e-03 -8.413732e-03 4.124641e-05
3.890446e-01 9.212698e-01 9.575376e-01 4.454901e+02 -7.337043e-02 -3.111112e-02 2.944469e-05
3.981066e-01 9.173521e-01 9.734141e-01 4.565363e+02 -7.782676e-02 -3.238261e-03 4.172325e-05
4.073797e-01 9.132772e-01 9.701690e-01 4.625704e+02 -3.835634e-02 -2.094334e-02 3.623962e-05
4.168688e-01 9.090490e-01 9.725013e-01 4.703337e+02 -2.514648e-02 7.400870e-03 3.957748e-05
4.265789e-01 9.044959e-01 9.595238e-01 4.667162e+02 1.607465e-02 -3.007293e-03 4.684925e-05
4.365152e-01 8.997562e-01 9.635895e-01 4.773581e+02 7.941832e-02 -3.461599e-03 3.910065e-05
4.466830e-01 8.947139e-01 9.564338e-01 4.755311e+02 7.464366e-02 -6.663799e-04 2.598763e-05
4.570875e-01 8.894442e-01 9.820568e-01 4.997045e+02 1.379873e-01 1.300454e-03 4.446507e-05
4.677345e-01 8.839111e-01 9.522353e-01 4.910186e+02 1.268465e-01 1.610637e-03 5.137920e-05
4.786294e-01 8.780720e-01 9.691828e-01 5.056585e+02 1.639296e-02 -1.251674e-02 5.221367e-05
4.897781e-01 8.720241e-01 9.774520e-01 5.263116e+02 -1.814366e-02 -9.437203e-04 5.137920e-05
5.011865e-01 8.655336e-01 9.705398e-01 5.303712e+02 -4.297183e-02 -3.313214e-02 5.233288e-05
5.128606e-01 8.586437e-01 9.797701e-01 5.448934e+02 -6.413944e-02 -2.690738e-02 2.694130e-05
5.248066e-01 8.514548e-01 9.509441e-01 5.376519e+02 -3.612817e-02 -2.542031e-02 2.670288e-05
5.370309e-01 8.438487e-01 9.638528e-01 5.635692e+02 1.179338e-01 8.147001e-03 4.959106e-05
5.495400e-01 8.357046e-01 9.656488e-01 5.746215e+02 1.142732e-01 3.712296e-03 4.780293e-05
5.623404e-01 8.271362e-01 9.661842e-01 5.930852e+02 1.174563e-01 -1.594782e-03 4.541874e-05
5.754390e-01 8.181555e-01 9.903817e-01 6.383203e+02 2.801127e-02 5.589807e-02 5.125999e-05
5.888427e-01 8.086010e-01 9.707224e-01 6.342460e+02 -5.188451e-02 -2.193737e-02 5.686283e-05
6.025586e-01 7.984559e-01 9.810614e-01 6.524844e+02 2.244085e-02 1.259565e-02 6.043911e-05
6.165940e-01 7.876862e-01 9.767102e-01 6.748609e+02 1.128409e-01 -3.699768e-02 5.984306e-05
6.309564e-01 7.762498e-01 9.677150e-01 6.844185e+02 8.833099e-02 -1.958454e-02 5.996227e-05
6.456532e-01 7.642000e-01 9.811130e-01 7.296570e+02 3.326338e-02 -8.926034e-03 5.650520e-05
6.606924e-01 7.513410e-01 9.595842e-01 7.461046e+02 7.957747e-04 -2.600688e-02 6.306171e-05
6.760820e-01 7.376089e-01 9.654086e-01 7.825023e+02 5.538592e-02 -9.963274e-03 7.486343e-05
6.918299e-01 7.229213e-01 9.730596e-01 8.362292e+02 9.994930e-02 1.859665e-05 7.379055e-05
7.079447e-01 7.072873e-01 9.887149e-01 8.942853e+02 7.305212e-02 -3.881234e-02 7.736683e-05
7.244349e-01 6.906931e-01 9.733121e-01 9.270573e+02 7.957747e-04 -2.018553e-02 1.025200e-04
7.413091e-01 6.727554e-01 9.607297e-01 9.538271e+02 8.912677e-02 -2.721411e-02 8.678436e-05
7.585765e-01 6.535197e-01 9.474425e-01 1.005736e+03 8.085071e-02 -3.557146e-03 1.020432e-04
7.762460e-01 6.328645e-01 9.834849e-01 1.126537e+03 5.164578e-02 -3.712893e-03 1.052618e-04
7.943270e-01 6.104283e-01 9.874158e-01 1.230136e+03 6.191127e-02 -1.348513e-02 1.200438e-04
8.128293e-01 5.862980e-01 9.740004e-01 1.290503e+03 8.920635e-02 -5.283636e-02 1.281500e-04
8.317625e-01 5.599445e-01 9.905396e-01 1.459320e+03 1.632134e-01 -3.810227e-02 1.674891e-04
8.511367e-01 5.314646e-01 9.757720e-01 1.555444e+03 1.123634e-01 -2.051598e-02 1.677275e-04
8.709623e-01 5.002505e-01 9.775013e-01 1.750274e+03 1.327352e-01 -5.155802e-05 1.906157e-04
8.912496e-01 4.661563e-01 9.902094e-01 1.995217e+03 1.387035e-01 8.067727e-03 2.319813e-04
9.120094e-01 4.287173e-01 9.979673e-01 2.280446e+03 1.065940e-01 -1.345217e-02 3.039837e-04
9.332529e-01 3.877403e-01 9.898637e-01 2.548284e+03 1.971134e-01 4.120350e-03 3.809929e-04
9.549911e-01 3.426835e-01 9.825189e-01 2.824187e+03 2.258011e-01 -5.229968e-02 4.980564e-04
9.772357e-01 2.938606e-01 9.783498e-01 3.030481e+03 2.401250e-01 1.104486e-02 6.967783e-04
9.999985e-01 2.426053e-01 9.958207e-01 3.277700e+03 2.598602e-01 1.850593e-02 9.751320e-04
1.023291e+00 1.898297e-01 9.759464e-01 3.196613e+03 2.556725e-01 -1.738667e-03 1.333475e-03
1.047127e+00 1.387190e-01 9.794750e-01 3.005197e+03 2.394486e-01 4.846227e-02 1.933575e-03
1.071518e+00 9.351770e-02 9.768405e-01 2.438522e+03 1.941268e-01 1.085699e-02 2.480149e-03
1.096477e+00 5.746608e-02 9.888701e-01 1.815437e+03 1.443237e-01 -5.653822e-02 3.008962e-03
1.122017e+00 3.176064e-02 9.708188e-01 1.092897e+03 8.703817e-02 1.213205e-02 2.895236e-03
1.148152e+00 1.593408e-02 9.706175e-01 6.126175e+02 4.875728e-02 -1.967794e-02 2.368689e-03
1.174896e+00 7.207853e-03 8.967140e-01 2.817062e+02 2.241847e-02 -7.594824e-03 1.456141e-03
1.202263e+00 3.047624e-03 8.177862e-01 1.253040e+02 9.970944e-03 3.947067e-02 8.840561e-04
1.230267e+00 1.194720e-03 6.713364e-01 5.470800e+01 4.353605e-03 9.917629e-02 5.160570e-04
1.258923e+00 4.229739e-04 4.668970e-01 2.634820e+01 2.096754e-03 2.832803e-01 3.486872e-04
1.288247e+00 1.461332e-04 2.337516e-01 1.513781e+01 1.204651e-03 4.749227e-02 2.988577e-04
1.318255e+00 4.962849e-05 1.070603e-01 1.148456e+01 9.139201e-04 -1.160326e-01 2.671480e-04
1.348961e+00 1.548969e-05 3.413198e-02 1.001706e+01 7.971484e-04 -4.424703e-01 2.640486e-04
1.380382e+00 2.783091e-06 5.416806e-03 9.442963e+00 7.514505e-04 -5.600265e-01 2.555847e-04
1.412535e+00 1.950567e-06 4.466474e-03 9.405273e+00 7.484374e-04 -5.586541e-01 2.712011e-04
1.445438e+00 5.031573e-07 3.471073e-03 9.360926e+00 7.448869e-04 -5.667464e-01 2.703667e-04
1.479106e+00 1.256417e-07 1.966219e-04 9.256616e+00 7.366207e-04 -5.705269e-01 2.627373e-04
1.513559e+00 2.403215e-08 1.764055e-04 9.181026e+00 7.305960e-04 -5.590370e-01 2.738237e-04
1.548814e+00 3.263313e-08 -1.633391e-04 9.156993e+00 7.286869e-04 -5.561807e-01 2.601147e-04
1.584891e+00 7.917960e-08 3.002398e-04 9.141177e+00 7.274415e-04 -5.533131e-01 2.709627e-04
1.621808e+00 5.556907e-08 2.014198e-04 9.061910e+00 7.211156e-04 -5.410948e-01 2.682209e-04
1.659584e+00 6.686840e-08 2.063508e-04 9.034136e+00 7.189183e-04 -5.368055e-01 2.553463e-04
1.698241e+00 2.257335e-07 -1.038359e-04 9.025866e+00 7.182650e-04 -5.362078e-01 2.714396e-04
1.737798e+00 -1.904021e-07 -4.888857e-05 8.952828e+00 7.124300e-04 -5.243787e-01 2.665520e-04
1.778277e+00 1.010193e-07 5.098733e-04 8.935364e+00 7.110316e-04 -5.209681e-01 2.846718e-04
1.819698e+00 4.140275e-08 2.346365e-04 8.927626e+00 7.104371e-04 -5.202974e-01 2.810955e-04
1.862084e+00 -1.230277e-07 -2.820634e-04 8.917249e+00 7.095914e-04 -5.194780e-01 2.846718e-04
1.905458e+00 1.441929e-08 2.648884e-04 8.817761e+00 7.017186e-04 -5.021592e-01 2.856255e-04
1.949842e+00 -6.644678e-08 5.115596e-04 8.826325e+00 7.023855e-04 -5.033596e-01 2.944469e-04
1.995259e+00 -1.134992e-07 3.877805e-04 8.772327e+00 6.980955e-04 -4.945474e-01 2.877712e-04
2.041735e+00 -1.476501e-07 2.888016e-04 8.759024e+00 6.970151e-04 -4.926069e-01 3.046989e-04
2.089293e+00 6.450734e-08 -3.050900e-04 8.747802e+00 6.961347e-04 -4.916615e-01 2.956390e-04
2.137959e+00 -2.006895e-08 2.314655e-05 8.695956e+00 6.919890e-04 -4.822894e-01 2.868176e-04
2.187758e+00 1.812951e-08 -2.716592e-04 8.679724e+00 6.907042e-04 -4.800013e-01 2.980232e-04
2.238717e+00 1.172094e-08 -6.911104e-04 8.655130e+00 6.887657e-04 -4.762879e-01 2.799034e-04
2.290864e+00 -3.001910e-08 -5.602023e-04 8.646020e+00 6.880201e-04 -4.746833e-01 2.990961e-04
2.344225e+00 -8.297415e-08 8.793987e-06 8.611959e+00 6.853386e-04 -4.680104e-01 2.921820e-04
2.398829e+00 -1.467226e-07 -3.279479e-04 8.581380e+00 6.829034e-04 -4.631252e-01 2.934933e-04
2.454705e+00 2.576077e-08 -1.965346e-04 8.554035e+00 6.807154e-04 -4.582742e-01 2.892017e-04
2.511882e+00 4.089681e-08 4.998727e-04 8.501078e+00 6.764935e-04 -4.477161e-01 2.946854e-04
2.570391e+00 -4.072816e-08 1.476610e-04 8.538616e+00 6.794677e-04 -4.551659e-01 2.989769e-04
2.630263e+00 2.108926e-07 6.403177e-05 8.497888e+00 6.762400e-04 -4.479010e-01 3.086329e-04
2.691530e+00 -4.768484e-08 5.504332e-04 8.450317e+00 6.724601e-04 -4.385902e-01 3.122091e-04
2.754224e+00 -9.878477e-08 -9.304029e-05 8.402874e+00 6.686916e-04 -4.307465e-01 3.230572e-04
2.818378e+00 -1.064160e-07 -7.206593e-04 8.443583e+00 6.719192e-04 -4.394069e-01 3.073215e-04
2.884026e+00 2.403215e-08 -1.703629e-04 8.404627e+00 6.688132e-04 -4.313586e-01 3.219843e-04
2.951204e+00 -6.927161e-08 -1.408093e-04 8.372835e+00 6.662973e-04 -4.254654e-01 3.209114e-04
3.019946e+00 9.199675e-08 3.406562e-05 8.333567e+00 6.631727e-04 -4.178291e-01 2.943277e-04
3.090289e+00 9.570697e-08 -5.065262e-04 8.316815e+00 6.618268e-04 -4.156344e-01 3.151894e-04
3.162271e+00 -1.145532e-07 4.084011e-04 8.298744e+00 6.603905e-04 -4.109256e-01 3.194809e-04
3.235930e+00 -7.251806e-08 7.906425e-05 8.314639e+00 6.616578e-04 -4.144813e-01 3.104210e-04
3.311305e+00 2.441160e-08 -4.270384e-04 8.248549e+00 6.564060e-04 -4.025299e-01 3.174543e-04
3.388435e+00 3.339204e-08 2.781280e-04 8.267138e+00 6.579006e-04 -4.052634e-01 3.280640e-04
3.467361e+00 -4.916050e-08 1.584372e-04 8.250285e+00 6.565349e-04 -4.021741e-01 3.229380e-04
3.548127e+00 3.313907e-08 -1.365618e-04 8.231609e+00 6.550375e-04 -3.991102e-01 3.232956e-04
3.630773e+00 -1.699115e-07 3.305830e-04 8.263348e+00 6.575839e-04 -4.046551e-01 3.092289e-04
3.715345e+00 1.304482e-07 -1.026446e-04 8.231103e+00 6.550013e-04 -3.990393e-01 3.218651e-04
3.801886e+00 1.248828e-07 -3.307456e-05 8.192027e+00 6.519175e-04 -3.913659e-01 3.185272e-04
3.890443e+00 7.289751e-08 -2.469582e-04 8.129469e+00 6.469244e-04 -3.793839e-01 3.367662e-04
3.981063e+00 -1.058258e-08 1.760801e-04 8.184151e+00 6.512527e-04 -3.895925e-01 3.321171e-04
4.073794e+00 -4.431191e-08 -6.601402e-05 8.175529e+00 6.505775e-04 -3.883197e-01 3.345013e-04
4.168685e+00 -5.986956e-09 -3.044269e-04 8.155012e+00 6.489498e-04 -3.847157e-01 3.410578e-04
4.265786e+00 6.619381e-08 -6.938641e-05 8.108967e+00 6.452941e-04 -3.752579e-01 3.302097e-04
4.365149e+00 2.466457e-08 -1.101295e-04 8.103922e+00 6.448814e-04 -3.742602e-01 3.449917e-04
4.466826e+00 4.764268e-08 5.360357e-05 8.063980e+00 6.416967e-04 -3.661035e-01 3.430843e-04
4.570871e+00 1.425064e-07 1.689934e-05 8.067494e+00 6.419933e-04 -3.668790e-01 3.274679e-04
4.677341e+00 1.526252e-08 1.896768e-04 8.068443e+00 6.420652e-04 -3.668359e-01 3.433228e-04
4.786290e+00 -3.221151e-08 -1.777219e-04 8.002665e+00 6.368426e-04 -3.540679e-01 3.486872e-04
4.897777e+00 1.073436e-07 1.812307e-04 8.039824e+00 6.397801e-04 -3.612452e-01 3.389120e-04
5.011860e+00 -6.383276e-08 2.357570e-04 7.984950e+00 6.354257e-04 -3.499191e-01 3.436804e-04
5.128602e+00 7.340346e-08 -1.434548e-04 8.012129e+00 6.375766e-04 -3.561101e-01 3.547668e-04
5.248062e+00 -7.795691e-08 -3.260488e-04 7.928663e+00 6.309458e-04 -3.391295e-01 3.528595e-04
5.370305e+00 -6.589867e-08 -3.784974e-04 7.989340e+00 6.357856e-04 -3.517922e-01 3.246069e-04
5.495395e+00 7.424669e-08 3.823122e-05 7.930303e+00 6.310768e-04 -3.389794e-01 3.384352e-04
5.623399e+00 -7.365642e-08 1.284332e-04 7.948755e+00 6.325324e-04 -3.427311e-01 3.452301e-04
5.754385e+00 1.018626e-07 -3.725199e-04 7.935398e+00 6.314882e-04 -3.407516e-01 3.423691e-04
5.888422e+00 5.400909e-08 1.731910e-04 7.893841e+00 6.281787e-04 -3.311797e-01 3.551245e-04
6.025580e+00 -1.397238e-07 -4.001135e-04 7.966123e+00 6.339135e-04 -3.471963e-01 3.618002e-04
6.165934e+00 -1.013988e-07 -2.888171e-05 7.888300e+00 6.277426e-04 -3.304277e-01 3.432035e-04
6.309557e+00 -4.641999e-08 3.097621e-04 7.904079e+00 6.289871e-04 -3.332343e-01 3.420115e-04
6.456525e+00 4.949779e-08 4.809363e-04 7.849163e+00 6.246118e-04 -3.213725e-01 3.594160e-04
6.606917e+00 2.656185e-09 4.062830e-04 7.829975e+00 6.231057e-04 -3.173884e-01 3.517866e-04
6.760812e+00 -5.733986e-09 2.465246e-04 7.919609e+00 6.302362e-04 -3.367057e-01 3.579855e-04
6.918291e+00 -1.218472e-08 1.885250e-04 7.839215e+00 6.238311e-04 -3.198191e-01 3.542900e-04
7.079439e+00 5.894200e-08 4.040288e-04 7.875292e+00 6.266942e-04 -3.271613e-01 3.566742e-04
7.244340e+00 2.782670e-09 3.746997e-04 7.788991e+00 6.198230e-04 -3.086817e-01 3.547668e-04
7.413082e+00 -1.347908e-07 -4.943862e-04 7.811976e+00 6.216667e-04 -3.150024e-01 3.684759e-04
7.585755e+00 -4.486001e-08 -7.052812e-05 7.809749e+00 6.214685e-04 -3.139666e-01 3.606081e-04
7.762450e+00 6.872351e-08 -4.960278e-05 7.798174e+00 6.205654e-04 -3.114523e-01 3.565550e-04
7.943260e+00 7.032565e-08 -3.961072e-04 7.789026e+00 6.198249e-04 -3.100377e-01 3.536940e-04
8.128283e+00 8.723248e-08 5.692586e-04 7.809330e+00 6.214419e-04 -3.129562e-01 3.386736e-04
8.317614e+00 6.703704e-09 1.901647e-05 7.791347e+00 6.200128e-04 -3.099357e-01 3.659725e-04
8.511356e+00 9.503238e-08 4.515771e-04 7.693489e+00 6.122352e-04 -2.877849e-01 3.616810e-04
8.709611e+00 -6.703704e-08 -7.654604e-05 7.718339e+00 6.142065e-04 -2.941118e-01 3.561974e-04
8.912483e+00 -9.203891e-08 -1.328317e-04 7.753665e+00 6.170272e-04 -3.020191e-01 3.533363e-04
9.120082e+00 -1.368989e-07 6.504207e-05 7.744090e+00 6.162581e-04 -2.996293e-01 3.492832e-04
9.332516e+00 6.783812e-08 2.403790e-04 7.735878e+00 6.156041e-04 -2.976068e-01 3.629923e-04
9.549897e+00 4.216166e-11 -2.195566e-04 7.741342e+00 6.160373e-04 -2.995187e-01 3.552437e-04
9.772343e+00 -4.300490e-08 -2.245934e-04 7.728051e+00 6.149705e-04 -2.966486e-01 3.529787e-04
9.999969e+00 -1.371940e-07 -4.962764e-05 7.650638e+00 6.088244e-04 -2.791713e-01 3.510714e-04
1.023290e+01 -3.136828e-08 -2.529247e-04 7.689250e+00 6.118815e-04 -2.880906e-01 3.707409e-04
1.047125e+01 -9.191243e-08 1.991973e-04 7.729752e+00 6.151087e-04 -2.964634e-01 3.665686e-04
1.071516e+01 -3.794550e-08 -3.620982e-05 7.671392e+00 6.104736e-04 -2.837870e-01 3.509521e-04
1.096475e+01 6.497112e-08 -1.166008e-04 7.717539e+00 6.141391e-04 -2.942395e-01 3.466606e-04
1.122015e+01 3.541579e-08 -4.338925e-04 7.739511e+00 6.158845e-04 -2.995716e-01 3.633499e-04
1.148150e+01 -2.896506e-08 2.125683e-04 7.638702e+00 6.078608e-04 -2.761796e-01 3.634691e-04
1.174894e+01 -5.944794e-09 -1.951317e-04 7.688903e+00 6.118835e-04 -2.880415e-01 3.625154e-04
1.202261e+01 3.659632e-08 -2.308975e-04 7.673941e+00 6.106837e-04 -2.847624e-01 3.666878e-04
1.230265e+01 -6.699488e-08 -3.679171e-05 7.595092e+00 6.043960e-04 -2.667027e-01 3.658533e-04
1.258921e+01 -2.213487e-08 1.026576e-04 7.600680e+00 6.048436e-04 -2.677612e-01 3.731251e-04
1.288245e+01 -1.066690e-08 -2.409189e-05 7.668247e+00 6.102358e-04 -2.832428e-01 3.665686e-04
1.318252e+01 -2.963965e-08 -6.512281e-06 7.712179e+00 6.137129e-04 -2.930249e-01 3.747940e-04
1.348958e+01 -4.646215e-08 1.559567e-04 7.627278e+00 6.069771e-04 -2.737757e-01 3.643036e-04
1.380380e+01 -2.622455e-08 -9.240460e-05 7.666595e+00 6.100869e-04 -2.830076e-01 3.590584e-04
1.412533e+01 1.850897e-08 -9.861665e-06 7.581457e+00 6.033072e-04 -2.636198e-01 3.585815e-04
1.445435e+01 1.011880e-08 -6.799363e-05 7.629666e+00 6.071577e-04 -2.747175e-01 3.551245e-04
1.479103e+01 1.475658e-09 2.729722e-05 7.614414e+00 6.059325e-04 -2.711399e-01 3.775358e-04
1.513556e+01 -1.968950e-08 -1.738196e-05 7.645239e+00 6.083954e-04 -2.781347e-01 3.882647e-04
1.548811e+01 8.432333e-11 1.403646e-04 7.625176e+00 6.067959e-04 -2.734277e-01 3.802776e-04
1.584888e+01 -6.324249e-09 -6.856769e-05 7.629992e+00 6.071629e-04 -2.748663e-01 3.814697e-04
1.621804e+01 3.065153e-08 -9.752894e-05 7.535878e+00 5.996792e-04 -2.533774e-01 3.712177e-04
1.659581e+01 -5.902633e-10 -3.595979e-05 7.549208e+00 6.007543e-04 -2.563420e-01 3.817081e-04
1.698238e+01 5.101561e-09 -7.065883e-05 7.618844e+00 6.062913e-04 -2.723342e-01 3.695488e-04
1.737795e+01 -3.170557e-08 -5.686822e-05 7.561948e+00 6.017770e-04 -2.593740e-01 3.721714e-04
1.778273e+01 -2.213487e-08 -6.643523e-05 7.596534e+00 6.045189e-04 -2.672839e-01 3.730059e-04
1.819694e+01 1.597927e-08 -2.939895e-06 7.584886e+00 6.035939e-04 -2.645735e-01 3.601313e-04
1.862080e+01 -1.631656e-08 1.162161e-05 7.665260e+00 6.099724e-04 -2.827429e-01 3.724098e-04
1.905454e+01 -1.370254e-08 -2.377657e-04 7.558011e+00 6.014412e-04 -2.587883e-01 3.762245e-04
1.949837e+01 2.727860e-08 -1.940588e-05 7.554504e+00 6.011553e-04 -2.576461e-01 3.777742e-04
1.995255e+01 -7.040998e-09 7.609349e-05 7.616850e+00 6.061469e-04 -2.717563e-01 3.565550e-04
2.041730e+01 -4.431191e-08 -6.015567e-06 7.551936e+00 6.009724e-04 -2.570215e-01 3.862381e-04
2.089288e+01 -3.921035e-09 1.518549e-04 7.579199e+00 6.031371e-04 -2.630587e-01 3.858805e-04
2.137954e+01 4.144491e-08 9.983176e-05 7.511556e+00 5.977624e-04 -2.475098e-01 3.983974e-04
2.187753e+01 -1.159446e-08 8.897985e-05 7.533885e+00 5.995343e-04 -2.527120e-01 3.762245e-04
2.238713e+01 1.846681e-08 -6.692480e-05 7.543985e+00 6.003377e-04 -2.553531e-01 3.775358e-04
2.290859e+01 2.938668e-08 1.442281e-04 7.534747e+00 5.996033e-04 -2.528453e-01 4.029274e-04
2.344220e+01 4.384813e-08 6.462889e-05 7.509026e+00 5.975526e-04 -2.470272e-01 3.960133e-04
2.398824e+01 -8.980434e-09 -9.421835e-05 7.548193e+00 6.006541e-04 -2.563852e-01 3.882647e-04
2.454699e+01 2.538132e-08 -1.348121e-04 7.539227e+00 5.999624e-04 -2.543471e-01 3.958941e-04
2.511877e+01 -9.149081e-09 2.630701e-05 7.514570e+00 5.979809e-04 -2.484325e-01 3.706217e-04
2.570386e+01 4.346867e-08 -1.933892e-04 7.503770e+00 5.971377e-04 -2.462237e-01 3.952980e-04
2.630258e+01 9.022596e-09 7.420044e-05 7.531415e+00 5.993231e-04 -2.522604e-01 4.036427e-04
2.691524e+01 4.389029e-08 -1.335200e-04 7.559223e+00 6.015500e-04 -2.590092e-01 3.858805e-04
2.754218e+01 -2.268297e-08 -1.221446e-04 7.549586e+00 6.007759e-04 -2.568004e-01 3.970861e-04
2.818372e+01 3.583741e-09 2.182912e-04 7.493036e+00 5.962768e-04 -2.431119e-01 4.018545e-04
2.884020e+01 5.105777e-08 -1.182219e-04 7.481103e+00 5.953377e-04 -2.408047e-01 3.948212e-04
2.951197e+01 -3.845144e-08 -1.027825e-04 7.580904e+00 6.032740e-04 -2.639595e-01 4.001856e-04
3.019939e+01 1.176310e-08 -1.101172e-04 7.500317e+00 5.968491e-04 -2.453427e-01 4.034042e-04
3.090283e+01 7.251806e-09 4.042201e-05 7.500453e+00 5.968611e-04 -2.451302e-01 4.163980e-04
3.162265e+01 2.934452e-08 -1.381931e-04 7.529816e+00 5.992058e-04 -2.522572e-01 4.051924e-04
3.235923e+01 -2.892290e-08 -1.125139e-05 7.502142e+00 5.969919e-04 -2.456213e-01 4.122257e-04
3.311298e+01 -1.159446e-08 -1.900372e-04 7.477513e+00 5.950394e-04 -2.401378e-01 4.116297e-04
3.388427e+01 2.108083e-10 -1.614246e-04 7.506230e+00 5.973335e-04 -2.468625e-01 4.175901e-04
3.467354e+01 7.167483e-09 1.264532e-04 7.484571e+00 5.956044e-04 -2.413309e-01 4.047155e-04
3.548119e+01 6.914513e-09 -3.462792e-05 7.542318e+00 6.001859e-04 -2.550657e-01 4.168749e-04
3.630765e+01 1.876194e-08 -6.328672e-05 7.462744e+00 5.938673e-04 -2.365021e-01 4.214048e-04
3.715337e+01 3.950548e-08 2.788705e-05 7.494883e+00 5.964274e-04 -2.438979e-01 4.129410e-04
3.801878e+01 -4.814862e-08 9.405719e-05 7.509507e+00 5.975907e-04 -2.472128e-01 4.330873e-04
3.890435e+01 1.003448e-08 4.137346e-05 7.443580e+00 5.923273e-04 -2.317890e-01 4.200935e-04
3.981054e+01 -7.504775e-09 9.365964e-05 7.533789e+00 5.995217e-04 -2.528915e-01 4.198551e-04
4.073785e+01 -2.462241e-08 -1.235269e-04 7.502001e+00 5.969977e-04 -2.458386e-01 4.190207e-04
4.168676e+01 6.185116e-08 5.444522e-05 7.487212e+00 5.958048e-04 -2.421001e-01 4.183054e-04
4.265776e+01 6.535058e-09 -1.621039e-04 7.542821e+00 6.002541e-04 -2.553917e-01 4.355907e-04
4.365139e+01 1.939437e-08 -4.512591e-05 7.484545e+00 5.956052e-04 -2.416070e-01 4.272461e-04
4.466816e+01 -2.230352e-08 5.474900e-05 7.523872e+00 5.987167e-04 -2.506605e-01 4.504919e-04
4.570861e+01 -1.408200e-08 -6.081562e-05 7.431996e+00 5.914148e-04 -2.292215e-01 4.582405e-04
4.677330e+01 -6.695272e-08 5.765598e-05 7.480395e+00 5.952835e-04 -2.404953e-01 4.426241e-04
4.786279e+01 1.020312e-08 -2.720541e-05 7.430587e+00 5.913076e-04 -2.288551e-01 4.354715e-04
4.897766e+01 -2.053273e-08 2.313261e-05 7.479494e+00 5.952141e-04 -2.403553e-01 4.565716e-04
5.011850e+01 -2.331540e-08 -2.573915e-05 7.539898e+00 6.000032e-04 -2.545446e-01 4.628897e-04
5.128590e+01 -1.905707e-08 -6.645008e-05 7.446686e+00 5.925875e-04 -2.327748e-01 4.512072e-04
5.248050e+01 -1.319660e-08 4.734665e-05 7.521362e+00 5.985118e-04 -2.501131e-01 4.565716e-04
5.370293e+01 -9.655021e-09 9.444301e-05 7.426363e+00 5.909643e-04 -2.276588e-01 4.694462e-04
5.495383e+01 -2.154461e-08 -7.600928e-05 7.508710e+00 5.975181e-04 -2.473629e-01 4.678965e-04
5.623387e+01 1.475658e-08 7.930583e-05 7.502597e+00 5.970343e-04 -2.457044e-01 4.727840e-04
5.754372e+01 -1.218472e-08 -1.830153e-05 7.465501e+00 5.940684e-04 -2.371661e-01 4.653931e-04
5.888409e+01 1.471442e-08 3.802415e-05 7.429549e+00 5.912262e-04 -2.285070e-01 4.762411e-04
6.025567e+01 1.589495e-08 -1.326121e-05 7.478570e+00 5.951257e-04 -2.402248e-01 4.719496e-04
6.165921e+01 -1.070906e-08 -7.214634e-05 7.508261e+00 5.974888e-04 -2.473043e-01 4.745722e-04
6.309543e+01 -8.010716e-10 1.853565e-05 7.433767e+00 5.915482e-04 -2.295942e-01 4.785061e-04
6.456512e+01 2.234568e-09 -5.718329e-05 7.490093e+00 5.960469e-04 -2.430176e-01 4.732609e-04
6.606902e+01 1.458794e-08 -8.311684e-05 7.460237e+00 5.936719e-04 -2.360128e-01 4.931688e-04
6.760797e+01 2.993478e-09 1.601408e-04 7.460604e+00 5.937055e-04 -2.357218e-01 5.102158e-04
6.918276e+01 -5.228046e-09 -1.970011e-05 7.384799e+00 5.876504e-04 -2.179053e-01 5.030632e-04
7.079424e+01 1.028745e-08 5.157553e-06 7.444854e+00 5.924294e-04 -2.322513e-01 5.137920e-04
7.244324e+01 2.335756e-08 -4.104495e-05 7.477840e+00 5.950611e-04 -2.401035e-01 5.075932e-04
7.413066e+01 1.205824e-08 1.500366e-04 7.485276e+00 5.956612e-04 -2.415604e-01 5.251169e-04
7.585738e+01 3.710226e-09 -8.677553e-06 7.433185e+00 5.915068e-04 -2.295303e-01 5.153418e-04
7.762433e+01 -2.529700e-10 5.988406e-05 7.451721e+00 5.929743e-04 -2.337946e-01 5.333424e-04
7.943243e+01 -1.551549e-08 2.158372e-05 7.501449e+00 5.969394e-04 -2.455965e-01 5.415678e-04
8.128265e+01 -4.030655e-08 -6.498003e-05 7.475851e+00 5.948896e-04 -2.396579e-01 5.394220e-04
8.317596e+01 1.619008e-08 9.602989e-05 7.403000e+00 5.890870e-04 -2.221394e-01 5.384684e-04
8.511337e+01 3.212719e-08 -5.638519e-05 7.426991e+00 5.909961e-04 -2.281570e-01 5.435944e-04
8.709592e+01 8.853949e-09 -9.232768e-05 7.436015e+00 5.917115e-04 -2.303718e-01 5.573034e-04
8.912464e+01 1.534685e-08 -3.603967e-05 7.506077e+00 5.972820e-04 -2.467958e-01 5.600452e-04
9.120061e+01 4.932915e-09 1.644950e-05 7.369510e+00 5.864517e-04 -2.141125e-01 5.544424e-04
9.332495e+01 1.155230e-08 1.494724e-04 7.479015e+00 5.951519e-04 -2.400607e-01 5.743504e-04
9.549876e+01 1.517820e-09 1.591052e-04 7.439615e+00 5.920307e-04 -2.308076e-01 5.781651e-04
9.772321e+01 -2.753156e-08 -4.647275e-05 7.443414e+00 5.923152e-04 -2.320728e-01 5.615950e-04
