#z rho(z)
-9.950000e+00 5.103682e-133 
-9.850000e+00 2.576278e-127 
-9.750000e+00 2.734984e-123 
-9.650000e+00 8.510164e-118 
-9.550000e+00 3.528764e-113 
-9.450000e+00 2.103852e-109 
-9.350000e+00 3.158256e-104 
-9.250000e+00 1.284586e-100 
-9.150000e+00 1.183749e-95 
-9.050000e+00 1.653601e-91 
-8.950000e+00 3.802719e-88 
-8.850000e+00 1.680149e-83 
-8.750000e+00 2.647832e-80 
-8.650000e+00 7.152075e-76 
-8.550000e+00 3.367561e-72 
-8.450000e+00 3.021068e-69 
-8.350000e+00 3.888938e-65 
-8.250000e+00 2.401832e-62 
-8.150000e+00 1.882693e-58 
-8.050000e+00 8.019842e-56 
-7.950000e+00 1.058618e-52 
-7.850000e+00 3.931717e-49 
-7.750000e+00 9.627627e-47 
-7.650000e+00 2.169194e-43 
-7.550000e+00 3.681136e-41 
-7.450000e+00 1.645012e-38 
-7.350000e+00 1.746690e-35 
-7.250000e+00 1.716467e-33 
-7.150000e+00 1.101933e-30 
-7.050000e+00 7.542508e-29 
-6.950000e+00 1.143513e-26 
-6.850000e+00 3.443822e-24 
-6.750000e+00 1.375890e-22 
-6.650000e+00 2.498774e-20 
-6.550000e+00 6.992878e-19 
-6.450000e+00 3.610691e-17 
-6.350000e+00 3.067428e-15 
-6.250000e+00 5.057111e-14 
-6.150000e+00 2.588602e-12 
-6.050000e+00 3.010353e-11 
-5.950000e+00 9.290978e-10 
-5.850000e+00 1.279448e-08 
-5.750000e+00 8.877226e-08 
-5.650000e+00 1.287817e-06 
-5.550000e+00 6.372294e-06 
-5.450000e+00 5.620958e-05 
-5.350000e+00 2.727865e-04 
-5.250000e+00 8.250335e-04 
-5.150000e+00 3.520822e-03 
-5.050000e+00 7.798416e-03 
-4.950000e+00 2.109848e-02 
-4.850000e+00 3.954513e-02 
-4.750000e+00 5.784355e-02 
-4.650000e+00 8.744457e-02 
-4.550000e+00 1.038207e-01 
-4.450000e+00 1.212223e-01 
-4.350000e+00 1.285008e-01 
-4.250000e+00 1.311166e-01 
-4.150000e+00 1.325373e-01 
-4.050000e+00 1.325963e-01 
-3.950000e+00 1.324448e-01 
-3.850000e+00 1.321557e-01 
-3.750000e+00 1.318210e-01 
-3.650000e+00 1.314475e-01 
-3.550000e+00 1.310380e-01 
-3.450000e+00 1.305931e-01 
-3.350000e+00 1.301133e-01 
-3.250000e+00 1.295989e-01 
-3.150000e+00 1.290504e-01 
-3.050000e+00 1.284683e-01 
-2.950000e+00 1.278529e-01 
-2.850000e+00 1.272048e-01 
-2.750000e+00 1.265246e-01 
-2.650000e+00 1.258128e-01 
-2.550000e+00 1.250699e-01 
-2.450000e+00 1.242966e-01 
-2.350000e+00 1.234934e-01 
-2.250000e+00 1.226611e-01 
-2.150000e+00 1.218003e-01 
-2.050000e+00 1.209116e-01 
-1.950000e+00 1.199958e-01 
-1.850000e+00 1.190535e-01 
-1.750000e+00 1.180856e-01 
-1.650000e+00 1.170927e-01 
-1.550000e+00 1.160757e-01 
-1.450000e+00 1.150353e-01 
-1.350000e+00 1.139722e-01 
-1.250000e+00 1.128874e-01 
-1.150000e+00 1.117815e-01 
-1.050000e+00 1.106555e-01 
-9.500000e-01 1.095101e-01 
-8.500000e-01 1.083463e-01 
-7.500000e-01 1.071648e-01 
-6.500000e-01 1.059664e-01 
-5.500000e-01 1.047522e-01 
-4.500000e-01 1.035228e-01 
-3.500000e-01 1.022792e-01 
-2.500000e-01 1.010222e-01 
-1.500000e-01 9.975277e-02 
-5.000000e-02 9.847166e-02 
5.000000e-02 9.717978e-02 
1.500000e-01 9.587798e-02 
2.500000e-01 9.456712e-02 
3.500000e-01 9.324806e-02 
4.500000e-01 9.192164e-02 
5.500000e-01 9.058871e-02 
6.500000e-01 8.925010e-02 
7.500000e-01 8.790664e-02 
8.500000e-01 8.655914e-02 
9.500000e-01 8.520843e-02 
1.050000e+00 8.385530e-02 
1.150000e+00 8.250054e-02 
1.250000e+00 8.114494e-02 
1.350000e+00 7.978925e-02 
1.450000e+00 7.843423e-02 
1.550000e+00 7.708063e-02 
1.650000e+00 7.572917e-02 
1.750000e+00 7.438056e-02 
1.850000e+00 7.303551e-02 
1.950000e+00 7.169469e-02 
2.050000e+00 7.035877e-02 
2.150000e+00 6.902840e-02 
2.250000e+00 6.770422e-02 
2.350000e+00 6.638684e-02 
2.450000e+00 6.507686e-02 
2.550000e+00 6.377486e-02 
2.650000e+00 6.248140e-02 
2.750000e+00 6.119702e-02 
2.850000e+00 5.992226e-02 
2.950000e+00 5.865762e-02 
3.050000e+00 5.740358e-02 
3.150000e+00 5.616062e-02 
3.250000e+00 5.492918e-02 
3.350000e+00 5.370970e-02 
3.450000e+00 5.250257e-02 
3.550000e+00 5.130820e-02 
3.650000e+00 5.012696e-02 
3.750000e+00 4.895919e-02 
3.850000e+00 4.780523e-02 
3.950000e+00 4.666540e-02 
4.050000e+00 4.553998e-02 
4.150000e+00 4.442926e-02 
4.250000e+00 4.333348e-02 
4.350000e+00 4.225290e-02 
4.450000e+00 4.118771e-02 
4.550000e+00 4.013814e-02 
4.650000e+00 3.910435e-02 
4.750000e+00 3.808652e-02 
4.850000e+00 3.708479e-02 
4.950000e+00 3.609929e-02 
5.050000e+00 3.513014e-02 
5.150000e+00 3.417742e-02 
5.250000e+00 3.324124e-02 
5.350000e+00 3.232164e-02 
5.450000e+00 3.141867e-02 
5.550000e+00 3.053238e-02 
5.650000e+00 2.966278e-02 
5.750000e+00 2.880987e-02 
5.850000e+00 2.797365e-02 
5.950000e+00 2.715410e-02 
6.050000e+00 2.635117e-02 
6.150000e+00 2.556482e-02 
6.250000e+00 2.479498e-02 
6.350000e+00 2.404160e-02 
6.450000e+00 2.330457e-02 
6.550000e+00 2.258381e-02 
6.650000e+00 2.187922e-02 
6.750000e+00 2.119066e-02 
6.850000e+00 2.051803e-02 
6.950000e+00 1.986119e-02 
7.050000e+00 1.921998e-02 
7.150000e+00 1.859427e-02 
7.250000e+00 1.798389e-02 
7.350000e+00 1.738867e-02 
7.450000e+00 1.680844e-02 
7.550000e+00 1.624303e-02 
7.650000e+00 1.569223e-02 
7.750000e+00 1.515587e-02 
7.850000e+00 1.463374e-02 
7.950000e+00 1.412564e-02 
8.050000e+00 1.363136e-02 
8.150000e+00 1.315069e-02 
8.250000e+00 1.268342e-02 
8.350000e+00 1.222932e-02 
8.450000e+00 1.178818e-02 
8.550000e+00 1.135977e-02 
8.650000e+00 1.094387e-02 
8.750000e+00 1.054023e-02 
8.850000e+00 1.014864e-02 
8.950000e+00 9.768863e-03 
9.050000e+00 9.400662e-03 
9.150000e+00 9.043805e-03 
9.250000e+00 8.698057e-03 
9.350000e+00 8.363184e-03 
9.450000e+00 8.038952e-03 
9.550000e+00 7.725124e-03 
9.650000e+00 7.421469e-03 
9.750000e+00 7.127753e-03 
9.850000e+00 6.843743e-03 
9.950000e+00 6.569209e-03 
1.005000e+01 6.303921e-03 
1.015000e+01 6.047653e-03 
1.025000e+01 5.800177e-03 
1.035000e+01 5.561270e-03 
1.045000e+01 5.330709e-03 
1.055000e+01 5.108276e-03 
1.065000e+01 4.893754e-03 
1.075000e+01 4.686926e-03 
1.085000e+01 4.487583e-03 
1.095000e+01 4.295515e-03 
1.105000e+01 4.110515e-03 
1.115000e+01 3.932381e-03 
1.125000e+01 3.760913e-03 
1.135000e+01 3.595914e-03 
1.145000e+01 3.437191e-03 
1.155000e+01 3.284554e-03 
1.165000e+01 3.137815e-03 
1.175000e+01 2.996793e-03 
1.185000e+01 2.861307e-03 
1.195000e+01 2.731181e-03 
1.205000e+01 2.606242e-03 
1.215000e+01 2.486322e-03 
1.225000e+01 2.371256e-03 
1.235000e+01 2.260881e-03 
1.245000e+01 2.155041e-03 
1.255000e+01 2.053579e-03 
1.265000e+01 1.956346e-03 
1.275000e+01 1.863195e-03 
1.285000e+01 1.773983e-03 
1.295000e+01 1.688569e-03 
1.305000e+01 1.606817e-03 
1.315000e+01 1.528595e-03 
1.325000e+01 1.453773e-03 
1.335000e+01 1.382227e-03 
1.345000e+01 1.313833e-03 
1.355000e+01 1.248474e-03 
1.365000e+01 1.186034e-03 
1.375000e+01 1.126401e-03 
1.385000e+01 1.069467e-03 
1.395000e+01 1.015126e-03 
1.405000e+01 9.632767e-04 
1.415000e+01 9.138194e-04 
1.425000e+01 8.666584e-04 
1.435000e+01 8.217012e-04 
1.445000e+01 7.788579e-04 
1.455000e+01 7.380416e-04 
1.465000e+01 6.991683e-04 
1.475000e+01 6.621571e-04 
1.485000e+01 6.269294e-04 
1.495000e+01 5.934096e-04 
1.505000e+01 5.615247e-04 
1.515000e+01 5.312041e-04 
1.525000e+01 5.023800e-04 
1.535000e+01 4.749869e-04 
1.545000e+01 4.489616e-04 
1.555000e+01 4.242434e-04 
1.565000e+01 4.007739e-04 
1.575000e+01 3.784966e-04 
1.585000e+01 3.573575e-04 
1.595000e+01 3.373045e-04 
1.605000e+01 3.182876e-04 
1.615000e+01 3.002587e-04 
1.625000e+01 2.831717e-04 
1.635000e+01 2.669823e-04 
1.645000e+01 2.516479e-04 
1.655000e+01 2.371278e-04 
1.665000e+01 2.233830e-04 
1.675000e+01 2.103759e-04 
1.685000e+01 1.980707e-04 
1.695000e+01 1.864330e-04 
1.705000e+01 1.754299e-04 
1.715000e+01 1.650300e-04 
1.725000e+01 1.552031e-04 
1.735000e+01 1.459205e-04 
1.745000e+01 1.371546e-04 
1.755000e+01 1.288793e-04 
1.765000e+01 1.210693e-04 
1.775000e+01 1.137007e-04 
1.785000e+01 1.067507e-04 
1.795000e+01 1.001974e-04 
1.805000e+01 9.402009e-05 
1.815000e+01 8.819890e-05 
1.825000e+01 8.271495e-05 
1.835000e+01 7.755025e-05 
1.845000e+01 7.268767e-05 
1.855000e+01 6.811089e-05 
1.865000e+01 6.380442e-05 
1.875000e+01 5.975349e-05 
1.885000e+01 5.594407e-05 
1.895000e+01 5.236285e-05 
1.905000e+01 4.899714e-05 
1.915000e+01 4.583493e-05 
1.925000e+01 4.286479e-05 
1.935000e+01 4.007590e-05 
1.945000e+01 3.745795e-05 
1.955000e+01 3.500122e-05 
1.965000e+01 3.269646e-05 
1.975000e+01 3.053490e-05 
1.985000e+01 2.850826e-05 
1.995000e+01 2.660867e-05 
2.005000e+01 2.482870e-05 
2.015000e+01 2.316131e-05 
2.025000e+01 2.159984e-05 
2.035000e+01 2.013800e-05 
2.045000e+01 1.876984e-05 
2.055000e+01 1.748972e-05 
2.065000e+01 1.629235e-05 
2.075000e+01 1.517270e-05 
2.085000e+01 1.412604e-05 
2.095000e+01 1.314789e-05 
2.105000e+01 1.223405e-05 
2.115000e+01 1.138053e-05 
2.125000e+01 1.058360e-05 
2.135000e+01 9.839716e-06 
2.145000e+01 9.145553e-06 
2.155000e+01 8.497981e-06 
2.165000e+01 7.894050e-06 
2.175000e+01 7.330984e-06 
2.185000e+01 6.806174e-06 
2.195000e+01 6.317164e-06 
2.205000e+01 5.861646e-06 
2.215000e+01 5.437451e-06 
2.225000e+01 5.042541e-06 
2.235000e+01 4.675002e-06 
2.245000e+01 4.333039e-06 
2.255000e+01 4.014964e-06 
2.265000e+01 3.719196e-06 
2.275000e+01 3.444251e-06 
2.285000e+01 3.188738e-06 
2.295000e+01 2.951354e-06 
2.305000e+01 2.730876e-06 
2.315000e+01 2.526161e-06 
2.325000e+01 2.336138e-06 
2.335000e+01 2.159803e-06 
2.345000e+01 1.996219e-06 
2.355000e+01 1.844508e-06 
2.365000e+01 1.703850e-06 
2.375000e+01 1.573477e-06 
2.385000e+01 1.452673e-06 
2.395000e+01 1.340767e-06 
2.405000e+01 1.237136e-06 
2.415000e+01 1.141195e-06 
2.425000e+01 1.052399e-06 
2.435000e+01 9.702410e-07 
2.445000e+01 8.942460e-07 
2.455000e+01 8.239724e-07 
2.465000e+01 7.590086e-07 
2.475000e+01 6.989708e-07 
2.485000e+01 6.435018e-07 
2.495000e+01 5.922687e-07 
2.505000e+01 5.449619e-07 
2.515000e+01 5.012932e-07 
2.525000e+01 4.609946e-07 
2.535000e+01 4.238168e-07 
2.545000e+01 3.895281e-07 
2.555000e+01 3.579133e-07 
2.565000e+01 3.287722e-07 
2.575000e+01 3.019193e-07 
2.585000e+01 2.771819e-07 
2.595000e+01 2.544000e-07 
2.605000e+01 2.334252e-07 
2.615000e+01 2.141198e-07 
2.625000e+01 1.963560e-07 
2.635000e+01 1.800154e-07 
2.645000e+01 1.649885e-07 
2.655000e+01 1.511736e-07 
2.665000e+01 1.384767e-07 
2.675000e+01 1.268106e-07 
2.685000e+01 1.160949e-07 
2.695000e+01 1.062548e-07 
2.705000e+01 9.722155e-08 
2.715000e+01 8.893134e-08 
2.725000e+01 8.132526e-08 
2.735000e+01 7.434888e-08 
2.745000e+01 6.795192e-08 
2.755000e+01 6.208795e-08 
2.765000e+01 5.671413e-08 
2.775000e+01 5.179091e-08 
2.785000e+01 4.728182e-08 
2.795000e+01 4.315321e-08 
2.805000e+01 3.937408e-08 
2.815000e+01 3.591584e-08 
2.825000e+01 3.275216e-08 
2.835000e+01 2.985879e-08 
2.845000e+01 2.721340e-08 
2.855000e+01 2.479544e-08 
2.865000e+01 2.258598e-08 
2.875000e+01 2.056765e-08 
2.885000e+01 1.872443e-08 
2.895000e+01 1.704162e-08 
2.905000e+01 1.550570e-08 
2.915000e+01 1.410426e-08 
2.925000e+01 1.282589e-08 
2.935000e+01 1.166012e-08 
2.945000e+01 1.059734e-08 
2.955000e+01 9.628734e-09 
2.965000e+01 8.746207e-09 
2.975000e+01 7.942344e-09 
2.985000e+01 7.210343e-09 
2.995000e+01 6.543972e-09 
3.005000e+01 5.937524e-09 
3.015000e+01 5.385767e-09 
3.025000e+01 4.883915e-09 
3.035000e+01 4.427586e-09 
3.045000e+01 4.012770e-09 
3.055000e+01 3.635798e-09 
3.065000e+01 3.293318e-09 
3.075000e+01 2.982262e-09 
3.085000e+01 2.699830e-09 
3.095000e+01 2.443460e-09 
3.105000e+01 2.210815e-09 
3.115000e+01 1.999760e-09 
3.125000e+01 1.808347e-09 
3.135000e+01 1.634798e-09 
3.145000e+01 1.477490e-09 
3.155000e+01 1.334945e-09 
3.165000e+01 1.205815e-09 
3.175000e+01 1.088870e-09 
3.185000e+01 9.829919e-10 
3.195000e+01 8.871603e-10 
3.205000e+01 8.004471e-10 
3.215000e+01 7.220071e-10 
3.225000e+01 6.510714e-10 
3.235000e+01 5.869406e-10 
3.245000e+01 5.289784e-10 
3.255000e+01 4.766067e-10 
3.265000e+01 4.292997e-10 
3.275000e+01 3.865800e-10 
3.285000e+01 3.480139e-10 
3.295000e+01 3.132074e-10 
3.305000e+01 2.818032e-10 
3.315000e+01 2.534767e-10 
3.325000e+01 2.279337e-10 
3.335000e+01 2.049072e-10 
3.345000e+01 1.841554e-10 
3.355000e+01 1.654588e-10 
3.365000e+01 1.486188e-10 
3.375000e+01 1.334553e-10 
3.385000e+01 1.198054e-10 
3.395000e+01 1.075214e-10 
3.405000e+01 9.646999e-11 
3.415000e+01 8.653019e-11 
3.425000e+01 7.759281e-11 
3.435000e+01 6.955904e-11 
3.445000e+01 6.233960e-11 
3.455000e+01 5.585381e-11 
3.465000e+01 5.002878e-11 
3.475000e+01 4.479869e-11 
3.485000e+01 4.010413e-11 
3.495000e+01 3.589147e-11 
3.505000e+01 3.211232e-11 
3.515000e+01 2.872304e-11 
3.525000e+01 2.568429e-11 
3.535000e+01 2.296058e-11 
3.545000e+01 2.051997e-11 
3.555000e+01 1.833364e-11 
3.565000e+01 1.637567e-11 
3.575000e+01 1.462271e-11 
3.585000e+01 1.305374e-11 
3.595000e+01 1.164985e-11 
3.605000e+01 1.039403e-11 
3.615000e+01 9.270992e-12 
3.625000e+01 8.266975e-12 
3.635000e+01 7.369624e-12 
3.645000e+01 6.567838e-12 
3.655000e+01 5.851643e-12 
3.665000e+01 5.212086e-12 
3.675000e+01 4.641129e-12 
3.685000e+01 4.131559e-12 
3.695000e+01 3.676907e-12 
3.705000e+01 3.271371e-12 
3.715000e+01 2.909746e-12 
3.725000e+01 2.587372e-12 
3.735000e+01 2.300069e-12 
3.745000e+01 2.044096e-12 
3.755000e+01 1.816101e-12 
3.765000e+01 1.613084e-12 
3.775000e+01 1.432361e-12 
3.785000e+01 1.271528e-12 
3.795000e+01 1.128439e-12 
3.805000e+01 1.001171e-12 
3.815000e+01 8.880085e-13 
3.825000e+01 7.874158e-13 
3.835000e+01 6.980226e-13 
3.845000e+01 6.186046e-13 
3.855000e+01 5.480689e-13 
3.865000e+01 4.854399e-13 
3.875000e+01 4.298473e-13 
3.885000e+01 3.805145e-13 
3.895000e+01 3.367492e-13 
3.905000e+01 2.979341e-13 
3.915000e+01 2.635191e-13 
3.925000e+01 2.330143e-13 
3.935000e+01 2.059829e-13 
3.945000e+01 1.820364e-13 
3.955000e+01 1.608287e-13 
3.965000e+01 1.420519e-13 
3.975000e+01 1.254322e-13 
3.985000e+01 1.107259e-13 
3.995000e+01 9.771653e-14 
4.005000e+01 8.621146e-14 
4.015000e+01 7.603969e-14 
4.025000e+01 6.704925e-14 
4.035000e+01 5.910523e-14 
4.045000e+01 5.208782e-14 
4.055000e+01 4.589072e-14 
4.065000e+01 4.041958e-14 
4.075000e+01 3.559075e-14 
4.085000e+01 3.133002e-14 
4.095000e+01 2.757164e-14 
4.105000e+01 2.425733e-14 
4.115000e+01 2.133544e-14 
4.125000e+01 1.876024e-14 
4.135000e+01 1.649126e-14 
4.145000e+01 1.449264e-14 
4.155000e+01 1.273266e-14 
4.165000e+01 1.118329e-14 
4.175000e+01 9.819699e-15 
4.185000e+01 8.619957e-15 
4.195000e+01 7.564676e-15 
4.205000e+01 6.636727e-15 
4.215000e+01 5.820977e-15 
4.225000e+01 5.104064e-15 
4.235000e+01 4.474193e-15 
4.245000e+01 3.920953e-15 
4.255000e+01 3.435159e-15 
4.265000e+01 3.008711e-15 
4.275000e+01 2.634464e-15 
4.285000e+01 2.306123e-15 
4.295000e+01 2.018139e-15 
4.305000e+01 1.765623e-15 
4.315000e+01 1.544270e-15 
4.325000e+01 1.350289e-15 
4.335000e+01 1.180344e-15 
4.345000e+01 1.031499e-15 
4.355000e+01 9.011715e-16 
4.365000e+01 7.870899e-16 
4.375000e+01 6.872576e-16 
4.385000e+01 5.999197e-16 
4.395000e+01 5.235341e-16 
4.405000e+01 4.567465e-16 
4.415000e+01 3.983673e-16 
4.425000e+01 3.473526e-16 
4.435000e+01 3.027860e-16 
4.445000e+01 2.638635e-16 
4.455000e+01 2.298800e-16 
4.465000e+01 2.002172e-16 
4.475000e+01 1.743331e-16 
4.485000e+01 1.517528e-16 
4.495000e+01 1.320602e-16 
4.505000e+01 1.148908e-16 
4.515000e+01 9.992572e-17 
4.525000e+01 8.688553e-17 
4.535000e+01 7.552591e-17 
4.545000e+01 6.563308e-17 
4.555000e+01 5.702010e-17 
4.565000e+01 4.952352e-17 
4.575000e+01 4.300048e-17 
4.585000e+01 3.732617e-17 
4.595000e+01 3.239157e-17 
4.605000e+01 2.810145e-17 
4.615000e+01 2.437272e-17 
4.625000e+01 2.113282e-17 
4.635000e+01 1.831847e-17 
4.645000e+01 1.587448e-17 
4.655000e+01 1.375270e-17 
4.665000e+01 1.191118e-17 
4.675000e+01 1.031335e-17 
4.685000e+01 8.927364e-18 
4.695000e+01 7.725473e-18 
4.705000e+01 6.683519e-18 
4.715000e+01 5.780477e-18 
4.725000e+01 4.998048e-18 
4.735000e+01 4.320317e-18 
4.745000e+01 3.733439e-18 
4.755000e+01 3.225379e-18 
4.765000e+01 2.785678e-18 
4.775000e+01 2.405245e-18 
4.785000e+01 2.076185e-18 
4.795000e+01 1.791642e-18 
4.805000e+01 1.545663e-18 
4.815000e+01 1.333081e-18 
4.825000e+01 1.149414e-18 
4.835000e+01 9.907749e-19 
4.845000e+01 8.537914e-19 
4.855000e+01 7.355409e-19 
4.865000e+01 6.334907e-19 
4.875000e+01 5.454463e-19 
4.885000e+01 4.695070e-19 
4.895000e+01 4.040271e-19 
4.905000e+01 3.475820e-19 
4.915000e+01 2.989388e-19 
4.925000e+01 2.570311e-19 
4.935000e+01 2.209365e-19 
4.945000e+01 1.898574e-19 
4.955000e+01 1.631045e-19 
4.965000e+01 1.400821e-19 
4.975000e+01 1.202757e-19 
4.985000e+01 1.032408e-19 
4.995000e+01 8.859371e-20 
5.005000e+01 7.600339e-20 
5.015000e+01 6.518405e-20 
5.025000e+01 5.588922e-20 
5.035000e+01 4.790635e-20 
5.045000e+01 4.105220e-20 
5.055000e+01 3.516885e-20 
5.065000e+01 3.012023e-20 
5.075000e+01 2.578912e-20 
5.085000e+01 2.207462e-20 
5.095000e+01 1.888984e-20 
5.105000e+01 1.616001e-20 
5.115000e+01 1.382081e-20 
5.125000e+01 1.181690e-20 
5.135000e+01 1.010071e-20 
5.145000e+01 8.631344e-21 
5.155000e+01 7.373666e-21 
5.165000e+01 6.297480e-21 
5.175000e+01 5.376857e-21 
5.185000e+01 4.589533e-21 
5.195000e+01 3.916398e-21 
5.205000e+01 3.341054e-21 
5.215000e+01 2.849433e-21 
5.225000e+01 2.429472e-21 
5.235000e+01 2.070826e-21 
5.245000e+01 1.764629e-21 
5.255000e+01 1.503287e-21 
5.265000e+01 1.280290e-21 
5.275000e+01 1.090068e-21 
5.285000e+01 9.278479e-22 
5.295000e+01 7.895478e-22 
5.305000e+01 6.716738e-22 
5.315000e+01 5.712375e-22 
5.325000e+01 4.856835e-22 
5.335000e+01 4.128272e-22 
5.345000e+01 3.508017e-22 
5.355000e+01 2.980117e-22 
5.365000e+01 2.530948e-22 
5.375000e+01 2.148877e-22 
5.385000e+01 1.823972e-22 
5.395000e+01 1.547758e-22 
5.405000e+01 1.313005e-22 
5.415000e+01 1.113546e-22 
5.425000e+01 9.441217e-23 
5.435000e+01 8.002511e-23 
5.445000e+01 6.781143e-23 
5.455000e+01 5.744574e-23 
5.465000e+01 4.865092e-23 
5.475000e+01 4.119103e-23 
5.485000e+01 3.486524e-23 
5.495000e+01 2.950264e-23 
5.505000e+01 2.495787e-23 
5.515000e+01 2.110729e-23 
5.525000e+01 1.784579e-23 
5.535000e+01 1.508403e-23 
5.545000e+01 1.274610e-23 
5.555000e+01 1.076751e-23 
5.565000e+01 9.093520e-24 
5.575000e+01 7.677626e-24 
5.585000e+01 6.480376e-24 
5.595000e+01 5.468293e-24 
5.605000e+01 4.612981e-24 
5.615000e+01 3.890361e-24 
5.625000e+01 3.280020e-24 
5.635000e+01 2.764658e-24 
5.645000e+01 2.329617e-24 
5.655000e+01 1.962484e-24 
5.665000e+01 1.652746e-24 
5.675000e+01 1.391503e-24 
5.685000e+01 1.171226e-24 
5.695000e+01 9.855432e-25 
5.705000e+01 8.290656e-25 
5.715000e+01 6.972370e-25 
5.725000e+01 5.862061e-25 
5.735000e+01 4.927181e-25 
5.745000e+01 4.140236e-25 
5.755000e+01 3.478003e-25 
5.765000e+01 2.920876e-25 
5.775000e+01 2.452306e-25 
5.785000e+01 2.058328e-25 
5.795000e+01 1.727161e-25 
5.805000e+01 1.448869e-25 
5.815000e+01 1.215078e-25 
5.825000e+01 1.018726e-25 
5.835000e+01 8.538641e-26 
5.845000e+01 7.154818e-26 
5.855000e+01 5.993587e-26 
5.865000e+01 5.019417e-26 
5.875000e+01 4.202407e-26 
5.885000e+01 3.517396e-26 
5.895000e+01 2.943221e-26 
5.905000e+01 2.462083e-26 
5.915000e+01 2.059021e-26 
5.925000e+01 1.721461e-26 
5.935000e+01 1.438839e-26 
5.945000e+01 1.202279e-26 
5.955000e+01 1.004331e-26 
5.965000e+01 8.387385e-27 
5.975000e+01 7.002526e-27 
5.985000e+01 5.844686e-27 
5.995000e+01 4.876924e-27 
6.005000e+01 4.068264e-27 
6.015000e+01 3.392740e-27 
6.025000e+01 2.828593e-27 
6.035000e+01 2.357591e-27 
6.045000e+01 1.964468e-27 
6.055000e+01 1.636439e-27 
6.065000e+01 1.362802e-27 
6.075000e+01 1.134604e-27 
6.085000e+01 9.443525e-28 
6.095000e+01 7.857823e-28 
6.105000e+01 6.536552e-28 
6.115000e+01 5.435925e-28 
6.125000e+01 4.519356e-28 
6.135000e+01 3.756281e-28 
6.145000e+01 3.121173e-28 
6.155000e+01 2.592722e-28 
6.165000e+01 2.153140e-28 
6.175000e+01 1.787587e-28 
6.185000e+01 1.483680e-28 
6.195000e+01 1.231095e-28 
6.205000e+01 1.021225e-28 
6.215000e+01 8.468947e-29 
6.225000e+01 7.021273e-29 
6.235000e+01 5.819432e-29 
6.245000e+01 4.821961e-29 
6.255000e+01 3.994340e-29 
6.265000e+01 3.307842e-29 
6.275000e+01 2.738564e-29 
6.285000e+01 2.266623e-29 
6.295000e+01 1.875487e-29 
6.305000e+01 1.551412e-29 
6.315000e+01 1.282976e-29 
6.325000e+01 1.060689e-29 
6.335000e+01 8.766702e-30 
6.345000e+01 7.243737e-30 
6.355000e+01 5.983666e-30 
6.365000e+01 4.941405e-30 
6.375000e+01 4.079546e-30 
6.385000e+01 3.367065e-30 
6.395000e+01 2.778239e-30 
6.405000e+01 2.291743e-30 
6.415000e+01 1.889908e-30 
6.425000e+01 1.558094e-30 
6.435000e+01 1.284177e-30 
6.445000e+01 1.058119e-30 
6.455000e+01 8.716110e-31 
6.465000e+01 7.177762e-31 
6.475000e+01 5.909269e-31 
6.485000e+01 4.863588e-31 
6.495000e+01 4.001825e-31 
6.505000e+01 3.291833e-31 
6.515000e+01 2.707047e-31 
6.525000e+01 2.225523e-31 
6.535000e+01 1.829140e-31 
6.545000e+01 1.502934e-31 
6.555000e+01 1.234557e-31 
6.565000e+01 1.013820e-31 
6.575000e+01 8.323171e-32 
6.585000e+01 6.831171e-32 
6.595000e+01 5.605054e-32 
6.605000e+01 4.597723e-32 
6.615000e+01 3.770371e-32 
6.625000e+01 3.091034e-32 
6.635000e+01 2.533388e-32 
6.645000e+01 2.075764e-32 
6.655000e+01 1.700328e-32 
6.665000e+01 1.392405e-32 
6.675000e+01 1.139927e-32 
6.685000e+01 9.329677e-33 
6.695000e+01 7.633691e-33 
6.705000e+01 6.244258e-33 
6.715000e+01 5.106290e-33 
6.725000e+01 4.174538e-33 
6.735000e+01 3.411848e-33 
6.745000e+01 2.787721e-33 
6.755000e+01 2.277127e-33 
6.765000e+01 1.859532e-33 
6.775000e+01 1.518092e-33 
6.785000e+01 1.239000e-33 
6.795000e+01 1.010933e-33 
6.805000e+01 8.246165e-34 
6.815000e+01 6.724499e-34 
6.825000e+01 5.482091e-34 
6.835000e+01 4.467976e-34 
6.845000e+01 3.640439e-34 
6.855000e+01 2.965343e-34 
6.865000e+01 2.414763e-34 
6.875000e+01 1.965860e-34 
6.885000e+01 1.599959e-34 
6.895000e+01 1.301797e-34 
6.905000e+01 1.058903e-34 
6.915000e+01 8.610879e-35 
6.925000e+01 7.000307e-35 
6.935000e+01 5.689380e-35 
6.945000e+01 4.622652e-35 
6.955000e+01 3.754877e-35 
6.965000e+01 3.049149e-35 
6.975000e+01 2.475369e-35 
6.985000e+01 2.008998e-35 
6.995000e+01 1.630037e-35 
7.005000e+01 1.322189e-35 
7.015000e+01 1.072181e-35 
7.025000e+01 8.692026e-36 
7.035000e+01 7.044533e-36 
7.045000e+01 5.707708e-36 
7.055000e+01 4.623274e-36 
7.065000e+01 3.743828e-36 
7.075000e+01 3.030822e-36 
7.085000e+01 2.452919e-36 
7.095000e+01 1.984652e-36 
7.105000e+01 1.605329e-36 
7.115000e+01 1.298141e-36 
7.125000e+01 1.049441e-36 
7.135000e+01 8.481497e-37 
7.145000e+01 6.852758e-37 
7.155000e+01 5.535241e-37 
7.165000e+01 4.469779e-37 
7.175000e+01 3.608394e-37 
7.185000e+01 2.912193e-37 
7.195000e+01 2.349658e-37 
7.205000e+01 1.895254e-37 
7.215000e+01 1.528300e-37 
7.225000e+01 1.232049e-37 
7.235000e+01 9.929467e-38 
7.245000e+01 8.000223e-38 
7.255000e+01 6.444016e-38 
7.265000e+01 5.189069e-38 
7.275000e+01 4.177347e-38 
7.285000e+01 3.361941e-38 
7.295000e+01 2.704941e-38 
7.305000e+01 2.175725e-38 
7.315000e+01 1.749559e-38 
7.325000e+01 1.406473e-38 
7.335000e+01 1.130349e-38 
7.345000e+01 9.081799e-39 
7.355000e+01 7.294738e-39 
7.365000e+01 5.857682e-39 
7.375000e+01 4.702408e-39 
7.385000e+01 3.773923e-39 
7.395000e+01 3.027919e-39 
7.405000e+01 2.428699e-39 
7.415000e+01 1.947518e-39 
7.425000e+01 1.561232e-39 
7.435000e+01 1.251215e-39 
7.445000e+01 1.002478e-39 
7.455000e+01 8.029636e-40 
7.465000e+01 6.429768e-40 
7.475000e+01 5.147224e-40 
7.485000e+01 4.119355e-40 
7.495000e+01 3.295821e-40 
7.505000e+01 2.636188e-40 
7.515000e+01 2.107985e-40 
7.525000e+01 1.685144e-40 
7.535000e+01 1.346743e-40 
7.545000e+01 1.075996e-40 
7.555000e+01 8.594392e-41 
7.565000e+01 6.862746e-41 
7.575000e+01 5.478466e-41 
7.585000e+01 4.372184e-41 
7.595000e+01 3.488318e-41 
7.605000e+01 2.782353e-41 
7.615000e+01 2.218639e-41 
7.625000e+01 1.768640e-41 
7.635000e+01 1.409517e-41 
7.645000e+01 1.123000e-41 
7.655000e+01 8.944736e-42 
7.665000e+01 7.122518e-42 
7.675000e+01 5.669933e-42 
7.685000e+01 4.512328e-42 
7.695000e+01 3.590060e-42 
7.705000e+01 2.855493e-42 
7.715000e+01 2.270590e-42 
7.725000e+01 1.804990e-42 
7.735000e+01 1.434463e-42 
7.745000e+01 1.139677e-42 
7.755000e+01 9.052175e-43 
7.765000e+01 7.187905e-43 
7.775000e+01 5.705977e-43 
7.785000e+01 4.528309e-43 
7.795000e+01 3.592695e-43 
7.805000e+01 2.849595e-43 
7.815000e+01 2.259561e-43 
7.825000e+01 1.791197e-43 
7.835000e+01 1.419519e-43 
7.845000e+01 1.124649e-43 
7.855000e+01 8.907821e-44 
7.865000e+01 7.053491e-44 
7.875000e+01 5.583611e-44 
7.885000e+01 4.418801e-44 
7.895000e+01 3.496006e-44 
7.905000e+01 2.765146e-44 
7.915000e+01 2.186465e-44 
7.925000e+01 1.728403e-44 
7.935000e+01 1.365923e-44 
7.945000e+01 1.079159e-44 
7.955000e+01 8.523600e-45 
7.965000e+01 6.730372e-45 
7.975000e+01 5.312921e-45 
7.985000e+01 4.192818e-45 
7.995000e+01 3.307935e-45 
8.005000e+01 2.609073e-45 
8.015000e+01 2.057282e-45 
8.025000e+01 1.621735e-45 
8.035000e+01 1.278039e-45 
8.045000e+01 1.006901e-45 
8.055000e+01 7.930631e-46 
8.065000e+01 6.244635e-46 
8.075000e+01 4.915692e-46 
8.085000e+01 3.868482e-46 
8.095000e+01 3.043511e-46 
8.105000e+01 2.393798e-46 
8.115000e+01 1.882255e-46 
8.125000e+01 1.479612e-46 
8.135000e+01 1.162774e-46 
8.145000e+01 9.135267e-47 
8.155000e+01 7.175060e-47 
8.165000e+01 5.633887e-47 
8.175000e+01 4.422512e-47 
8.185000e+01 3.470630e-47 
8.195000e+01 2.722864e-47 
8.205000e+01 2.135609e-47 
8.215000e+01 1.674542e-47 
8.225000e+01 1.312649e-47 
8.235000e+01 1.028678e-47 
8.245000e+01 8.059142e-48 
8.255000e+01 6.312136e-48 
8.265000e+01 4.942450e-48 
8.275000e+01 3.868891e-48 
8.285000e+01 3.027674e-48 
8.295000e+01 2.368699e-48 
8.305000e+01 1.852632e-48 
8.315000e+01 1.448594e-48 
8.325000e+01 1.132355e-48 
8.335000e+01 8.849054e-49 
8.345000e+01 6.913364e-49 
8.355000e+01 5.399584e-49 
8.365000e+01 4.216086e-49 
8.375000e+01 3.291069e-49 
8.385000e+01 2.568283e-49 
8.395000e+01 2.003674e-49 
8.405000e+01 1.562751e-49 
8.415000e+01 1.218514e-49 
8.425000e+01 9.498384e-50 
8.435000e+01 7.401969e-50 
8.445000e+01 5.766644e-50 
8.455000e+01 4.491354e-50 
8.465000e+01 3.497114e-50 
8.475000e+01 2.722204e-50 
8.485000e+01 2.118409e-50 
8.495000e+01 1.648077e-50 
8.505000e+01 1.281809e-50 
8.515000e+01 9.966608e-51 
8.525000e+01 7.747291e-51 
8.535000e+01 6.020475e-51 
8.545000e+01 4.677243e-51 
8.555000e+01 3.632682e-51 
8.565000e+01 2.820611e-51 
8.575000e+01 2.189462e-51 
8.585000e+01 1.699065e-51 
8.595000e+01 1.318137e-51 
8.605000e+01 1.022327e-51 
8.615000e+01 7.926790e-52 
8.625000e+01 6.144452e-52 
8.635000e+01 4.761538e-52 
8.645000e+01 3.688840e-52 
8.655000e+01 2.857002e-52 
8.665000e+01 2.212125e-52 
8.675000e+01 1.712329e-52 
8.685000e+01 1.325083e-52 
8.695000e+01 1.025126e-52 
8.705000e+01 7.928473e-53 
8.715000e+01 6.130281e-53 
8.725000e+01 4.738594e-53 
8.735000e+01 3.661820e-53 
8.745000e+01 2.828933e-53 
8.755000e+01 2.184876e-53 
8.765000e+01 1.686977e-53 
8.775000e+01 1.302177e-53 
8.785000e+01 1.004868e-53 
8.795000e+01 7.752229e-54 
8.805000e+01 5.978915e-54 
8.815000e+01 4.609953e-54 
8.825000e+01 3.553439e-54 
8.835000e+01 2.738291e-54 
8.845000e+01 2.109545e-54 
8.855000e+01 1.624711e-54 
8.865000e+01 1.250956e-54 
8.875000e+01 9.629107e-55 
8.885000e+01 7.409833e-55 
8.895000e+01 5.700451e-55 
8.905000e+01 4.384179e-55 
8.915000e+01 3.370898e-55 
8.925000e+01 2.591083e-55 
8.935000e+01 1.991111e-55 
8.945000e+01 1.529635e-55 
8.955000e+01 1.174786e-55 
8.965000e+01 9.020024e-56 
8.975000e+01 6.923649e-56 
8.985000e+01 5.313012e-56 
8.995000e+01 4.075912e-56 
