#./munderdamped_3d_gle --dev=0 --amp=15.0 --omega=4.0 --force=0.1 --mass=1.0 --Dg=0.001 --tau=0.1 --block=1024 --paths=65536 --periods=2000 --trans=1000 --samples=1000 --spp=1000 --algorithm=predcorr --pav=1 --mode=moments --domain=3d --domainx=t:0.0:0.005:10:0 --domainy=a:15.0:15.0:1:0 --domainz=w:4.0:4.0:1:0 --q=2 --eps=0 --phi=0 --lambda=0 --Dp=0 --comp=0 --mean=0 >> temp/f0.1-D0.001-m1.0-a15.0-w4.0-t_0.0_0.005.dat
#./munderdamped_3d_gle --dev=3 --amp=15.0 --omega=4.0 --force=0.1 --mass=1.0 --Dg=0.001 --tau=0.1 --block=1024 --paths=65536 --periods=2000 --trans=1000 --samples=200 --spp=200 --algorithm=predcorr --pav=1 --mode=moments --domain=3d --domainx=t:0.0:0.15:300:0 --domainy=a:15.0:15.0:1:0 --domainz=w:4.0:4.0:1:0 --q=2 --eps=0 --phi=0 --lambda=0 --Dp=0 --comp=0 --mean=0 >> temp/f0.1-D0.001-m1.0-a15.0-w4.0-t_0.0_0.15.dat
#t a w <<v>> <<v^2>> qnu(q) mu_q Dx Gx EBx
0.000000e+00 1.500000e+01 4.000000e+00 1.105962e-01 7.102495e+00 1.001502e+00 2.138243e+03 3.403093e-01 7.779360e-03 7.501483e-03
9.999999e-04 1.500000e+01 4.000000e+00 1.118029e-01 7.114175e+00 9.819210e-01 2.143390e+03 3.409944e-01 8.683681e-03 6.753683e-03
1.500000e-03 1.500000e+01 4.000000e+00 1.125402e-01 7.119904e+00 1.003888e+00 2.154387e+03 3.427215e-01 2.177048e-02 6.798744e-03
2.000000e-03 1.500000e+01 4.000000e+00 1.129729e-01 7.125096e+00 9.838431e-01 2.159252e+03 3.435248e-01 7.518530e-03 6.804347e-03
2.500000e-03 1.500000e+01 4.000000e+00 1.137555e-01 7.131009e+00 9.913527e-01 2.175613e+03 3.464455e-01 -3.465056e-03 6.752968e-03
3.000000e-03 1.500000e+01 4.000000e+00 1.141770e-01 7.135887e+00 9.753338e-01 2.163506e+03 3.443230e-01 8.333921e-03 6.734014e-03
3.500000e-03 1.500000e+01 4.000000e+00 1.148250e-01 7.140865e+00 9.748538e-01 2.182727e+03 3.473047e-01 -7.624209e-03 6.750703e-03
4.000000e-03 1.500000e+01 4.000000e+00 1.153423e-01 7.146116e+00 9.833497e-01 2.181618e+03 3.471169e-01 -9.850264e-04 6.773829e-03
4.500000e-03 1.500000e+01 4.000000e+00 1.158673e-01 7.150922e+00 9.795994e-01 2.187531e+03 3.483926e-01 1.166558e-02 6.724238e-03
5.000000e-03 1.500000e+01 4.000000e+00 1.162162e-01 7.156525e+00 9.966840e-01 2.186733e+03 3.478082e-01 5.179048e-03 7.432222e-03
5.500000e-03 1.500000e+01 4.000000e+00 1.167217e-01 7.161198e+00 9.822208e-01 2.189200e+03 3.483752e-01 -3.805637e-03 7.324934e-03
6.000001e-03 1.500000e+01 4.000000e+00 1.171691e-01 7.165641e+00 9.958364e-01 2.168302e+03 3.452319e-01 3.640175e-03 7.359743e-03
6.500001e-03 1.500000e+01 4.000000e+00 1.177440e-01 7.169908e+00 9.810686e-01 2.175140e+03 3.460302e-01 4.220009e-05 7.368326e-03
7.000001e-03 1.500000e+01 4.000000e+00 1.181118e-01 7.174049e+00 1.002131e+00 2.182218e+03 3.476988e-01 5.525112e-03 7.233143e-03
7.500001e-03 1.500000e+01 4.000000e+00 1.186541e-01 7.177626e+00 9.940428e-01 2.169256e+03 3.450678e-01 6.951571e-03 7.207394e-03
8.000000e-03 1.500000e+01 4.000000e+00 1.189483e-01 7.181854e+00 9.912921e-01 2.180103e+03 3.471517e-01 1.546562e-02 7.082343e-03
8.500000e-03 1.500000e+01 4.000000e+00 1.191661e-01 7.185326e+00 9.920282e-01 2.149675e+03 3.419493e-01 1.988292e-03 7.064700e-03
9.000001e-03 1.500000e+01 4.000000e+00 1.193234e-01 7.188708e+00 9.881302e-01 2.135206e+03 3.400047e-01 7.457733e-03 6.962061e-03
9.500001e-03 1.500000e+01 4.000000e+00 1.194371e-01 7.193108e+00 9.817213e-01 2.132557e+03 3.393606e-01 1.674128e-02 6.945133e-03
1.000000e-02 1.500000e+01 4.000000e+00 1.192378e-01 7.196622e+00 9.757783e-01 2.104180e+03 3.349043e-01 4.860640e-03 6.841540e-03
1.050000e-02 1.500000e+01 4.000000e+00 1.188172e-01 7.199949e+00 9.991558e-01 2.115790e+03 3.370255e-01 -2.508223e-03 6.841063e-03
1.100000e-02 1.500000e+01 4.000000e+00 1.183586e-01 7.203692e+00 9.833534e-01 2.107101e+03 3.354066e-01 4.631877e-03 6.876826e-03
1.150000e-02 1.500000e+01 4.000000e+00 1.177015e-01 7.207750e+00 9.825972e-01 2.097187e+03 3.338996e-01 -3.797710e-03 6.761789e-03
1.200000e-02 1.500000e+01 4.000000e+00 1.166684e-01 7.211421e+00 9.764336e-01 2.099765e+03 3.343522e-01 3.534079e-03 6.778717e-03
1.250000e-02 1.500000e+01 4.000000e+00 1.155259e-01 7.215270e+00 9.868487e-01 2.091517e+03 3.325493e-01 4.894614e-03 6.765246e-03
1.300000e-02 1.500000e+01 4.000000e+00 1.139832e-01 7.218811e+00 9.913758e-01 2.096691e+03 3.337205e-01 -3.272653e-03 6.775498e-03
1.350000e-02 1.500000e+01 4.000000e+00 1.122137e-01 7.222538e+00 9.715186e-01 2.074891e+03 3.300339e-01 -2.366841e-03 6.774187e-03
1.400000e-02 1.500000e+01 4.000000e+00 1.102433e-01 7.226774e+00 9.871105e-01 2.079714e+03 3.306780e-01 1.440763e-03 6.827950e-03
1.450000e-02 1.500000e+01 4.000000e+00 1.078968e-01 7.231090e+00 9.939582e-01 2.103328e+03 3.348856e-01 3.753662e-03 6.829262e-03
1.500000e-02 1.500000e+01 4.000000e+00 1.054802e-01 7.235170e+00 9.831009e-01 2.050574e+03 3.263310e-01 -6.130278e-03 6.830215e-03
1.550000e-02 1.500000e+01 4.000000e+00 1.025342e-01 7.239151e+00 9.813895e-01 2.068484e+03 3.293164e-01 9.672880e-03 6.932735e-03
1.600000e-02 1.500000e+01 4.000000e+00 9.947631e-02 7.243265e+00 9.853237e-01 2.067764e+03 3.294159e-01 1.134336e-02 6.903768e-03
1.650000e-02 1.500000e+01 4.000000e+00 9.627375e-02 7.247127e+00 9.721974e-01 2.040094e+03 3.250279e-01 7.184029e-03 6.950855e-03
1.700000e-02 1.500000e+01 4.000000e+00 9.265694e-02 7.250833e+00 9.980641e-01 2.075831e+03 3.305300e-01 -9.877682e-04 7.007957e-03
1.750000e-02 1.500000e+01 4.000000e+00 8.907987e-02 7.254324e+00 9.756624e-01 2.059521e+03 3.278641e-01 1.239347e-02 7.107496e-03
1.800000e-02 1.500000e+01 4.000000e+00 8.516902e-02 7.258492e+00 9.817443e-01 2.052405e+03 3.269875e-01 3.794670e-03 7.129192e-03
1.850000e-02 1.500000e+01 4.000000e+00 8.110920e-02 7.261916e+00 9.868750e-01 2.048238e+03 3.261744e-01 1.354325e-02 7.211447e-03
1.900000e-02 1.500000e+01 4.000000e+00 7.725637e-02 7.265783e+00 9.893083e-01 2.063486e+03 3.286450e-01 -1.000583e-03 7.230163e-03
1.949999e-02 1.500000e+01 4.000000e+00 7.310783e-02 7.269084e+00 9.937598e-01 2.043654e+03 3.254028e-01 -4.859567e-03 7.273912e-03
1.999999e-02 1.500000e+01 4.000000e+00 6.916165e-02 7.273326e+00 9.895493e-01 2.046330e+03 3.257721e-01 1.388788e-03 7.348061e-03
2.049999e-02 1.500000e+01 4.000000e+00 6.544821e-02 7.277276e+00 9.833691e-01 2.039622e+03 3.247755e-01 1.219559e-02 7.313728e-03
2.099999e-02 1.500000e+01 4.000000e+00 6.168921e-02 7.282181e+00 9.782267e-01 2.033419e+03 3.237131e-01 2.545118e-04 7.342935e-03
2.149999e-02 1.500000e+01 4.000000e+00 5.838843e-02 7.287035e+00 9.950955e-01 2.037444e+03 3.242881e-01 1.237059e-02 7.315993e-03
2.199999e-02 1.500000e+01 4.000000e+00 5.507860e-02 7.292255e+00 9.755322e-01 2.008038e+03 3.196773e-01 4.127979e-03 7.351398e-03
2.249999e-02 1.500000e+01 4.000000e+00 5.247144e-02 7.298408e+00 9.735561e-01 2.026977e+03 3.226267e-01 -1.911402e-03 7.215023e-03
2.299999e-02 1.500000e+01 4.000000e+00 4.990156e-02 7.305004e+00 9.740119e-01 2.004277e+03 3.190189e-01 -1.967728e-03 7.272482e-03
2.349999e-02 1.500000e+01 4.000000e+00 4.791640e-02 7.312315e+00 9.932820e-01 1.997598e+03 3.180108e-01 -3.683090e-03 7.230639e-03
2.399999e-02 1.500000e+01 4.000000e+00 4.632609e-02 7.320014e+00 9.811983e-01 1.992260e+03 3.171147e-01 3.520608e-03 7.181048e-03
2.449999e-02 1.500000e+01 4.000000e+00 4.522851e-02 7.328571e+00 1.005103e+00 2.020941e+03 3.216614e-01 1.414013e-02 7.105708e-03
2.499999e-02 1.500000e+01 4.000000e+00 4.450706e-02 7.337427e+00 9.903756e-01 1.970720e+03 3.136729e-01 -2.748132e-03 7.030606e-03
2.549998e-02 1.500000e+01 4.000000e+00 4.426014e-02 7.346533e+00 9.737459e-01 1.994750e+03 3.175219e-01 -8.033931e-03 6.944180e-03
2.599998e-02 1.500000e+01 4.000000e+00 4.450518e-02 7.356359e+00 9.741629e-01 1.975188e+03 3.144494e-01 1.030612e-02 6.896973e-03
2.649998e-02 1.500000e+01 4.000000e+00 4.491571e-02 7.366320e+00 9.875928e-01 1.970763e+03 3.136633e-01 8.051395e-04 6.754518e-03
2.699998e-02 1.500000e+01 4.000000e+00 4.583761e-02 7.376714e+00 9.981111e-01 1.976179e+03 3.145265e-01 8.611798e-03 6.646872e-03
2.749998e-02 1.500000e+01 4.000000e+00 4.716561e-02 7.387336e+00 9.904305e-01 1.970737e+03 3.136857e-01 3.921032e-03 6.553292e-03
2.799998e-02 1.500000e+01 4.000000e+00 4.865276e-02 7.398243e+00 9.855268e-01 1.956020e+03 3.113148e-01 -1.765132e-03 6.456971e-03
2.849998e-02 1.500000e+01 4.000000e+00 5.035059e-02 7.408889e+00 9.872645e-01 1.964880e+03 3.127093e-01 4.238248e-03 6.410599e-03
2.899998e-02 1.500000e+01 4.000000e+00 5.242191e-02 7.420409e+00 9.938723e-01 1.940372e+03 3.088510e-01 -4.494071e-03 6.227970e-03
2.949998e-02 1.500000e+01 4.000000e+00 5.436193e-02 7.431743e+00 9.713482e-01 1.954605e+03 3.111513e-01 -8.947253e-04 6.126642e-03
2.999998e-02 1.500000e+01 4.000000e+00 5.658617e-02 7.443689e+00 9.953532e-01 1.950870e+03 3.104790e-01 2.651811e-03 6.062150e-03
3.049998e-02 1.500000e+01 4.000000e+00 5.890601e-02 7.456027e+00 9.961149e-01 1.953807e+03 3.110205e-01 1.769185e-03 5.960703e-03
3.099998e-02 1.500000e+01 4.000000e+00 6.098639e-02 7.469380e+00 9.759542e-01 1.936532e+03 3.081488e-01 1.046467e-02 5.935073e-03
3.149997e-02 1.500000e+01 4.000000e+00 6.332090e-02 7.482788e+00 9.872807e-01 1.928845e+03 3.070708e-01 5.814433e-03 5.793810e-03
3.199998e-02 1.500000e+01 4.000000e+00 6.555713e-02 7.496812e+00 9.962846e-01 1.933819e+03 3.078454e-01 5.490661e-03 5.724072e-03
3.249998e-02 1.500000e+01 4.000000e+00 6.760439e-02 7.511109e+00 9.800335e-01 1.928431e+03 3.068314e-01 -1.243901e-02 5.671978e-03
3.299998e-02 1.500000e+01 4.000000e+00 6.977285e-02 7.526292e+00 9.929301e-01 1.940152e+03 3.087668e-01 -8.410215e-05 5.573630e-03
3.349998e-02 1.500000e+01 4.000000e+00 7.156696e-02 7.541120e+00 9.876776e-01 1.924508e+03 3.063353e-01 -2.501011e-03 5.539060e-03
3.399998e-02 1.500000e+01 4.000000e+00 7.347547e-02 7.556365e+00 9.972023e-01 1.930314e+03 3.071740e-01 -4.858375e-04 5.449772e-03
3.449998e-02 1.500000e+01 4.000000e+00 7.498118e-02 7.570976e+00 9.885482e-01 1.925276e+03 3.063229e-01 -8.019984e-03 5.437613e-03
3.499998e-02 1.500000e+01 4.000000e+00 7.664016e-02 7.585886e+00 9.884824e-01 1.918023e+03 3.051429e-01 -2.579093e-03 5.401969e-03
3.549998e-02 1.500000e+01 4.000000e+00 7.765360e-02 7.599279e+00 9.836602e-01 1.920159e+03 3.055246e-01 8.272886e-03 5.298853e-03
3.599998e-02 1.500000e+01 4.000000e+00 7.880446e-02 7.612081e+00 9.894063e-01 1.917489e+03 3.051821e-01 -2.617240e-04 5.290270e-03
3.649998e-02 1.500000e+01 4.000000e+00 7.967960e-02 7.624424e+00 9.858956e-01 1.928881e+03 3.069844e-01 2.158284e-03 5.247235e-03
3.699999e-02 1.500000e+01 4.000000e+00 8.041766e-02 7.636053e+00 9.892170e-01 1.923225e+03 3.060655e-01 -2.064884e-03 5.198002e-03
3.749999e-02 1.500000e+01 4.000000e+00 8.102837e-02 7.646859e+00 9.933786e-01 1.919286e+03 3.053978e-01 1.254487e-02 5.178452e-03
3.799999e-02 1.500000e+01 4.000000e+00 8.155476e-02 7.656659e+00 9.826677e-01 1.931658e+03 3.073394e-01 1.623142e-02 5.170703e-03
3.849999e-02 1.500000e+01 4.000000e+00 8.186356e-02 7.666359e+00 9.903010e-01 1.944505e+03 3.094544e-01 1.244164e-02 5.153060e-03
3.899999e-02 1.500000e+01 4.000000e+00 8.213345e-02 7.675073e+00 9.787885e-01 1.934016e+03 3.076788e-01 2.954483e-03 5.100489e-03
3.949999e-02 1.500000e+01 4.000000e+00 8.235212e-02 7.683779e+00 9.865568e-01 1.965951e+03 3.127656e-01 -4.725933e-03 5.056858e-03
3.999999e-02 1.500000e+01 4.000000e+00 8.243679e-02 7.692502e+00 9.899433e-01 1.977738e+03 3.145660e-01 1.978874e-03 5.074739e-03
4.049999e-02 1.500000e+01 4.000000e+00 8.253478e-02 7.701431e+00 9.867227e-01 1.986607e+03 3.161837e-01 1.783371e-04 5.011559e-03
4.099999e-02 1.500000e+01 4.000000e+00 8.253610e-02 7.710170e+00 9.885215e-01 2.010115e+03 3.198243e-01 1.024604e-03 5.079865e-03
4.149999e-02 1.500000e+01 4.000000e+00 8.221306e-02 7.718685e+00 9.815412e-01 2.025102e+03 3.221395e-01 1.486671e-02 5.049586e-03
4.200000e-02 1.500000e+01 4.000000e+00 8.185434e-02 7.727916e+00 9.765950e-01 2.055327e+03 3.270261e-01 6.426811e-03 5.009174e-03
4.250000e-02 1.500000e+01 4.000000e+00 8.148588e-02 7.737472e+00 9.949875e-01 2.079698e+03 3.307438e-01 -1.874864e-03 5.060673e-03
4.300000e-02 1.500000e+01 4.000000e+00 8.095147e-02 7.746917e+00 9.859698e-01 2.105482e+03 3.350013e-01 -3.327668e-03 5.036712e-03
4.350000e-02 1.500000e+01 4.000000e+00 8.024520e-02 7.756324e+00 9.915327e-01 2.137926e+03 3.402167e-01 -2.962351e-05 5.092502e-03
4.400000e-02 1.500000e+01 4.000000e+00 7.921223e-02 7.765675e+00 9.900978e-01 2.186834e+03 3.479581e-01 1.101315e-02 5.010247e-03
4.450000e-02 1.500000e+01 4.000000e+00 7.821222e-02 7.775218e+00 9.932275e-01 2.204712e+03 3.507707e-01 6.099582e-03 5.023479e-03
4.500000e-02 1.500000e+01 4.000000e+00 7.688420e-02 7.784484e+00 1.001301e+00 2.239654e+03 3.564206e-01 3.268361e-03 5.006790e-03
4.550000e-02 1.500000e+01 4.000000e+00 7.553196e-02 7.793875e+00 9.894210e-01 2.277547e+03 3.624716e-01 2.790689e-03 4.962564e-03
4.600000e-02 1.500000e+01 4.000000e+00 7.435356e-02 7.802712e+00 9.912724e-01 2.314316e+03 3.682621e-01 2.733588e-03 4.940152e-03
4.650000e-02 1.500000e+01 4.000000e+00 7.288348e-02 7.811516e+00 9.836728e-01 2.339097e+03 3.722373e-01 -3.832936e-03 4.920840e-03
4.700001e-02 1.500000e+01 4.000000e+00 7.135345e-02 7.820530e+00 9.914621e-01 2.387225e+03 3.799327e-01 -9.278238e-03 4.880071e-03
4.750001e-02 1.500000e+01 4.000000e+00 7.028634e-02 7.829565e+00 9.895328e-01 2.434225e+03 3.874714e-01 1.085329e-02 4.840493e-03
4.800001e-02 1.500000e+01 4.000000e+00 6.875393e-02 7.838422e+00 1.008947e+00 2.491536e+03 3.964543e-01 -4.632831e-03 4.839659e-03
4.850001e-02 1.500000e+01 4.000000e+00 6.765313e-02 7.847244e+00 1.004607e+00 2.531079e+03 4.028640e-01 1.000357e-02 4.849076e-03
4.900001e-02 1.500000e+01 4.000000e+00 6.642640e-02 7.855932e+00 9.924554e-01 2.555670e+03 4.067136e-01 4.766941e-03 4.791975e-03
4.950001e-02 1.500000e+01 4.000000e+00 6.567635e-02 7.865602e+00 9.956869e-01 2.577979e+03 4.103095e-01 6.122828e-03 4.756331e-03
5.000001e-02 1.500000e+01 4.000000e+00 6.517297e-02 7.875578e+00 9.936839e-01 2.637754e+03 4.198284e-01 -3.412902e-03 4.760623e-03
5.050001e-02 1.500000e+01 4.000000e+00 6.448171e-02 7.885524e+00 9.963887e-01 2.683389e+03 4.271277e-01 -5.452633e-04 4.728198e-03
5.100001e-02 1.500000e+01 4.000000e+00 6.418875e-02 7.895966e+00 9.989309e-01 2.722151e+03 4.332104e-01 4.227042e-03 4.691958e-03
5.150001e-02 1.500000e+01 4.000000e+00 6.412724e-02 7.907150e+00 9.950517e-01 2.729119e+03 4.343313e-01 7.271767e-03 4.655004e-03
5.200002e-02 1.500000e+01 4.000000e+00 6.418570e-02 7.918920e+00 9.774488e-01 2.767163e+03 4.403774e-01 6.580472e-03 4.639030e-03
5.250002e-02 1.500000e+01 4.000000e+00 6.444466e-02 7.930859e+00 9.899610e-01 2.821907e+03 4.490159e-01 7.166743e-03 4.651070e-03
5.300002e-02 1.500000e+01 4.000000e+00 6.505144e-02 7.943253e+00 9.921615e-01 2.862568e+03 4.555941e-01 2.722979e-03 4.592776e-03
5.350002e-02 1.500000e+01 4.000000e+00 6.599673e-02 7.956735e+00 9.923064e-01 2.913144e+03 4.636500e-01 1.129627e-03 4.599452e-03
5.400002e-02 1.500000e+01 4.000000e+00 6.686921e-02 7.970176e+00 9.848751e-01 2.895824e+03 4.607075e-01 1.430392e-03 4.566431e-03
5.450002e-02 1.500000e+01 4.000000e+00 6.786414e-02 7.983928e+00 9.909385e-01 2.959698e+03 4.709419e-01 1.016259e-03 4.622579e-03
5.500002e-02 1.500000e+01 4.000000e+00 6.903592e-02 7.998089e+00 9.870781e-01 2.969352e+03 4.724800e-01 2.622604e-03 4.582763e-03
5.550002e-02 1.500000e+01 4.000000e+00 7.047664e-02 8.012207e+00 9.916810e-01 3.037977e+03 4.833741e-01 -1.327813e-03 4.576683e-03
5.600002e-02 1.500000e+01 4.000000e+00 7.182938e-02 8.026455e+00 1.009730e+00 3.062844e+03 4.873821e-01 1.058865e-02 4.578829e-03
5.650003e-02 1.500000e+01 4.000000e+00 7.333376e-02 8.040050e+00 9.863269e-01 3.101223e+03 4.935500e-01 -1.668930e-06 4.597425e-03
5.700003e-02 1.500000e+01 4.000000e+00 7.490587e-02 8.054358e+00 9.896032e-01 3.141647e+03 4.999858e-01 -3.620505e-03 4.578352e-03
5.750003e-02 1.500000e+01 4.000000e+00 7.657325e-02 8.067795e+00 1.005877e+00 3.169550e+03 5.042868e-01 -6.888509e-04 4.571080e-03
5.800003e-02 1.500000e+01 4.000000e+00 7.799499e-02 8.080910e+00 1.006207e+00 3.204960e+03 5.099828e-01 6.976843e-03 4.577637e-03
5.850003e-02 1.500000e+01 4.000000e+00 7.987884e-02 8.094023e+00 9.900521e-01 3.228611e+03 5.137267e-01 6.176710e-03 4.568934e-03
5.900003e-02 1.500000e+01 4.000000e+00 8.162796e-02 8.106282e+00 9.969839e-01 3.284153e+03 5.225442e-01 5.358934e-03 4.659295e-03
5.950003e-02 1.500000e+01 4.000000e+00 8.341818e-02 8.118703e+00 9.858431e-01 3.282726e+03 5.223440e-01 -3.030121e-03 4.589081e-03
6.000003e-02 1.500000e+01 4.000000e+00 8.524098e-02 8.129868e+00 1.009918e+00 3.362058e+03 5.350254e-01 -7.532120e-03 4.594207e-03
6.050003e-02 1.500000e+01 4.000000e+00 8.700133e-02 8.141295e+00 9.879025e-01 3.393022e+03 5.398971e-01 -5.969346e-03 4.579663e-03
6.100003e-02 1.500000e+01 4.000000e+00 8.883837e-02 8.152045e+00 9.800010e-01 3.359533e+03 5.348364e-01 -8.214355e-03 4.619718e-03
6.150004e-02 1.500000e+01 4.000000e+00 9.036601e-02 8.162288e+00 9.992066e-01 3.388252e+03 5.392119e-01 -5.031824e-03 4.590750e-03
6.200004e-02 1.500000e+01 4.000000e+00 9.205931e-02 8.172512e+00 9.862811e-01 3.452719e+03 5.493208e-01 3.765225e-03 4.567981e-03
6.250004e-02 1.500000e+01 4.000000e+00 9.330465e-02 8.181417e+00 9.887549e-01 3.425604e+03 5.451952e-01 2.684593e-04 4.561901e-03
6.300004e-02 1.500000e+01 4.000000e+00 9.484451e-02 8.190953e+00 1.014859e+00 3.473082e+03 5.525922e-01 -2.856493e-03 4.595518e-03
6.350004e-02 1.500000e+01 4.000000e+00 9.611566e-02 8.200065e+00 9.986597e-01 3.472360e+03 5.523870e-01 2.108574e-03 4.505515e-03
6.400004e-02 1.500000e+01 4.000000e+00 9.718620e-02 8.208668e+00 9.983273e-01 3.509297e+03 5.583677e-01 -2.874851e-03 4.543662e-03
6.450004e-02 1.500000e+01 4.000000e+00 9.832992e-02 8.217758e+00 9.956728e-01 3.483980e+03 5.544933e-01 1.037955e-03 4.491448e-03
6.500004e-02 1.500000e+01 4.000000e+00 9.890272e-02 8.226030e+00 9.914957e-01 3.509316e+03 5.587184e-01 5.922318e-04 4.435301e-03
6.550004e-02 1.500000e+01 4.000000e+00 1.001377e-01 8.233850e+00 9.897070e-01 3.497376e+03 5.566158e-01 1.010203e-02 4.471064e-03
6.600004e-02 1.500000e+01 4.000000e+00 1.009035e-01 8.242132e+00 9.978216e-01 3.530849e+03 5.617597e-01 5.061507e-03 4.396319e-03
6.650005e-02 1.500000e+01 4.000000e+00 1.021732e-01 8.249998e+00 9.978426e-01 3.493889e+03 5.561483e-01 4.883647e-03 4.324317e-03
6.700005e-02 1.500000e+01 4.000000e+00 1.029500e-01 8.257346e+00 9.902557e-01 3.558026e+03 5.661452e-01 -3.553271e-03 4.299998e-03
6.750005e-02 1.500000e+01 4.000000e+00 1.040988e-01 8.264223e+00 9.950173e-01 3.562517e+03 5.669696e-01 -3.332317e-03 4.263282e-03
6.800005e-02 1.500000e+01 4.000000e+00 1.054160e-01 8.271596e+00 1.007796e+00 3.620523e+03 5.761284e-01 7.226586e-03 4.196405e-03
6.850005e-02 1.500000e+01 4.000000e+00 1.067312e-01 8.277802e+00 9.900180e-01 3.640018e+03 5.792978e-01 3.590226e-03 4.088998e-03
6.900005e-02 1.500000e+01 4.000000e+00 1.084686e-01 8.284133e+00 9.818264e-01 3.642987e+03 5.798897e-01 -1.489937e-03 4.023671e-03
6.950005e-02 1.500000e+01 4.000000e+00 1.097908e-01 8.289647e+00 9.889604e-01 3.695002e+03 5.881745e-01 1.197207e-02 3.994703e-03
7.000005e-02 1.500000e+01 4.000000e+00 1.113880e-01 8.294955e+00 1.008868e+00 3.723867e+03 5.928086e-01 -7.719994e-04 3.946066e-03
7.050005e-02 1.500000e+01 4.000000e+00 1.127659e-01 8.300382e+00 1.002338e+00 3.756824e+03 5.978742e-01 -6.430447e-03 3.875375e-03
7.100005e-02 1.500000e+01 4.000000e+00 1.139501e-01 8.303914e+00 9.979467e-01 3.784803e+03 6.025382e-01 5.576611e-04 3.791332e-03
7.150006e-02 1.500000e+01 4.000000e+00 1.152885e-01 8.308426e+00 9.917526e-01 3.863874e+03 6.149772e-01 -2.210915e-03 3.741741e-03
7.200006e-02 1.500000e+01 4.000000e+00 1.160936e-01 8.311610e+00 9.959859e-01 3.861641e+03 6.145296e-01 2.809405e-03 3.704190e-03
7.250006e-02 1.500000e+01 4.000000e+00 1.167821e-01 8.315080e+00 9.994493e-01 3.943532e+03 6.281050e-01 -9.821236e-03 3.665805e-03
7.300006e-02 1.500000e+01 4.000000e+00 1.170812e-01 8.317183e+00 1.001357e+00 3.962446e+03 6.307434e-01 1.820803e-03 3.664255e-03
7.350006e-02 1.500000e+01 4.000000e+00 1.172705e-01 8.319764e+00 9.937457e-01 3.991503e+03 6.354361e-01 -2.438486e-03 3.612041e-03
7.400006e-02 1.500000e+01 4.000000e+00 1.169663e-01 8.322262e+00 9.979849e-01 4.030854e+03 6.417773e-01 7.840633e-03 3.525257e-03
7.450006e-02 1.500000e+01 4.000000e+00 1.163221e-01 8.324222e+00 9.754827e-01 4.044573e+03 6.438837e-01 6.233335e-03 3.545165e-03
7.500006e-02 1.500000e+01 4.000000e+00 1.158903e-01 8.326027e+00 9.934999e-01 4.070186e+03 6.479123e-01 -4.234254e-03 3.485680e-03
7.550006e-02 1.500000e+01 4.000000e+00 1.152073e-01 8.327674e+00 1.007754e+00 4.179371e+03 6.651731e-01 -7.501841e-03 3.453493e-03
7.600006e-02 1.500000e+01 4.000000e+00 1.141665e-01 8.329202e+00 9.975431e-01 4.168047e+03 6.631924e-01 1.334405e-02 3.479004e-03
7.650007e-02 1.500000e+01 4.000000e+00 1.131773e-01 8.330991e+00 9.914037e-01 4.196026e+03 6.680591e-01 -6.685853e-04 3.437757e-03
7.700007e-02 1.500000e+01 4.000000e+00 1.120631e-01 8.332053e+00 1.003042e+00 4.256133e+03 6.775138e-01 -1.257479e-03 3.493547e-03
7.750007e-02 1.500000e+01 4.000000e+00 1.112007e-01 8.333846e+00 9.955227e-01 4.259934e+03 6.784191e-01 1.025832e-02 3.444433e-03
7.800007e-02 1.500000e+01 4.000000e+00 1.101346e-01 8.334455e+00 1.001598e+00 4.314426e+03 6.867921e-01 2.513802e-02 3.458738e-03
7.850007e-02 1.500000e+01 4.000000e+00 1.093774e-01 8.335915e+00 9.957970e-01 4.388117e+03 6.985695e-01 -3.150105e-03 3.479242e-03
7.900007e-02 1.500000e+01 4.000000e+00 1.080990e-01 8.337106e+00 9.946038e-01 4.381434e+03 6.974803e-01 5.683184e-03 3.476501e-03
7.950007e-02 1.500000e+01 4.000000e+00 1.073530e-01 8.338067e+00 9.963138e-01 4.411841e+03 7.023172e-01 1.536250e-03 3.522754e-03
8.000007e-02 1.500000e+01 4.000000e+00 1.065728e-01 8.339170e+00 1.007095e+00 4.459732e+03 7.096694e-01 -8.577645e-03 3.564596e-03
8.050007e-02 1.500000e+01 4.000000e+00 1.057264e-01 8.340793e+00 1.008482e+00 4.522360e+03 7.200257e-01 1.430035e-03 3.563881e-03
8.100007e-02 1.500000e+01 4.000000e+00 1.052811e-01 8.342226e+00 9.999753e-01 4.557846e+03 7.254170e-01 -5.974770e-03 3.594518e-03
8.150008e-02 1.500000e+01 4.000000e+00 1.048315e-01 8.343479e+00 9.985783e-01 4.639950e+03 7.385945e-01 -1.251578e-03 3.621101e-03
8.200008e-02 1.500000e+01 4.000000e+00 1.046197e-01 8.344719e+00 9.928203e-01 4.618188e+03 7.351255e-01 -1.475990e-03 3.621697e-03
8.250008e-02 1.500000e+01 4.000000e+00 1.042357e-01 8.346689e+00 9.934685e-01 4.700144e+03 7.482794e-01 5.400181e-04 3.709435e-03
8.300008e-02 1.500000e+01 4.000000e+00 1.044683e-01 8.348799e+00 9.909494e-01 4.707152e+03 7.493897e-01 7.333994e-03 3.751874e-03
8.350008e-02 1.500000e+01 4.000000e+00 1.050869e-01 8.351249e+00 1.000378e+00 4.765707e+03 7.583049e-01 -2.642870e-04 3.778219e-03
8.400008e-02 1.500000e+01 4.000000e+00 1.053970e-01 8.353186e+00 9.810110e-01 4.753736e+03 7.568166e-01 8.312464e-04 3.798366e-03
8.450008e-02 1.500000e+01 4.000000e+00 1.063914e-01 8.356003e+00 1.002536e+00 4.838051e+03 7.700189e-01 -4.150689e-03 3.767252e-03
8.500008e-02 1.500000e+01 4.000000e+00 1.077953e-01 8.358499e+00 9.926158e-01 4.810240e+03 7.657255e-01 -6.820619e-03 3.813863e-03
8.550008e-02 1.500000e+01 4.000000e+00 1.091461e-01 8.360817e+00 9.968571e-01 4.849833e+03 7.723802e-01 1.196229e-02 3.811598e-03
8.600008e-02 1.500000e+01 4.000000e+00 1.108256e-01 8.363123e+00 1.003369e+00 4.864558e+03 7.744877e-01 9.106398e-03 3.784418e-03
8.650009e-02 1.500000e+01 4.000000e+00 1.125179e-01 8.364979e+00 9.997368e-01 4.831240e+03 7.688949e-01 5.767345e-04 3.751159e-03
8.700009e-02 1.500000e+01 4.000000e+00 1.141504e-01 8.366512e+00 9.929823e-01 4.859269e+03 7.735415e-01 -1.304126e-02 3.753304e-03
8.750009e-02 1.500000e+01 4.000000e+00 1.161179e-01 8.368326e+00 9.944579e-01 4.821759e+03 7.674625e-01 6.706715e-04 3.679395e-03
8.800009e-02 1.500000e+01 4.000000e+00 1.174814e-01 8.369667e+00 1.008177e+00 4.865629e+03 7.744902e-01 8.453488e-03 3.613830e-03
8.850009e-02 1.500000e+01 4.000000e+00 1.190467e-01 8.371140e+00 9.915068e-01 4.810926e+03 7.658511e-01 -7.268369e-03 3.567815e-03
8.900009e-02 1.500000e+01 4.000000e+00 1.202881e-01 8.371984e+00 9.989334e-01 4.840567e+03 7.709689e-01 -4.311204e-04 3.480792e-03
8.950009e-02 1.500000e+01 4.000000e+00 1.210618e-01 8.372645e+00 1.003961e+00 4.881249e+03 7.767880e-01 -1.510769e-02 3.453255e-03
9.000009e-02 1.500000e+01 4.000000e+00 1.218861e-01 8.372940e+00 1.008031e+00 4.879108e+03 7.770069e-01 -8.221686e-03 3.412366e-03
9.050009e-02 1.500000e+01 4.000000e+00 1.221521e-01 8.373823e+00 9.901815e-01 4.918235e+03 7.827936e-01 3.482342e-03 3.340960e-03
9.100010e-02 1.500000e+01 4.000000e+00 1.221324e-01 8.374331e+00 9.904701e-01 4.887101e+03 7.780936e-01 -4.342496e-03 3.314495e-03
9.150010e-02 1.500000e+01 4.000000e+00 1.218716e-01 8.375414e+00 1.000332e+00 4.990006e+03 7.941558e-01 -5.894601e-03 3.238559e-03
9.200010e-02 1.500000e+01 4.000000e+00 1.215165e-01 8.375627e+00 9.864632e-01 5.000496e+03 7.957747e-01 -1.267612e-03 3.235936e-03
9.250010e-02 1.500000e+01 4.000000e+00 1.203768e-01 8.376672e+00 1.006449e+00 5.123745e+03 8.154726e-01 4.127026e-04 3.143311e-03
9.300010e-02 1.500000e+01 4.000000e+00 1.190761e-01 8.378255e+00 1.009192e+00 5.104315e+03 8.120134e-01 -5.206585e-03 3.148079e-03
9.350010e-02 1.500000e+01 4.000000e+00 1.173366e-01 8.379702e+00 1.011378e+00 5.185228e+03 8.255590e-01 -7.117331e-03 3.101826e-03
9.400010e-02 1.500000e+01 4.000000e+00 1.155274e-01 8.380871e+00 9.971187e-01 5.230716e+03 8.323953e-01 1.580358e-03 3.070354e-03
9.450010e-02 1.500000e+01 4.000000e+00 1.134156e-01 8.381978e+00 9.993852e-01 5.320313e+03 8.470014e-01 1.079082e-03 3.042221e-03
9.500010e-02 1.500000e+01 4.000000e+00 1.111433e-01 8.383686e+00 9.997163e-01 5.301366e+03 8.440235e-01 -2.929628e-03 3.024459e-03
9.550010e-02 1.500000e+01 4.000000e+00 1.084390e-01 8.384453e+00 9.941566e-01 5.447261e+03 8.668548e-01 1.319766e-03 2.969623e-03
9.600011e-02 1.500000e+01 4.000000e+00 1.055620e-01 8.385881e+00 1.005632e+00 5.545353e+03 8.826385e-01 5.369067e-03 2.937436e-03
9.650011e-02 1.500000e+01 4.000000e+00 1.028534e-01 8.386707e+00 1.002198e+00 5.605742e+03 8.924140e-01 -8.613288e-03 2.922058e-03
9.700011e-02 1.500000e+01 4.000000e+00 9.960447e-02 8.387383e+00 1.001742e+00 5.713918e+03 9.092820e-01 2.368689e-03 2.886772e-03
9.750011e-02 1.500000e+01 4.000000e+00 9.694795e-02 8.388184e+00 1.002676e+00 5.767534e+03 9.179696e-01 -1.003206e-03 2.866149e-03
9.800011e-02 1.500000e+01 4.000000e+00 9.411807e-02 8.388854e+00 9.998184e-01 5.880182e+03 9.359168e-01 -5.198121e-03 2.803206e-03
9.850011e-02 1.500000e+01 4.000000e+00 9.138648e-02 8.388721e+00 9.810548e-01 5.961228e+03 9.489352e-01 -2.819955e-03 2.784371e-03
9.900011e-02 1.500000e+01 4.000000e+00 8.895447e-02 8.388644e+00 1.008910e+00 6.072197e+03 9.666238e-01 -5.707741e-04 2.777219e-03
9.950011e-02 1.500000e+01 4.000000e+00 8.647867e-02 8.389069e+00 1.002895e+00 6.156934e+03 9.801942e-01 2.736092e-03 2.750397e-03
1.000001e-01 1.500000e+01 4.000000e+00 8.382567e-02 8.389183e+00 1.000626e+00 6.189380e+03 9.853941e-01 6.974936e-04 2.686262e-03
1.005001e-01 1.500000e+01 4.000000e+00 8.212453e-02 8.388750e+00 9.921937e-01 6.257007e+03 9.960438e-01 -7.919133e-03 2.685666e-03
1.010001e-01 1.500000e+01 4.000000e+00 8.013771e-02 8.389824e+00 9.994869e-01 6.379730e+03 1.015585e+00 -3.901839e-03 2.692223e-03
1.015001e-01 1.500000e+01 4.000000e+00 7.849324e-02 8.390528e+00 9.952631e-01 6.408639e+03 1.020147e+00 -5.738378e-03 2.648711e-03
1.020001e-01 1.500000e+01 4.000000e+00 7.710676e-02 8.390658e+00 9.988579e-01 6.435244e+03 1.024315e+00 -5.901039e-03 2.656102e-03
1.025001e-01 1.500000e+01 4.000000e+00 7.604726e-02 8.391712e+00 9.879355e-01 6.483318e+03 1.032061e+00 1.058185e-02 2.648234e-03
1.030001e-01 1.500000e+01 4.000000e+00 7.511979e-02 8.393263e+00 9.990654e-01 6.564097e+03 1.044834e+00 -9.408593e-04 2.633929e-03
1.035001e-01 1.500000e+01 4.000000e+00 7.457126e-02 8.395075e+00 9.802080e-01 6.498068e+03 1.034334e+00 -5.900264e-04 2.632022e-03
1.040001e-01 1.500000e+01 4.000000e+00 7.387978e-02 8.397457e+00 1.001984e+00 6.661301e+03 1.060330e+00 2.144217e-03 2.618432e-03
1.045001e-01 1.500000e+01 4.000000e+00 7.393973e-02 8.399734e+00 1.006752e+00 6.639149e+03 1.056761e+00 -1.156700e-02 2.629638e-03
1.050001e-01 1.500000e+01 4.000000e+00 7.370873e-02 8.402874e+00 9.993929e-01 6.678572e+03 1.063074e+00 9.504795e-03 2.611756e-03
1.055001e-01 1.500000e+01 4.000000e+00 7.360528e-02 8.405797e+00 9.891067e-01 6.526905e+03 1.038916e+00 -9.963572e-03 2.609253e-03
1.060001e-01 1.500000e+01 4.000000e+00 7.342307e-02 8.408998e+00 9.882794e-01 6.610818e+03 1.052115e+00 2.390981e-03 2.581358e-03
1.065001e-01 1.500000e+01 4.000000e+00 7.323115e-02 8.412937e+00 1.004573e+00 6.667169e+03 1.061270e+00 -3.237963e-03 2.653718e-03
1.070001e-01 1.500000e+01 4.000000e+00 7.321583e-02 8.416882e+00 9.956111e-01 6.664665e+03 1.060882e+00 -5.528331e-04 2.649307e-03
1.075001e-01 1.500000e+01 4.000000e+00 7.281850e-02 8.421154e+00 9.909414e-01 6.597717e+03 1.050199e+00 7.706761e-03 2.624750e-03
1.080001e-01 1.500000e+01 4.000000e+00 7.256636e-02 8.425606e+00 9.949256e-01 6.638060e+03 1.056510e+00 2.650499e-03 2.668262e-03
1.085001e-01 1.500000e+01 4.000000e+00 7.183927e-02 8.430027e+00 1.012030e+00 6.576977e+03 1.046871e+00 7.025599e-03 2.675653e-03
1.090001e-01 1.500000e+01 4.000000e+00 7.081816e-02 8.434430e+00 9.850174e-01 6.585716e+03 1.048249e+00 -1.151502e-03 2.666354e-03
1.095001e-01 1.500000e+01 4.000000e+00 6.967839e-02 8.439169e+00 9.994394e-01 6.597131e+03 1.050063e+00 -7.522285e-03 2.686024e-03
1.100001e-01 1.500000e+01 4.000000e+00 6.797551e-02 8.443868e+00 1.005530e+00 6.609835e+03 1.052101e+00 1.015306e-03 2.706409e-03
1.105001e-01 1.500000e+01 4.000000e+00 6.624432e-02 8.448385e+00 9.945833e-01 6.558541e+03 1.043881e+00 -4.191220e-03 2.695918e-03
1.110001e-01 1.500000e+01 4.000000e+00 6.437213e-02 8.452490e+00 1.001213e+00 6.578630e+03 1.047074e+00 -1.523137e-03 2.707005e-03
1.115001e-01 1.500000e+01 4.000000e+00 6.176621e-02 8.457087e+00 9.884946e-01 6.581443e+03 1.047530e+00 3.688097e-03 2.733588e-03
1.120001e-01 1.500000e+01 4.000000e+00 5.859521e-02 8.461149e+00 1.012675e+00 6.653626e+03 1.058999e+00 -7.527888e-03 2.739072e-03
1.125001e-01 1.500000e+01 4.000000e+00 5.598703e-02 8.464746e+00 9.852667e-01 6.533549e+03 1.039897e+00 -5.072355e-05 2.733231e-03
1.130001e-01 1.500000e+01 4.000000e+00 5.262842e-02 8.467546e+00 1.002968e+00 6.616716e+03 1.053139e+00 4.070163e-03 2.753496e-03
1.135001e-01 1.500000e+01 4.000000e+00 4.930679e-02 8.469887e+00 1.000754e+00 6.654417e+03 1.059151e+00 -3.467083e-03 2.755284e-03
1.140001e-01 1.500000e+01 4.000000e+00 4.655523e-02 8.472054e+00 9.900464e-01 6.684886e+03 1.063978e+00 -7.022977e-03 2.715349e-03
1.145001e-01 1.500000e+01 4.000000e+00 4.274182e-02 8.473917e+00 9.923072e-01 6.676476e+03 1.062660e+00 -4.798114e-03 2.733588e-03
1.150001e-01 1.500000e+01 4.000000e+00 4.005936e-02 8.475166e+00 1.002090e+00 6.741645e+03 1.072989e+00 -6.206155e-03 2.714157e-03
1.155001e-01 1.500000e+01 4.000000e+00 3.702414e-02 8.475849e+00 1.001824e+00 6.742442e+03 1.073079e+00 5.004287e-03 2.727866e-03
1.160001e-01 1.500000e+01 4.000000e+00 3.429205e-02 8.475409e+00 9.997581e-01 6.770438e+03 1.077554e+00 8.572221e-03 2.711415e-03
1.165001e-01 1.500000e+01 4.000000e+00 3.173728e-02 8.475487e+00 1.005898e+00 6.788614e+03 1.080450e+00 2.614021e-03 2.688289e-03
1.170001e-01 1.500000e+01 4.000000e+00 2.958840e-02 8.474703e+00 9.946389e-01 6.838738e+03 1.088404e+00 3.389001e-03 2.686977e-03
1.175001e-01 1.500000e+01 4.000000e+00 2.799579e-02 8.473172e+00 9.923348e-01 6.859584e+03 1.091747e+00 4.200339e-03 2.665877e-03
1.180001e-01 1.500000e+01 4.000000e+00 2.639995e-02 8.472526e+00 9.918861e-01 6.866059e+03 1.092772e+00 -3.520906e-03 2.679348e-03
1.185002e-01 1.500000e+01 4.000000e+00 2.523130e-02 8.470400e+00 1.004103e+00 6.989630e+03 1.112424e+00 -1.040578e-03 2.652049e-03
1.190002e-01 1.500000e+01 4.000000e+00 2.450634e-02 8.467758e+00 9.943922e-01 6.978559e+03 1.110670e+00 7.309198e-03 2.631903e-03
1.195002e-01 1.500000e+01 4.000000e+00 2.387244e-02 8.465837e+00 1.001312e+00 7.016571e+03 1.116735e+00 -2.123713e-03 2.625108e-03
1.200002e-01 1.500000e+01 4.000000e+00 2.403665e-02 8.463635e+00 1.002264e+00 7.037680e+03 1.120086e+00 9.113550e-03 2.640009e-03
1.205002e-01 1.500000e+01 4.000000e+00 2.417335e-02 8.461273e+00 9.960947e-01 7.148009e+03 1.137630e+00 -8.580089e-04 2.604604e-03
1.210002e-01 1.500000e+01 4.000000e+00 2.448001e-02 8.459271e+00 9.876983e-01 7.087833e+03 1.128061e+00 7.716775e-03 2.631783e-03
1.215002e-01 1.500000e+01 4.000000e+00 2.479217e-02 8.456957e+00 9.947091e-01 7.235481e+03 1.151542e+00 -1.814961e-03 2.581716e-03
1.220002e-01 1.500000e+01 4.000000e+00 2.559672e-02 8.455096e+00 1.014116e+00 7.235858e+03 1.151627e+00 1.089573e-03 2.565384e-03
1.225002e-01 1.500000e+01 4.000000e+00 2.625430e-02 8.453554e+00 9.982684e-01 7.314868e+03 1.164196e+00 3.775954e-03 2.577066e-03
1.230002e-01 1.500000e+01 4.000000e+00 2.733397e-02 8.451560e+00 1.009196e+00 7.377732e+03 1.174204e+00 9.220123e-03 2.542138e-03
1.235002e-01 1.500000e+01 4.000000e+00 2.815607e-02 8.450500e+00 9.866946e-01 7.370056e+03 1.172994e+00 1.032615e-02 2.549171e-03
1.240002e-01 1.500000e+01 4.000000e+00 2.921106e-02 8.449531e+00 9.914817e-01 7.369177e+03 1.172860e+00 -4.176617e-03 2.547741e-03
1.245002e-01 1.500000e+01 4.000000e+00 2.996906e-02 8.448304e+00 9.986141e-01 7.451032e+03 1.185892e+00 -1.002371e-03 2.565265e-03
1.250002e-01 1.500000e+01 4.000000e+00 3.077213e-02 8.448924e+00 1.010826e+00 7.524800e+03 1.197634e+00 2.051711e-03 2.516627e-03
1.255002e-01 1.500000e+01 4.000000e+00 3.133214e-02 8.448422e+00 1.011598e+00 7.603220e+03 1.210060e+00 -3.577769e-03 2.538919e-03
1.260002e-01 1.500000e+01 4.000000e+00 3.207904e-02 8.448531e+00 9.893938e-01 7.606492e+03 1.210615e+00 3.559589e-04 2.491832e-03
1.265001e-01 1.500000e+01 4.000000e+00 3.262055e-02 8.449238e+00 1.010500e+00 7.778892e+03 1.238087e+00 -2.336204e-03 2.526760e-03
1.270001e-01 1.500000e+01 4.000000e+00 3.314570e-02 8.449700e+00 1.002731e+00 7.725577e+03 1.229539e+00 6.068707e-03 2.497196e-03
1.275001e-01 1.500000e+01 4.000000e+00 3.377902e-02 8.451009e+00 1.001195e+00 7.752009e+03 1.233777e+00 -5.495071e-03 2.478600e-03
1.280001e-01 1.500000e+01 4.000000e+00 3.386909e-02 8.451415e+00 1.011427e+00 7.815986e+03 1.243972e+00 -8.044720e-03 2.490878e-03
1.285001e-01 1.500000e+01 4.000000e+00 3.438533e-02 8.452750e+00 1.013267e+00 7.880479e+03 1.254221e+00 7.400274e-03 2.454877e-03
1.290001e-01 1.500000e+01 4.000000e+00 3.484516e-02 8.454346e+00 9.992872e-01 7.907734e+03 1.258573e+00 -5.547106e-03 2.444029e-03
1.295001e-01 1.500000e+01 4.000000e+00 3.513100e-02 8.456183e+00 1.000184e+00 7.936759e+03 1.263169e+00 1.071095e-02 2.474189e-03
1.300001e-01 1.500000e+01 4.000000e+00 3.519549e-02 8.458164e+00 1.000571e+00 7.958322e+03 1.266602e+00 3.192186e-03 2.409935e-03
1.305001e-01 1.500000e+01 4.000000e+00 3.544698e-02 8.460229e+00 9.955235e-01 7.939271e+03 1.263610e+00 -4.269481e-03 2.439618e-03
1.310001e-01 1.500000e+01 4.000000e+00 3.597917e-02 8.462841e+00 1.013211e+00 8.058014e+03 1.282486e+00 7.877827e-03 2.422929e-03
1.315001e-01 1.500000e+01 4.000000e+00 3.626811e-02 8.464931e+00 9.935876e-01 8.021372e+03 1.276644e+00 6.145597e-03 2.411008e-03
1.320001e-01 1.500000e+01 4.000000e+00 3.646136e-02 8.466942e+00 9.889746e-01 8.138875e+03 1.295330e+00 -7.101893e-04 2.396226e-03
1.325001e-01 1.500000e+01 4.000000e+00 3.695938e-02 8.470030e+00 9.852825e-01 8.101828e+03 1.289454e+00 2.798438e-03 2.379775e-03
1.330001e-01 1.500000e+01 4.000000e+00 3.734272e-02 8.472845e+00 9.993403e-01 8.190206e+03 1.303517e+00 1.004934e-02 2.370834e-03
1.335001e-01 1.500000e+01 4.000000e+00 3.764441e-02 8.475779e+00 9.984887e-01 8.196846e+03 1.304593e+00 1.605749e-04 2.356887e-03
1.340000e-01 1.500000e+01 4.000000e+00 3.802293e-02 8.479050e+00 9.919192e-01 8.181043e+03 1.302077e+00 4.131317e-03 2.378464e-03
1.345000e-01 1.500000e+01 4.000000e+00 3.883630e-02 8.481930e+00 9.954233e-01 8.188921e+03 1.303323e+00 1.779437e-03 2.316117e-03
1.350000e-01 1.500000e+01 4.000000e+00 3.924900e-02 8.485785e+00 9.903871e-01 8.196708e+03 1.304575e+00 -2.374530e-03 2.340913e-03
1.355000e-01 1.500000e+01 4.000000e+00 3.931188e-02 8.489169e+00 9.875057e-01 8.182508e+03 1.302322e+00 5.370259e-03 2.325535e-03
1.360000e-01 1.500000e+01 4.000000e+00 3.993769e-02 8.493100e+00 1.005157e+00 8.317114e+03 1.323719e+00 -2.626777e-03 2.334356e-03
1.365000e-01 1.500000e+01 4.000000e+00 4.074851e-02 8.497604e+00 9.867373e-01 8.149217e+03 1.297007e+00 -1.782119e-03 2.297997e-03
1.370000e-01 1.500000e+01 4.000000e+00 4.096042e-02 8.502318e+00 1.011146e+00 8.229382e+03 1.309711e+00 4.616976e-03 2.292037e-03
1.375000e-01 1.500000e+01 4.000000e+00 4.174925e-02 8.507175e+00 1.003154e+00 8.267939e+03 1.315919e+00 8.689284e-03 2.279282e-03
1.380000e-01 1.500000e+01 4.000000e+00 4.284084e-02 8.512184e+00 9.989751e-01 8.256188e+03 1.313996e+00 3.609180e-03 2.267957e-03
1.385000e-01 1.500000e+01 4.000000e+00 4.341514e-02 8.517537e+00 1.025944e+00 8.261022e+03 1.314749e+00 1.188755e-03 2.287745e-03
1.390000e-01 1.500000e+01 4.000000e+00 4.424335e-02 8.524331e+00 9.947928e-01 8.284461e+03 1.318464e+00 -4.407763e-04 2.265930e-03
1.395000e-01 1.500000e+01 4.000000e+00 4.508761e-02 8.531001e+00 9.993177e-01 8.325447e+03 1.324960e+00 -1.542747e-03 2.275348e-03
1.400000e-01 1.500000e+01 4.000000e+00 4.591003e-02 8.537338e+00 1.008240e+00 8.358412e+03 1.330230e+00 4.315138e-03 2.251029e-03
1.405000e-01 1.500000e+01 4.000000e+00 4.718082e-02 8.544802e+00 1.012575e+00 8.360068e+03 1.330456e+00 4.966021e-03 2.227306e-03
1.410000e-01 1.500000e+01 4.000000e+00 4.786780e-02 8.552967e+00 1.005318e+00 8.367843e+03 1.331749e+00 3.527880e-03 2.250552e-03
1.415000e-01 1.500000e+01 4.000000e+00 4.919124e-02 8.560240e+00 1.012825e+00 8.441149e+03 1.343410e+00 2.870202e-03 2.221107e-03
1.419999e-01 1.500000e+01 4.000000e+00 5.029248e-02 8.568976e+00 1.000563e+00 8.393301e+03 1.335697e+00 -5.747437e-03 2.214193e-03
1.424999e-01 1.500000e+01 4.000000e+00 5.147433e-02 8.577812e+00 9.996216e-01 8.467385e+03 1.347543e+00 4.714131e-03 2.197623e-03
1.429999e-01 1.500000e+01 4.000000e+00 5.333296e-02 8.586826e+00 9.973186e-01 8.334797e+03 1.326411e+00 1.071453e-03 2.195120e-03
1.434999e-01 1.500000e+01 4.000000e+00 5.449035e-02 8.596376e+00 9.971032e-01 8.448067e+03 1.344443e+00 5.158186e-04 2.189279e-03
1.439999e-01 1.500000e+01 4.000000e+00 5.584508e-02 8.605494e+00 1.009049e+00 8.459542e+03 1.346272e+00 -2.536714e-03 2.172828e-03
1.444999e-01 1.500000e+01 4.000000e+00 5.762734e-02 8.615469e+00 1.016869e+00 8.520749e+03 1.355958e+00 -1.649976e-03 2.140284e-03
1.449999e-01 1.500000e+01 4.000000e+00 5.925491e-02 8.625140e+00 1.004053e+00 8.496501e+03 1.352063e+00 -2.527833e-03 2.150297e-03
1.454999e-01 1.500000e+01 4.000000e+00 6.137355e-02 8.635102e+00 9.946085e-01 8.541915e+03 1.359258e+00 -8.191764e-03 2.140760e-03
1.459999e-01 1.500000e+01 4.000000e+00 6.313997e-02 8.644704e+00 9.851163e-01 8.522720e+03 1.356231e+00 7.547140e-03 2.143621e-03
1.464999e-01 1.500000e+01 4.000000e+00 6.587523e-02 8.654182e+00 1.000772e+00 8.617401e+03 1.371284e+00 1.561046e-03 2.133369e-03
1.469999e-01 1.500000e+01 4.000000e+00 6.796049e-02 8.664088e+00 9.918781e-01 8.529169e+03 1.357168e+00 -6.935716e-03 2.126336e-03
1.474999e-01 1.500000e+01 4.000000e+00 7.088314e-02 8.673583e+00 9.925328e-01 8.649327e+03 1.376345e+00 -1.129860e-02 2.114534e-03
1.479999e-01 1.500000e+01 4.000000e+00 7.330351e-02 8.683145e+00 1.006640e+00 8.779470e+03 1.396946e+00 1.358306e-02 2.131224e-03
1.484999e-01 1.500000e+01 4.000000e+00 7.598892e-02 8.692481e+00 9.961386e-01 8.780149e+03 1.396907e+00 -5.348980e-03 2.103567e-03
1.489999e-01 1.500000e+01 4.000000e+00 7.898512e-02 8.701800e+00 1.005430e+00 8.892418e+03 1.414880e+00 -1.212955e-04 2.138019e-03
1.494998e-01 1.500000e+01 4.000000e+00 8.226942e-02 8.710726e+00 9.940962e-01 8.878990e+03 1.412646e+00 -2.916694e-03 2.103448e-03

