#./munderdamped_3d_gle --dev=2 --amp=15.0 --omega=4.0 --force=0.1 --mass=1.0 --Dg=0.001 --tau=0.025 --block=1024 --paths=4096 --periods=2000 --trans=1000 --samples=200 --spp=200 --algorithm=predcorr --pav=1 --mode=moments --domain=3d --domainx=f:0.0:1.0:100:0 --domainy=a:15.0:15.0:1:0 --domainz=w:4.0:4.0:1:0 --q=2 --eps=0 --phi=0 --lambda=0 --Dp=0 --comp=0 --mean=0 >> temp/f_0.0_1.0-D0.001-m1.0-a15.0-w4.0-t0.025.dat
#f a w <<v>> <<v^2>> qnu(q) mu_q Dx Gx EBx
0.000000e+00 1.500000e+01 4.000000e+00 -1.481498e-04 7.341540e+00 1.004001e+00 1.802837e+03 2.869305e-01 -8.244157e-03 5.599976e-03
1.000000e-02 1.500000e+01 4.000000e+00 5.268424e-03 7.340815e+00 9.620006e-01 1.844847e+03 2.936161e-01 -1.682848e-02 5.681396e-03
2.000000e-02 1.500000e+01 4.000000e+00 9.939048e-03 7.339019e+00 9.758192e-01 1.820824e+03 2.897938e-01 -2.798766e-02 6.087065e-03
3.000000e-02 1.500000e+01 4.000000e+00 1.425213e-02 7.335590e+00 1.031172e+00 1.827958e+03 2.909293e-01 1.329339e-02 6.474853e-03
4.000000e-02 1.500000e+01 4.000000e+00 1.907979e-02 7.334780e+00 1.045313e+00 1.822078e+03 2.899918e-01 4.067743e-02 6.747723e-03
5.000000e-02 1.500000e+01 4.000000e+00 2.155739e-02 7.332902e+00 1.002455e+00 1.781048e+03 2.834633e-01 -7.348716e-03 7.055640e-03
5.999999e-02 1.500000e+01 4.000000e+00 2.548203e-02 7.329444e+00 9.835072e-01 1.746490e+03 2.779618e-01 3.528130e-02 7.235050e-03
6.999999e-02 1.500000e+01 4.000000e+00 2.961890e-02 7.330555e+00 1.013168e+00 1.875451e+03 2.984948e-01 1.662314e-02 7.452130e-03
7.999999e-02 1.500000e+01 4.000000e+00 3.400852e-02 7.330534e+00 1.003368e+00 1.879099e+03 2.990699e-01 1.434207e-03 7.181883e-03
8.999999e-02 1.500000e+01 4.000000e+00 3.915391e-02 7.332950e+00 9.799123e-01 1.995328e+03 3.175640e-01 -2.579528e-02 7.120490e-03
9.999999e-02 1.500000e+01 4.000000e+00 4.494389e-02 7.336058e+00 1.000178e+00 1.993859e+03 3.173239e-01 2.154088e-02 6.960630e-03
1.100000e-01 1.500000e+01 4.000000e+00 5.079601e-02 7.342953e+00 1.037135e+00 2.093250e+03 3.331511e-01 7.277834e-02 6.954074e-03
1.200000e-01 1.500000e+01 4.000000e+00 5.676873e-02 7.351315e+00 9.213814e-01 2.098712e+03 3.340243e-01 1.829219e-02 6.666303e-03
1.300000e-01 1.500000e+01 4.000000e+00 6.493145e-02 7.361013e+00 9.829555e-01 2.247659e+03 3.577467e-01 1.036596e-02 6.638765e-03
1.400000e-01 1.500000e+01 4.000000e+00 7.411609e-02 7.374077e+00 9.367983e-01 2.254528e+03 3.588372e-01 7.694602e-03 6.415129e-03
1.500000e-01 1.500000e+01 4.000000e+00 8.309530e-02 7.387403e+00 9.698062e-01 2.449345e+03 3.898227e-01 7.246184e-02 6.364107e-03
1.600000e-01 1.500000e+01 4.000000e+00 9.515088e-02 7.400148e+00 9.648497e-01 2.591239e+03 4.124388e-01 4.115820e-03 6.234050e-03
1.700000e-01 1.500000e+01 4.000000e+00 1.079186e-01 7.413419e+00 1.040791e+00 2.656604e+03 4.226782e-01 -1.972681e-02 6.248832e-03
1.800000e-01 1.500000e+01 4.000000e+00 1.220003e-01 7.430911e+00 9.875507e-01 2.769992e+03 4.409412e-01 5.310214e-02 5.982518e-03
1.900000e-01 1.500000e+01 4.000000e+00 1.358767e-01 7.447731e+00 1.011491e+00 2.879162e+03 4.582046e-01 3.963482e-02 6.295443e-03
2.000000e-01 1.500000e+01 4.000000e+00 1.515415e-01 7.464800e+00 1.010254e+00 3.069261e+03 4.884440e-01 -6.196082e-03 6.168008e-03
2.100000e-01 1.500000e+01 4.000000e+00 1.666903e-01 7.485357e+00 9.637782e-01 3.164193e+03 5.036508e-01 -2.805728e-02 6.647229e-03
2.200000e-01 1.500000e+01 4.000000e+00 1.836527e-01 7.507426e+00 9.623666e-01 3.323059e+03 5.288022e-01 9.776354e-04 7.179618e-03
2.300000e-01 1.500000e+01 4.000000e+00 2.005562e-01 7.530418e+00 9.435982e-01 3.647577e+03 5.806320e-01 1.411784e-02 7.863879e-03
2.400000e-01 1.500000e+01 4.000000e+00 2.176386e-01 7.559998e+00 9.485353e-01 3.855256e+03 6.132439e-01 1.935315e-02 8.656025e-03
2.500000e-01 1.500000e+01 4.000000e+00 2.367243e-01 7.590823e+00 1.070183e+00 4.476461e+03 7.124471e-01 -6.667495e-03 9.778380e-03
2.600000e-01 1.500000e+01 4.000000e+00 2.557661e-01 7.622123e+00 9.856850e-01 4.728440e+03 7.524149e-01 -2.630454e-02 1.008749e-02
2.700000e-01 1.500000e+01 4.000000e+00 2.750312e-01 7.657727e+00 1.012274e+00 5.524526e+03 8.793708e-01 -4.416347e-03 1.097178e-02
2.800000e-01 1.500000e+01 4.000000e+00 2.939980e-01 7.691933e+00 1.001362e+00 6.118730e+03 9.735308e-01 1.875639e-03 1.162267e-02
2.900000e-01 1.500000e+01 4.000000e+00 3.134814e-01 7.727464e+00 1.034183e+00 6.620926e+03 1.053626e+00 -4.607320e-02 1.195145e-02
3.000000e-01 1.500000e+01 4.000000e+00 3.331613e-01 7.763936e+00 9.983998e-01 7.297597e+03 1.161811e+00 -1.877540e-02 1.254678e-02
3.100000e-01 1.500000e+01 4.000000e+00 3.544216e-01 7.807308e+00 1.055200e+00 7.805282e+03 1.242324e+00 2.115726e-02 1.230240e-02
3.200000e-01 1.500000e+01 4.000000e+00 3.739898e-01 7.843922e+00 9.974728e-01 8.290235e+03 1.319733e+00 -1.821387e-02 1.221228e-02
3.300000e-01 1.500000e+01 4.000000e+00 3.958470e-01 7.883224e+00 9.802449e-01 8.695967e+03 1.383832e+00 2.422690e-03 1.183569e-02
3.399999e-01 1.500000e+01 4.000000e+00 4.162188e-01 7.924218e+00 1.004849e+00 9.467260e+03 1.506063e+00 -4.373080e-02 1.168025e-02
3.499999e-01 1.500000e+01 4.000000e+00 4.385656e-01 7.964324e+00 9.801716e-01 8.930285e+03 1.421134e+00 -2.148259e-02 1.130950e-02
3.599999e-01 1.500000e+01 4.000000e+00 4.578457e-01 7.998806e+00 9.921759e-01 9.198082e+03 1.464265e+00 -2.091712e-02 1.082695e-02
3.699999e-01 1.500000e+01 4.000000e+00 4.779502e-01 8.033750e+00 9.561204e-01 9.253374e+03 1.472979e+00 -2.881128e-02 1.048553e-02
3.799999e-01 1.500000e+01 4.000000e+00 4.982473e-01 8.066106e+00 9.348826e-01 9.104658e+03 1.448031e+00 -3.190655e-02 9.783745e-03
3.899999e-01 1.500000e+01 4.000000e+00 5.182593e-01 8.103937e+00 1.000902e+00 9.295834e+03 1.477594e+00 -2.007455e-02 9.877443e-03
3.999999e-01 1.500000e+01 4.000000e+00 5.382569e-01 8.137878e+00 1.054274e+00 9.380066e+03 1.491600e+00 5.514121e-02 9.105444e-03
4.099999e-01 1.500000e+01 4.000000e+00 5.590026e-01 8.172799e+00 1.025921e+00 8.800267e+03 1.399807e+00 -1.748472e-02 8.335114e-03
4.199999e-01 1.500000e+01 4.000000e+00 5.773569e-01 8.207177e+00 9.475406e-01 8.135364e+03 1.294129e+00 -1.201397e-02 7.679939e-03
4.299999e-01 1.500000e+01 4.000000e+00 5.980220e-01 8.242426e+00 9.594063e-01 8.269910e+03 1.314580e+00 -1.275635e-02 7.599115e-03
4.399998e-01 1.500000e+01 4.000000e+00 6.184342e-01 8.272546e+00 1.040710e+00 8.533186e+03 1.359143e+00 -4.659295e-04 7.249236e-03
4.499998e-01 1.500000e+01 4.000000e+00 6.363497e-01 8.297116e+00 9.138576e-01 7.893855e+03 1.255931e+00 3.266752e-02 6.732345e-03
4.599998e-01 1.500000e+01 4.000000e+00 6.533554e-01 8.319352e+00 1.029097e+00 7.852567e+03 1.249923e+00 1.873434e-02 6.557941e-03
4.699998e-01 1.500000e+01 4.000000e+00 6.691128e-01 8.335424e+00 1.022345e+00 8.028713e+03 1.279765e+00 3.827810e-03 6.263018e-03
4.799998e-01 1.500000e+01 4.000000e+00 6.847981e-01 8.346560e+00 9.965181e-01 8.038333e+03 1.276741e+00 -2.840942e-02 5.927324e-03
4.899998e-01 1.500000e+01 4.000000e+00 6.987288e-01 8.359374e+00 9.692026e-01 7.208607e+03 1.148621e+00 2.194595e-02 5.927205e-03
4.999998e-01 1.500000e+01 4.000000e+00 7.108554e-01 8.364728e+00 9.720826e-01 7.602197e+03 1.209339e+00 -9.439528e-03 5.763650e-03
5.099998e-01 1.500000e+01 4.000000e+00 7.210774e-01 8.368117e+00 9.786237e-01 7.572581e+03 1.208225e+00 -1.012594e-02 5.732536e-03
5.199998e-01 1.500000e+01 4.000000e+00 7.318344e-01 8.370956e+00 1.032218e+00 7.250027e+03 1.156340e+00 4.204321e-02 5.503893e-03
5.299998e-01 1.500000e+01 4.000000e+00 7.422768e-01 8.377791e+00 1.070051e+00 7.409662e+03 1.179418e+00 1.024568e-02 5.466342e-03
5.399998e-01 1.500000e+01 4.000000e+00 7.503253e-01 8.382088e+00 1.000106e+00 7.083661e+03 1.128568e+00 2.444470e-02 5.249739e-03
5.499998e-01 1.500000e+01 4.000000e+00 7.580446e-01 8.389057e+00 9.496169e-01 6.832471e+03 1.085516e+00 1.058626e-02 5.160689e-03
5.599998e-01 1.500000e+01 4.000000e+00 7.673622e-01 8.405236e+00 1.035966e+00 6.803815e+03 1.084084e+00 -1.564187e-02 5.270481e-03
5.699998e-01 1.500000e+01 4.000000e+00 7.734650e-01 8.425217e+00 9.782457e-01 6.349796e+03 1.012782e+00 -4.303837e-02 5.233645e-03
5.799997e-01 1.500000e+01 4.000000e+00 7.785713e-01 8.460649e+00 9.517944e-01 6.314131e+03 1.008326e+00 2.658439e-02 5.420804e-03
5.899997e-01 1.500000e+01 4.000000e+00 7.835277e-01 8.518774e+00 1.032520e+00 6.051806e+03 9.650360e-01 -2.536023e-02 5.561113e-03
5.999997e-01 1.500000e+01 4.000000e+00 7.862437e-01 8.591106e+00 9.721832e-01 5.556489e+03 8.842648e-01 -5.498135e-02 5.581856e-03
6.099997e-01 1.500000e+01 4.000000e+00 7.867241e-01 8.673697e+00 9.652498e-01 5.478414e+03 8.702592e-01 3.491998e-03 5.780935e-03
6.199997e-01 1.500000e+01 4.000000e+00 7.866955e-01 8.743174e+00 9.860411e-01 5.370025e+03 8.533092e-01 -5.071342e-03 5.953908e-03
6.299997e-01 1.500000e+01 4.000000e+00 7.887005e-01 8.794468e+00 9.912809e-01 5.267491e+03 8.391444e-01 -3.544688e-02 6.168723e-03
6.399997e-01 1.500000e+01 4.000000e+00 7.961473e-01 8.814765e+00 1.037695e+00 5.120394e+03 8.173402e-01 -1.668769e-02 6.070137e-03
6.499997e-01 1.500000e+01 4.000000e+00 8.071684e-01 8.795337e+00 9.921592e-01 5.218377e+03 8.311867e-01 1.041901e-02 5.777836e-03
6.599997e-01 1.500000e+01 4.000000e+00 8.231107e-01 8.752127e+00 9.834832e-01 5.135558e+03 8.191705e-01 8.994579e-03 5.182028e-03
6.699997e-01 1.500000e+01 4.000000e+00 8.393188e-01 8.700364e+00 1.019572e+00 5.455113e+03 8.689860e-01 -4.018641e-02 4.953384e-03
6.799996e-01 1.500000e+01 4.000000e+00 8.562855e-01 8.656336e+00 1.026517e+00 5.581498e+03 8.879254e-01 -1.856363e-02 4.424095e-03
6.899996e-01 1.500000e+01 4.000000e+00 8.707764e-01 8.620892e+00 9.822844e-01 5.599516e+03 8.965198e-01 2.200842e-03 4.083395e-03
6.999996e-01 1.500000e+01 4.000000e+00 8.850465e-01 8.592093e+00 1.019257e+00 5.697256e+03 9.121169e-01 8.646727e-03 4.113674e-03
7.099996e-01 1.500000e+01 4.000000e+00 8.974130e-01 8.571595e+00 1.014552e+00 5.665458e+03 9.029655e-01 2.158833e-02 3.980756e-03
7.199996e-01 1.500000e+01 4.000000e+00 9.094867e-01 8.557271e+00 9.992456e-01 5.776271e+03 9.213479e-01 -3.785115e-02 3.906965e-03
7.299996e-01 1.500000e+01 4.000000e+00 9.197582e-01 8.545798e+00 1.016863e+00 6.002225e+03 9.563620e-01 7.241488e-03 3.780127e-03
7.399996e-01 1.500000e+01 4.000000e+00 9.325496e-01 8.543569e+00 1.049924e+00 6.003888e+03 9.539747e-01 -9.010196e-03 3.616571e-03
7.499996e-01 1.500000e+01 4.000000e+00 9.432240e-01 8.543115e+00 9.949006e-01 5.961549e+03 9.506325e-01 2.001560e-02 3.646493e-03
7.599996e-01 1.500000e+01 4.000000e+00 9.576029e-01 8.548541e+00 9.448387e-01 5.716092e+03 9.076606e-01 -2.112043e-02 3.237844e-03
7.699996e-01 1.500000e+01 4.000000e+00 9.722988e-01 8.559345e+00 1.031764e+00 5.876175e+03 9.396508e-01 2.914798e-02 3.257036e-03
7.799996e-01 1.500000e+01 4.000000e+00 9.887595e-01 8.573677e+00 9.945564e-01 5.843357e+03 9.312155e-01 1.497030e-02 3.133893e-03
7.899995e-01 1.500000e+01 4.000000e+00 1.005295e+00 8.590978e+00 1.023017e+00 5.796535e+03 9.289874e-01 4.481602e-02 3.075004e-03
7.999995e-01 1.500000e+01 4.000000e+00 1.022047e+00 8.614866e+00 1.013384e+00 5.569979e+03 8.868113e-01 9.262323e-03 3.008246e-03
8.099995e-01 1.500000e+01 4.000000e+00 1.039089e+00 8.637015e+00 1.019709e+00 5.423917e+03 8.610282e-01 1.587152e-03 2.899408e-03
8.199995e-01 1.500000e+01 4.000000e+00 1.053206e+00 8.661449e+00 1.015995e+00 5.298202e+03 8.412930e-01 -3.239489e-02 2.776146e-03
8.299995e-01 1.500000e+01 4.000000e+00 1.068328e+00 8.684323e+00 9.864144e-01 5.044899e+03 8.048465e-01 4.193997e-02 2.681255e-03
8.399995e-01 1.500000e+01 4.000000e+00 1.080153e+00 8.707682e+00 9.806625e-01 4.900910e+03 7.804958e-01 -3.458261e-02 2.695560e-03
8.499995e-01 1.500000e+01 4.000000e+00 1.092643e+00 8.729977e+00 9.856771e-01 4.660375e+03 7.497789e-01 5.976534e-02 2.628803e-03
8.599995e-01 1.500000e+01 4.000000e+00 1.103810e+00 8.755161e+00 9.694953e-01 4.616753e+03 7.345001e-01 -1.653731e-03 2.607226e-03
8.699995e-01 1.500000e+01 4.000000e+00 1.115178e+00 8.779134e+00 1.015382e+00 4.537433e+03 7.187437e-01 -2.762008e-02 2.581835e-03
8.799995e-01 1.500000e+01 4.000000e+00 1.123674e+00 8.798031e+00 1.010003e+00 4.442855e+03 7.098310e-01 -2.400070e-02 2.567887e-03
8.899994e-01 1.500000e+01 4.000000e+00 1.134647e+00 8.827210e+00 9.416142e-01 4.257118e+03 6.865944e-01 1.203215e-02 2.471805e-03
8.999994e-01 1.500000e+01 4.000000e+00 1.144755e+00 8.853942e+00 1.011543e+00 4.234804e+03 6.752944e-01 1.223814e-02 2.572179e-03
9.099994e-01 1.500000e+01 4.000000e+00 1.154760e+00 8.879261e+00 1.012753e+00 4.246803e+03 6.795916e-01 1.272607e-02 2.548099e-03
9.199994e-01 1.500000e+01 4.000000e+00 1.165958e+00 8.910000e+00 9.818198e-01 3.926546e+03 6.159296e-01 -8.919835e-04 2.432227e-03
9.299994e-01 1.500000e+01 4.000000e+00 1.176184e+00 8.941168e+00 9.750359e-01 3.992965e+03 6.386887e-01 -1.736981e-02 2.422214e-03
9.399994e-01 1.500000e+01 4.000000e+00 1.185865e+00 8.971358e+00 9.716983e-01 3.828615e+03 6.143380e-01 -1.567334e-02 2.470613e-03
9.499994e-01 1.500000e+01 4.000000e+00 1.194565e+00 8.999492e+00 1.009802e+00 3.732519e+03 5.872817e-01 -5.630732e-03 2.464652e-03
9.599994e-01 1.500000e+01 4.000000e+00 1.203572e+00 9.032928e+00 1.004380e+00 3.579434e+03 5.740719e-01 -1.173514e-02 2.607822e-03
9.699994e-01 1.500000e+01 4.000000e+00 1.212410e+00 9.066222e+00 9.786919e-01 3.566730e+03 5.602254e-01 3.873885e-02 2.498150e-03
9.799994e-01 1.500000e+01 4.000000e+00 1.219719e+00 9.099399e+00 9.212074e-01 3.288602e+03 5.191634e-01 -2.673596e-02 2.516508e-03
9.899994e-01 1.500000e+01 4.000000e+00 1.227790e+00 9.133950e+00 9.686822e-01 3.338826e+03 5.244155e-01 -8.923888e-03 2.592206e-03

