#./munderdamped_3d --dev=2 --amp=15.0 --omega=4.0 --force=0.1 --mass=1.0 --Dg=0.001 --block=1024 --paths=4096 --periods=2000 --trans=1000 --samples=200 --spp=200 --algorithm=predcorr --pav=1 --mode=moments --domain=3d --domainx=f:0.0:1.0:100:0 --domainy=a:15.0:15.0:1:0 --domainz=w:4.0:4.0:1:0 --q=2 --eps=0 --phi=0 --lambda=0 --Dp=0 --comp=0 --mean=0 >> temp/f_0.0_1.0-D0.001-m1.0-a15.0-w4.0.dat
#f a w <<v>> <<v^2>> qnu(q) mu_q Dx Gx EBx
0.000000e+00 1.500000e+01 4.000000e+00 4.555878e-05 7.183709e+00 9.259465e-01 1.557815e+03 2.479344e-01 6.615162e-03 7.098317e-03
1.000000e-02 1.500000e+01 4.000000e+00 1.229416e-02 7.182328e+00 9.736606e-01 1.706662e+03 2.716220e-01 -7.160443e-02 7.315278e-03
2.000000e-02 1.500000e+01 4.000000e+00 2.517512e-02 7.182783e+00 9.461179e-01 1.621107e+03 2.580074e-01 -1.253825e-02 7.443309e-03
3.000000e-02 1.500000e+01 4.000000e+00 3.774631e-02 7.179771e+00 9.873105e-01 1.686450e+03 2.684072e-01 3.153789e-02 7.357121e-03
4.000000e-02 1.500000e+01 4.000000e+00 4.998047e-02 7.176087e+00 9.947112e-01 1.733126e+03 2.758500e-01 -2.592039e-02 7.405043e-03
5.000000e-02 1.500000e+01 4.000000e+00 6.160211e-02 7.168148e+00 9.819609e-01 1.807964e+03 2.877416e-01 -8.895695e-03 7.566929e-03
5.999999e-02 1.500000e+01 4.000000e+00 7.254668e-02 7.158012e+00 1.014420e+00 1.894781e+03 3.015607e-01 -3.313541e-03 7.781863e-03
6.999999e-02 1.500000e+01 4.000000e+00 8.355124e-02 7.146265e+00 1.012623e+00 1.962302e+03 3.123105e-01 -4.630482e-02 7.603884e-03
7.999999e-02 1.500000e+01 4.000000e+00 9.347405e-02 7.130624e+00 9.495717e-01 2.045057e+03 3.254768e-01 1.219344e-02 7.364511e-03
8.999999e-02 1.500000e+01 4.000000e+00 1.020807e-01 7.116055e+00 9.686882e-01 2.057337e+03 3.274389e-01 2.820718e-02 7.214427e-03
9.999999e-02 1.500000e+01 4.000000e+00 1.103858e-01 7.102200e+00 1.012999e+00 2.142458e+03 3.410081e-01 6.639481e-03 7.427335e-03
1.100000e-01 1.500000e+01 4.000000e+00 1.168382e-01 7.090756e+00 9.505426e-01 2.165367e+03 3.446028e-01 -2.919352e-02 7.394075e-03
1.200000e-01 1.500000e+01 4.000000e+00 1.252487e-01 7.083276e+00 1.007908e+00 2.357055e+03 3.751680e-01 -4.571527e-02 7.415414e-03
1.300000e-01 1.500000e+01 4.000000e+00 1.322481e-01 7.078838e+00 9.821254e-01 2.412560e+03 3.839265e-01 6.656277e-02 7.383108e-03
1.400000e-01 1.500000e+01 4.000000e+00 1.391407e-01 7.076916e+00 9.437076e-01 2.466410e+03 3.925084e-01 2.256358e-02 7.454276e-03
1.500000e-01 1.500000e+01 4.000000e+00 1.472762e-01 7.082839e+00 9.765127e-01 2.592230e+03 4.126738e-01 -6.128788e-03 7.629275e-03
1.600000e-01 1.500000e+01 4.000000e+00 1.561700e-01 7.089108e+00 1.018294e+00 2.859540e+03 4.552577e-01 5.848873e-02 7.880569e-03
1.700000e-01 1.500000e+01 4.000000e+00 1.654698e-01 7.099453e+00 9.506617e-01 3.013678e+03 4.796283e-01 4.038584e-02 8.916020e-03
1.800000e-01 1.500000e+01 4.000000e+00 1.785108e-01 7.118936e+00 9.899209e-01 3.350003e+03 5.332685e-01 5.103457e-02 1.007235e-02
1.900000e-01 1.500000e+01 4.000000e+00 1.925645e-01 7.134890e+00 1.017303e+00 4.001943e+03 6.370574e-01 5.622840e-02 1.071668e-02
2.000000e-01 1.500000e+01 4.000000e+00 2.098437e-01 7.161749e+00 9.784077e-01 4.482047e+03 7.134767e-01 -1.218998e-02 1.171565e-02
2.100000e-01 1.500000e+01 4.000000e+00 2.293241e-01 7.189990e+00 9.852518e-01 4.867880e+03 7.747464e-01 5.556023e-02 1.273239e-02
2.200000e-01 1.500000e+01 4.000000e+00 2.516952e-01 7.224619e+00 9.631208e-01 5.625533e+03 8.953261e-01 5.625415e-02 1.376736e-02
2.300000e-01 1.500000e+01 4.000000e+00 2.734106e-01 7.260365e+00 1.020122e+00 6.793827e+03 1.081289e+00 1.270819e-02 1.437128e-02
2.400000e-01 1.500000e+01 4.000000e+00 2.983328e-01 7.304881e+00 9.931439e-01 7.158056e+03 1.138992e+00 -2.562881e-03 1.454365e-02
2.500000e-01 1.500000e+01 4.000000e+00 3.244472e-01 7.350917e+00 1.003644e+00 8.188891e+03 1.303141e+00 1.742256e-02 1.499522e-02
2.600000e-01 1.500000e+01 4.000000e+00 3.527208e-01 7.403606e+00 9.712373e-01 9.008040e+03 1.433389e+00 3.111851e-02 1.602018e-02
2.700000e-01 1.500000e+01 4.000000e+00 3.793664e-01 7.456206e+00 1.082185e+00 1.007114e+04 1.603267e+00 3.032386e-02 1.615512e-02
2.800000e-01 1.500000e+01 4.000000e+00 4.072204e-01 7.510550e+00 1.028914e+00 1.054186e+04 1.678547e+00 1.667094e-02 1.695740e-02
2.900000e-01 1.500000e+01 4.000000e+00 4.343160e-01 7.564469e+00 9.335951e-01 1.114589e+04 1.774956e+00 3.322363e-03 1.607847e-02
3.000000e-01 1.500000e+01 4.000000e+00 4.594036e-01 7.616539e+00 9.879673e-01 1.181549e+04 1.880256e+00 1.376665e-02 1.641750e-02
3.100000e-01 1.500000e+01 4.000000e+00 4.835871e-01 7.666094e+00 9.605738e-01 1.252961e+04 1.993654e+00 6.290519e-02 1.640666e-02
3.200000e-01 1.500000e+01 4.000000e+00 5.015321e-01 7.703521e+00 9.691706e-01 1.295568e+04 2.061136e+00 -1.896262e-02 1.678741e-02
3.300000e-01 1.500000e+01 4.000000e+00 5.174986e-01 7.738853e+00 9.528434e-01 1.345468e+04 2.142106e+00 2.461553e-03 1.607740e-02
3.399999e-01 1.500000e+01 4.000000e+00 5.316030e-01 7.768641e+00 9.871445e-01 1.391259e+04 2.215317e+00 -1.187265e-03 1.688921e-02
3.499999e-01 1.500000e+01 4.000000e+00 5.415401e-01 7.791188e+00 9.175838e-01 1.402793e+04 2.231790e+00 3.429377e-02 1.610696e-02
3.599999e-01 1.500000e+01 4.000000e+00 5.513730e-01 7.815137e+00 9.377749e-01 1.448522e+04 2.304364e+00 8.125305e-04 1.750624e-02
3.699999e-01 1.500000e+01 4.000000e+00 5.611883e-01 7.841640e+00 9.401999e-01 1.556109e+04 2.474621e+00 3.451049e-02 1.697135e-02
3.799999e-01 1.500000e+01 4.000000e+00 5.722128e-01 7.868749e+00 9.529758e-01 1.537291e+04 2.446251e+00 -2.039945e-02 1.770115e-02
3.899999e-01 1.500000e+01 4.000000e+00 5.805347e-01 7.889201e+00 9.698622e-01 1.473621e+04 2.345227e+00 2.829945e-02 1.755702e-02
3.999999e-01 1.500000e+01 4.000000e+00 5.921522e-01 7.921931e+00 9.399621e-01 1.512100e+04 2.406224e+00 4.992568e-02 1.779771e-02
4.099999e-01 1.500000e+01 4.000000e+00 6.030213e-01 7.953169e+00 9.679891e-01 1.547649e+04 2.462564e+00 4.496980e-02 1.779342e-02
4.199999e-01 1.500000e+01 4.000000e+00 6.129041e-01 7.981321e+00 1.038982e+00 1.527141e+04 2.429779e+00 -2.231652e-02 1.866961e-02
4.299999e-01 1.500000e+01 4.000000e+00 6.243329e-01 8.013562e+00 9.888214e-01 1.494215e+04 2.378610e+00 -1.412618e-02 1.768959e-02
4.399998e-01 1.500000e+01 4.000000e+00 6.352997e-01 8.047023e+00 9.995000e-01 1.438542e+04 2.288568e+00 1.665819e-02 1.674998e-02
4.499998e-01 1.500000e+01 4.000000e+00 6.454059e-01 8.079333e+00 1.000442e+00 1.496155e+04 2.382271e+00 1.176894e-02 1.682401e-02
4.599998e-01 1.500000e+01 4.000000e+00 6.531976e-01 8.104685e+00 9.836268e-01 1.440309e+04 2.289842e+00 6.463885e-03 1.594734e-02
4.699998e-01 1.500000e+01 4.000000e+00 6.610700e-01 8.134998e+00 9.807255e-01 1.428036e+04 2.271857e+00 -1.641273e-03 1.576769e-02
4.799998e-01 1.500000e+01 4.000000e+00 6.702595e-01 8.166610e+00 1.026982e+00 1.382786e+04 2.199840e+00 2.730894e-02 1.543772e-02
4.899998e-01 1.500000e+01 4.000000e+00 6.785191e-01 8.202420e+00 9.974065e-01 1.406793e+04 2.238514e+00 3.308964e-02 1.505005e-02
4.999998e-01 1.500000e+01 4.000000e+00 6.875464e-01 8.239408e+00 9.738194e-01 1.379269e+04 2.193553e+00 -8.360624e-03 1.407790e-02
5.099998e-01 1.500000e+01 4.000000e+00 6.967385e-01 8.278668e+00 9.686158e-01 1.377189e+04 2.195144e+00 3.878808e-02 1.416397e-02
5.199998e-01 1.500000e+01 4.000000e+00 7.078247e-01 8.330823e+00 1.006620e+00 1.358361e+04 2.163393e+00 2.800786e-02 1.443732e-02
5.299998e-01 1.500000e+01 4.000000e+00 7.168323e-01 8.382794e+00 1.053099e+00 1.339192e+04 2.130846e+00 1.975608e-02 1.396024e-02
5.399998e-01 1.500000e+01 4.000000e+00 7.269441e-01 8.446370e+00 9.768432e-01 1.341222e+04 2.134984e+00 7.264435e-02 1.309180e-02
5.499998e-01 1.500000e+01 4.000000e+00 7.340639e-01 8.519314e+00 9.850958e-01 1.252414e+04 1.992461e+00 2.831662e-02 1.373601e-02
5.599998e-01 1.500000e+01 4.000000e+00 7.413175e-01 8.606485e+00 1.025205e+00 1.165115e+04 1.852006e+00 8.567095e-03 1.389456e-02
5.699998e-01 1.500000e+01 4.000000e+00 7.459674e-01 8.709377e+00 9.072385e-01 1.071990e+04 1.707971e+00 -7.903099e-03 1.375699e-02
5.799997e-01 1.500000e+01 4.000000e+00 7.478716e-01 8.827394e+00 9.378081e-01 1.049375e+04 1.668023e+00 3.744376e-02 1.496387e-02
5.899997e-01 1.500000e+01 4.000000e+00 7.473846e-01 8.971080e+00 9.968485e-01 9.984418e+03 1.588207e+00 3.386259e-02 1.638532e-02
5.999997e-01 1.500000e+01 4.000000e+00 7.432827e-01 9.128082e+00 1.052054e+00 9.008193e+03 1.434623e+00 2.216721e-02 1.871085e-02
6.099997e-01 1.500000e+01 4.000000e+00 7.370834e-01 9.296731e+00 1.031967e+00 8.254726e+03 1.311596e+00 -7.647753e-03 2.164066e-02
6.199997e-01 1.500000e+01 4.000000e+00 7.292108e-01 9.439638e+00 1.000220e+00 7.657936e+03 1.222549e+00 9.981072e-02 2.290618e-02
6.299997e-01 1.500000e+01 4.000000e+00 7.271923e-01 9.525239e+00 1.023105e+00 7.762427e+03 1.236713e+00 -8.832812e-03 2.561593e-02
6.399997e-01 1.500000e+01 4.000000e+00 7.366774e-01 9.514705e+00 9.987246e-01 8.319572e+03 1.325044e+00 5.595315e-02 2.511597e-02
6.499997e-01 1.500000e+01 4.000000e+00 7.565154e-01 9.429427e+00 9.984206e-01 8.894447e+03 1.418389e+00 5.900824e-02 2.338636e-02
6.599997e-01 1.500000e+01 4.000000e+00 7.838935e-01 9.325440e+00 9.875429e-01 9.463903e+03 1.503059e+00 3.040659e-02 1.919591e-02
6.699997e-01 1.500000e+01 4.000000e+00 8.115669e-01 9.217170e+00 1.014180e+00 1.036361e+04 1.651073e+00 2.168655e-03 1.663566e-02
6.799996e-01 1.500000e+01 4.000000e+00 8.424068e-01 9.127272e+00 9.983784e-01 1.073269e+04 1.711473e+00 1.149118e-02 1.445103e-02
6.899996e-01 1.500000e+01 4.000000e+00 8.689286e-01 9.053372e+00 1.017563e+00 1.134033e+04 1.807045e+00 5.396199e-02 1.205039e-02
6.999996e-01 1.500000e+01 4.000000e+00 8.936885e-01 8.987308e+00 1.016360e+00 1.124878e+04 1.789061e+00 2.163732e-02 1.064563e-02
7.099996e-01 1.500000e+01 4.000000e+00 9.155241e-01 8.933659e+00 9.901164e-01 1.092806e+04 1.738847e+00 4.449582e-02 9.212852e-03
7.199996e-01 1.500000e+01 4.000000e+00 9.334550e-01 8.887372e+00 9.903092e-01 1.115909e+04 1.773941e+00 3.085971e-02 8.703589e-03
7.299996e-01 1.500000e+01 4.000000e+00 9.472335e-01 8.837707e+00 1.024914e+00 1.060538e+04 1.693408e+00 -5.991399e-03 7.793307e-03
7.399996e-01 1.500000e+01 4.000000e+00 9.622566e-01 8.803682e+00 9.840806e-01 1.049177e+04 1.671604e+00 2.345681e-02 7.238746e-03
7.499996e-01 1.500000e+01 4.000000e+00 9.716437e-01 8.769249e+00 1.036862e+00 1.070935e+04 1.700570e+00 1.639092e-02 6.926894e-03
7.599996e-01 1.500000e+01 4.000000e+00 9.798857e-01 8.743829e+00 1.030068e+00 1.042356e+04 1.656166e+00 3.349304e-03 6.373167e-03
7.699996e-01 1.500000e+01 4.000000e+00 9.865059e-01 8.720573e+00 9.861093e-01 9.943347e+03 1.587093e+00 -2.481389e-02 5.831122e-03
7.799996e-01 1.500000e+01 4.000000e+00 9.919713e-01 8.700791e+00 9.786269e-01 9.822902e+03 1.567994e+00 -2.103269e-03 5.877733e-03
7.899995e-01 1.500000e+01 4.000000e+00 9.978090e-01 8.694965e+00 1.026571e+00 9.844070e+03 1.564493e+00 -1.942915e-02 5.650997e-03
7.999995e-01 1.500000e+01 4.000000e+00 1.004589e+00 8.690888e+00 9.628869e-01 9.686837e+03 1.540142e+00 4.842639e-03 5.312920e-03
8.099995e-01 1.500000e+01 4.000000e+00 1.009490e+00 8.684031e+00 9.862289e-01 9.568807e+03 1.531707e+00 -2.987939e-02 5.119205e-03
8.199995e-01 1.500000e+01 4.000000e+00 1.015453e+00 8.688143e+00 1.036372e+00 9.555082e+03 1.527092e+00 2.790010e-02 5.031586e-03
8.299995e-01 1.500000e+01 4.000000e+00 1.019502e+00 8.681992e+00 1.041117e+00 9.428231e+03 1.498285e+00 9.688377e-03 4.982829e-03
8.399995e-01 1.500000e+01 4.000000e+00 1.024059e+00 8.679857e+00 1.051029e+00 8.937094e+03 1.424914e+00 -2.833831e-02 4.647255e-03
8.499995e-01 1.500000e+01 4.000000e+00 1.027975e+00 8.677052e+00 9.733137e-01 8.694817e+03 1.388468e+00 2.744317e-03 4.481912e-03
8.599995e-01 1.500000e+01 4.000000e+00 1.030807e+00 8.665392e+00 1.037587e+00 8.613051e+03 1.373825e+00 -1.305127e-02 4.488945e-03
8.699995e-01 1.500000e+01 4.000000e+00 1.035403e+00 8.657315e+00 9.819493e-01 8.380938e+03 1.334514e+00 2.291584e-02 4.049182e-03
8.799995e-01 1.500000e+01 4.000000e+00 1.038967e+00 8.647211e+00 9.865801e-01 8.440310e+03 1.350748e+00 -2.051884e-02 4.175901e-03
8.899994e-01 1.500000e+01 4.000000e+00 1.045229e+00 8.636580e+00 1.040832e+00 8.463556e+03 1.346451e+00 1.254022e-02 3.972054e-03
8.999994e-01 1.500000e+01 4.000000e+00 1.050995e+00 8.628447e+00 1.012616e+00 8.370669e+03 1.329262e+00 -1.842618e-03 3.955722e-03
9.099994e-01 1.500000e+01 4.000000e+00 1.057745e+00 8.621527e+00 1.035226e+00 8.486671e+03 1.352976e+00 -3.034300e-02 3.878474e-03
9.199994e-01 1.500000e+01 4.000000e+00 1.064483e+00 8.614564e+00 1.013693e+00 8.224589e+03 1.309527e+00 3.588200e-03 3.704906e-03
9.299994e-01 1.500000e+01 4.000000e+00 1.072345e+00 8.611160e+00 1.080089e+00 7.980501e+03 1.266396e+00 -1.422477e-02 3.801584e-03
9.399994e-01 1.500000e+01 4.000000e+00 1.080838e+00 8.609511e+00 1.062775e+00 7.864572e+03 1.259234e+00 7.419705e-03 3.510356e-03
9.499994e-01 1.500000e+01 4.000000e+00 1.088956e+00 8.610552e+00 9.852106e-01 7.578308e+03 1.207509e+00 1.658368e-02 3.380656e-03
9.599994e-01 1.500000e+01 4.000000e+00 1.098468e+00 8.614759e+00 1.000777e+00 7.584845e+03 1.209100e+00 -4.894513e-02 3.433704e-03
9.699994e-01 1.500000e+01 4.000000e+00 1.107713e+00 8.620543e+00 1.035544e+00 7.242405e+03 1.157534e+00 -2.543420e-02 3.332973e-03
9.799994e-01 1.500000e+01 4.000000e+00 1.116514e+00 8.627551e+00 9.525953e-01 7.132086e+03 1.139231e+00 -1.865143e-02 3.281832e-03
9.899994e-01 1.500000e+01 4.000000e+00 1.125437e+00 8.636489e+00 1.017199e+00 6.756753e+03 1.077001e+00 3.606975e-02 3.180623e-03

