#./munderdamped_3d_gle --dev=3 --amp=50.0 --omega=0.2 --force=0.1 --mass=149.0 --Dg=0.01 --tau=1.0 --block=1024 --paths=65536 --periods=2000 --trans=1000 --samples=2000 --spp=2000 --algorithm=predcorr --pav=1 --mode=moments --domain=3d --domainx=t:0.0:2.0:100:0 --domainy=a:50.0:50.0:1:0 --domainz=w:0.2:0.2:1:0 --q=2 --eps=0 --phi=0 --lambda=0 --Dp=0 --comp=0 --mean=0 >> temp/f0.1-D0.01-m149.0-a50.0-w0.2-t_0.0_2.0.dat
#t a w <<v>> <<v^2>> qnu(q) mu_q Dx Gx EBx
0.000000e+00 5.000000e+01 2.000000e-01 nan nan nan nan nan nan nan
2.000000e-02 5.000000e+01 2.000000e-01 1.011745e-01 1.426546e+00 7.253082e-01 2.730712e+05 2.172242e+00 -1.009703e-02 1.184750e-02
4.000000e-02 5.000000e+01 2.000000e-01 1.010002e-01 1.426873e+00 7.335333e-01 2.732791e+05 2.173356e+00 -1.347733e-02 1.187479e-02
6.000000e-02 5.000000e+01 2.000000e-01 1.008807e-01 1.427234e+00 7.398871e-01 2.771179e+05 2.204200e+00 -1.082367e-02 1.187682e-02
8.000000e-02 5.000000e+01 2.000000e-01 1.007601e-01 1.427564e+00 7.330537e-01 2.752516e+05 2.191595e+00 -6.034076e-03 1.202333e-02
9.999999e-02 5.000000e+01 2.000000e-01 1.005984e-01 1.427926e+00 7.276903e-01 2.749364e+05 2.190959e+00 -2.048486e-02 1.191711e-02
1.200000e-01 5.000000e+01 2.000000e-01 1.004035e-01 1.428282e+00 7.475067e-01 2.779793e+05 2.210598e+00 -1.295871e-02 1.214492e-02
1.400000e-01 5.000000e+01 2.000000e-01 1.002311e-01 1.428610e+00 7.420123e-01 2.793196e+05 2.222185e+00 -6.433725e-04 1.208854e-02
1.600000e-01 5.000000e+01 2.000000e-01 1.000760e-01 1.428946e+00 7.485951e-01 2.803022e+05 2.227978e+00 -2.531111e-03 1.215804e-02
1.800000e-01 5.000000e+01 2.000000e-01 9.971949e-02 1.429246e+00 7.368840e-01 2.822014e+05 2.249241e+00 -1.954734e-03 1.214910e-02
2.000000e-01 5.000000e+01 2.000000e-01 9.940668e-02 1.429553e+00 7.386878e-01 2.813804e+05 2.235299e+00 -9.189665e-03 1.217496e-02
2.200000e-01 5.000000e+01 2.000000e-01 9.900560e-02 1.429809e+00 7.439567e-01 2.817194e+05 2.239310e+00 -4.930377e-03 1.235926e-02
2.400000e-01 5.000000e+01 2.000000e-01 9.863472e-02 1.430095e+00 7.327674e-01 2.818486e+05 2.244276e+00 -5.265296e-03 1.225615e-02
2.600000e-01 5.000000e+01 2.000000e-01 9.822237e-02 1.430320e+00 7.362277e-01 2.832304e+05 2.250546e+00 2.427101e-03 1.238060e-02
2.800000e-01 5.000000e+01 2.000000e-01 9.767743e-02 1.430525e+00 7.485899e-01 2.872423e+05 2.284828e+00 -3.207147e-03 1.245260e-02
3.000000e-01 5.000000e+01 2.000000e-01 9.704911e-02 1.430676e+00 7.479360e-01 2.835090e+05 2.259936e+00 -1.688874e-02 1.246345e-02
3.200000e-01 5.000000e+01 2.000000e-01 9.648260e-02 1.430887e+00 7.481397e-01 2.869039e+05 2.284224e+00 -8.865833e-03 1.249421e-02
3.400000e-01 5.000000e+01 2.000000e-01 9.588404e-02 1.431048e+00 7.475327e-01 2.882241e+05 2.295014e+00 4.521608e-04 1.258969e-02
3.600000e-01 5.000000e+01 2.000000e-01 9.527262e-02 1.431210e+00 7.465289e-01 2.888323e+05 2.298770e+00 -7.248104e-03 1.265574e-02
3.800000e-01 5.000000e+01 2.000000e-01 9.460586e-02 1.431342e+00 7.394854e-01 2.876843e+05 2.286261e+00 -1.055312e-02 1.263857e-02
4.000000e-01 5.000000e+01 2.000000e-01 9.403162e-02 1.431495e+00 7.433985e-01 2.895822e+05 2.302335e+00 -1.868606e-03 1.273954e-02
4.200000e-01 5.000000e+01 2.000000e-01 9.341030e-02 1.431663e+00 7.355836e-01 2.941074e+05 2.337763e+00 -9.255290e-03 1.277137e-02
4.400001e-01 5.000000e+01 2.000000e-01 9.276587e-02 1.431826e+00 7.463725e-01 2.895057e+05 2.304691e+00 -9.065866e-03 1.281905e-02
4.600001e-01 5.000000e+01 2.000000e-01 9.218561e-02 1.431980e+00 7.354416e-01 2.923068e+05 2.325747e+00 -4.647970e-04 1.287031e-02
4.800001e-01 5.000000e+01 2.000000e-01 9.161691e-02 1.432171e+00 7.540326e-01 2.972331e+05 2.365918e+00 4.808307e-03 1.295984e-02
5.000001e-01 5.000000e+01 2.000000e-01 9.117252e-02 1.432358e+00 7.334865e-01 2.960950e+05 2.358772e+00 -4.692554e-03 1.302576e-02
5.200000e-01 5.000000e+01 2.000000e-01 9.078319e-02 1.432582e+00 7.350125e-01 2.992396e+05 2.377440e+00 -8.076131e-03 1.307464e-02
5.400000e-01 5.000000e+01 2.000000e-01 9.032580e-02 1.432797e+00 7.504087e-01 3.005002e+05 2.391860e+00 2.563000e-04 1.316285e-02
5.600000e-01 5.000000e+01 2.000000e-01 8.991092e-02 1.433040e+00 7.480878e-01 2.992778e+05 2.380608e+00 -2.545655e-03 1.305342e-02
5.800000e-01 5.000000e+01 2.000000e-01 8.954560e-02 1.433262e+00 7.523644e-01 3.033582e+05 2.415988e+00 -2.486706e-04 1.308215e-02
6.000000e-01 5.000000e+01 2.000000e-01 8.921120e-02 1.433538e+00 7.525617e-01 3.029565e+05 2.412439e+00 -1.415950e-02 1.328218e-02
6.199999e-01 5.000000e+01 2.000000e-01 8.882966e-02 1.433792e+00 7.512342e-01 3.044691e+05 2.423595e+00 -6.722927e-03 1.336515e-02
6.399999e-01 5.000000e+01 2.000000e-01 8.856356e-02 1.434084e+00 7.522215e-01 3.083601e+05 2.453151e+00 1.622319e-03 1.335192e-02
6.599999e-01 5.000000e+01 2.000000e-01 8.830062e-02 1.434371e+00 7.577733e-01 3.065299e+05 2.437362e+00 -5.870044e-03 1.335013e-02
6.799999e-01 5.000000e+01 2.000000e-01 8.825239e-02 1.434710e+00 7.599073e-01 3.083998e+05 2.458355e+00 -7.273376e-03 1.332366e-02
6.999999e-01 5.000000e+01 2.000000e-01 8.803307e-02 1.435029e+00 7.730026e-01 3.116671e+05 2.479220e+00 -5.843043e-03 1.332879e-02
7.199998e-01 5.000000e+01 2.000000e-01 8.782793e-02 1.435354e+00 7.475793e-01 3.099808e+05 2.467347e+00 -1.928616e-02 1.331306e-02
7.399998e-01 5.000000e+01 2.000000e-01 8.783695e-02 1.435737e+00 7.646620e-01 3.167329e+05 2.518245e+00 -4.654229e-03 1.351857e-02
7.599998e-01 5.000000e+01 2.000000e-01 8.761553e-02 1.436061e+00 7.498522e-01 3.132595e+05 2.492923e+00 -1.564348e-02 1.341069e-02
7.799998e-01 5.000000e+01 2.000000e-01 8.765192e-02 1.436469e+00 7.721323e-01 3.193420e+05 2.536993e+00 4.760385e-03 1.367736e-02
7.999998e-01 5.000000e+01 2.000000e-01 8.756544e-02 1.436850e+00 7.571864e-01 3.182658e+05 2.531853e+00 3.122687e-03 1.339185e-02
8.199998e-01 5.000000e+01 2.000000e-01 8.746697e-02 1.437245e+00 7.712187e-01 3.246079e+05 2.582671e+00 -1.028121e-02 1.334095e-02
8.399997e-01 5.000000e+01 2.000000e-01 8.747400e-02 1.437653e+00 7.755641e-01 3.251961e+05 2.587875e+00 -3.813386e-03 1.357269e-02
8.599997e-01 5.000000e+01 2.000000e-01 8.756016e-02 1.438108e+00 7.697763e-01 3.284263e+05 2.615123e+00 -1.122808e-02 1.351452e-02
8.799997e-01 5.000000e+01 2.000000e-01 8.768772e-02 1.438542e+00 7.689993e-01 3.255681e+05 2.589769e+00 -1.159191e-03 1.358640e-02
8.999997e-01 5.000000e+01 2.000000e-01 8.766913e-02 1.438994e+00 7.542797e-01 3.312904e+05 2.638009e+00 3.835678e-03 1.375449e-02
9.199997e-01 5.000000e+01 2.000000e-01 8.775628e-02 1.439399e+00 7.674159e-01 3.334638e+05 2.652206e+00 -8.671284e-04 1.365328e-02
9.399996e-01 5.000000e+01 2.000000e-01 8.785230e-02 1.439874e+00 7.604767e-01 3.342228e+05 2.660498e+00 -3.357351e-03 1.360381e-02
9.599996e-01 5.000000e+01 2.000000e-01 8.793724e-02 1.440290e+00 7.763312e-01 3.366375e+05 2.678530e+00 -6.491125e-03 1.375556e-02
9.799996e-01 5.000000e+01 2.000000e-01 8.789778e-02 1.440690e+00 7.492175e-01 3.382673e+05 2.692376e+00 3.802299e-03 1.365542e-02
9.999996e-01 5.000000e+01 2.000000e-01 8.802547e-02 1.441112e+00 7.723999e-01 3.433933e+05 2.731322e+00 -1.755625e-02 1.377916e-02
1.020000e+00 5.000000e+01 2.000000e-01 8.806201e-02 1.441513e+00 7.738153e-01 3.442179e+05 2.740170e+00 -2.132177e-03 1.369488e-02
1.040000e+00 5.000000e+01 2.000000e-01 8.807828e-02 1.441906e+00 7.855352e-01 3.519978e+05 2.804549e+00 9.101987e-03 1.387954e-02
1.060000e+00 5.000000e+01 2.000000e-01 8.802948e-02 1.442283e+00 7.762778e-01 3.508462e+05 2.792262e+00 -9.877384e-03 1.384723e-02
1.080000e+00 5.000000e+01 2.000000e-01 8.795372e-02 1.442670e+00 7.802737e-01 3.524418e+05 2.803244e+00 7.828474e-04 1.398671e-02
1.100000e+00 5.000000e+01 2.000000e-01 8.806551e-02 1.443038e+00 7.762691e-01 3.545469e+05 2.820512e+00 -1.417238e-02 1.409137e-02
1.120000e+00 5.000000e+01 2.000000e-01 8.794558e-02 1.443412e+00 7.801300e-01 3.563161e+05 2.835918e+00 3.097057e-03 1.412416e-02
1.140000e+00 5.000000e+01 2.000000e-01 8.779628e-02 1.443766e+00 7.840305e-01 3.601514e+05 2.861749e+00 -8.239686e-03 1.407421e-02
1.159999e+00 5.000000e+01 2.000000e-01 8.768022e-02 1.444111e+00 8.030373e-01 3.645131e+05 2.899039e+00 -9.929538e-03 1.436508e-02
1.179999e+00 5.000000e+01 2.000000e-01 8.772482e-02 1.444488e+00 7.814308e-01 3.643745e+05 2.896763e+00 -2.736628e-03 1.433170e-02
1.199999e+00 5.000000e+01 2.000000e-01 8.746969e-02 1.444803e+00 7.880895e-01 3.657630e+05 2.910307e+00 -7.800460e-03 1.452231e-02
1.219999e+00 5.000000e+01 2.000000e-01 8.737791e-02 1.445137e+00 7.869180e-01 3.678550e+05 2.927512e+00 -2.134258e-02 1.460457e-02
1.239999e+00 5.000000e+01 2.000000e-01 8.715642e-02 1.445469e+00 7.789258e-01 3.665329e+05 2.919936e+00 -9.545624e-03 1.455092e-02
1.259999e+00 5.000000e+01 2.000000e-01 8.709718e-02 1.445809e+00 7.802291e-01 3.711908e+05 2.956383e+00 -1.031941e-02 1.458728e-02
1.279999e+00 5.000000e+01 2.000000e-01 8.695208e-02 1.446156e+00 7.899652e-01 3.751776e+05 2.984473e+00 -1.977086e-04 1.476777e-02
1.299999e+00 5.000000e+01 2.000000e-01 8.683556e-02 1.446486e+00 7.827165e-01 3.763982e+05 2.995582e+00 -4.150569e-03 1.478696e-02
1.319999e+00 5.000000e+01 2.000000e-01 8.672128e-02 1.446817e+00 7.970088e-01 3.772652e+05 3.001646e+00 -1.490468e-02 1.500559e-02
1.339999e+00 5.000000e+01 2.000000e-01 8.667260e-02 1.447171e+00 7.869956e-01 3.819734e+05 3.040735e+00 4.828334e-03 1.503384e-02
1.359999e+00 5.000000e+01 2.000000e-01 8.655330e-02 1.447482e+00 7.929772e-01 3.826280e+05 3.041849e+00 -7.898390e-03 1.514649e-02
1.379999e+00 5.000000e+01 2.000000e-01 8.651353e-02 1.447826e+00 7.814580e-01 3.807799e+05 3.029673e+00 -5.197465e-03 1.517105e-02
1.399999e+00 5.000000e+01 2.000000e-01 8.648518e-02 1.448184e+00 7.972642e-01 3.862530e+05 3.077850e+00 -1.306623e-02 1.535046e-02
1.419999e+00 5.000000e+01 2.000000e-01 8.643688e-02 1.448529e+00 7.885856e-01 3.863280e+05 3.075367e+00 -1.336902e-02 1.527107e-02
1.439999e+00 5.000000e+01 2.000000e-01 8.643044e-02 1.448849e+00 7.965209e-01 3.882674e+05 3.087494e+00 -5.340874e-03 1.539445e-02
1.459999e+00 5.000000e+01 2.000000e-01 8.640223e-02 1.449180e+00 8.019750e-01 3.911693e+05 3.116317e+00 -8.550048e-03 1.560509e-02
1.479999e+00 5.000000e+01 2.000000e-01 8.652774e-02 1.449543e+00 8.015243e-01 3.933585e+05 3.129893e+00 -9.827316e-03 1.558006e-02
1.499999e+00 5.000000e+01 2.000000e-01 8.673334e-02 1.449915e+00 8.060485e-01 3.953709e+05 3.146207e+00 -1.289916e-02 1.561761e-02
1.519999e+00 5.000000e+01 2.000000e-01 8.679523e-02 1.450252e+00 7.957294e-01 3.936744e+05 3.131548e+00 -6.404281e-03 1.566732e-02
1.539999e+00 5.000000e+01 2.000000e-01 8.683980e-02 1.450589e+00 8.190510e-01 3.957752e+05 3.149008e+00 -7.766664e-03 1.589799e-02
1.559999e+00 5.000000e+01 2.000000e-01 8.706538e-02 1.450968e+00 7.965587e-01 3.996784e+05 3.181125e+00 -1.086235e-03 1.578236e-02
1.579999e+00 5.000000e+01 2.000000e-01 8.715225e-02 1.451331e+00 7.988383e-01 3.977321e+05 3.164923e+00 -8.696914e-03 1.609361e-02
1.599999e+00 5.000000e+01 2.000000e-01 8.734574e-02 1.451686e+00 8.046046e-01 3.989847e+05 3.173263e+00 -1.740813e-03 1.612878e-02
1.619999e+00 5.000000e+01 2.000000e-01 8.766524e-02 1.452090e+00 8.072765e-01 4.072090e+05 3.239790e+00 2.399802e-03 1.610363e-02
1.639999e+00 5.000000e+01 2.000000e-01 8.801855e-02 1.452499e+00 8.022320e-01 4.084839e+05 3.251933e+00 -6.968260e-03 1.609719e-02
1.659999e+00 5.000000e+01 2.000000e-01 8.821756e-02 1.452915e+00 8.021249e-01 4.027013e+05 3.205508e+00 -1.318407e-02 1.623535e-02
1.679999e+00 5.000000e+01 2.000000e-01 8.855994e-02 1.453324e+00 8.024517e-01 4.080481e+05 3.248400e+00 -1.284581e-02 1.644766e-02
1.699999e+00 5.000000e+01 2.000000e-01 8.885580e-02 1.453756e+00 7.912112e-01 4.059067e+05 3.232548e+00 1.803041e-03 1.642752e-02
1.719999e+00 5.000000e+01 2.000000e-01 8.920209e-02 1.454199e+00 8.050725e-01 4.107494e+05 3.269361e+00 -1.120007e-02 1.645994e-02
1.739999e+00 5.000000e+01 2.000000e-01 8.964483e-02 1.454615e+00 8.153437e-01 4.144156e+05 3.298247e+00 -3.536463e-03 1.640022e-02
1.759999e+00 5.000000e+01 2.000000e-01 9.010458e-02 1.455077e+00 8.046671e-01 4.149691e+05 3.304327e+00 -9.782791e-03 1.639915e-02
1.779999e+00 5.000000e+01 2.000000e-01 9.049792e-02 1.455520e+00 8.065534e-01 4.163312e+05 3.314258e+00 -3.240705e-03 1.632142e-02
1.799999e+00 5.000000e+01 2.000000e-01 9.094041e-02 1.455965e+00 8.127660e-01 4.182671e+05 3.326784e+00 -5.353034e-03 1.655841e-02
1.819999e+00 5.000000e+01 2.000000e-01 9.133751e-02 1.456368e+00 8.128039e-01 4.219149e+05 3.356737e+00 -1.440591e-02 1.652849e-02
1.839999e+00 5.000000e+01 2.000000e-01 9.172916e-02 1.456778e+00 7.933232e-01 4.189567e+05 3.335092e+00 -1.299268e-02 1.637506e-02
1.859999e+00 5.000000e+01 2.000000e-01 9.211453e-02 1.457181e+00 8.194090e-01 4.299318e+05 3.417693e+00 -3.078818e-03 1.660299e-02
1.879999e+00 5.000000e+01 2.000000e-01 9.274271e-02 1.457603e+00 8.172066e-01 4.263699e+05 3.393247e+00 -1.961410e-03 1.669085e-02
1.899999e+00 5.000000e+01 2.000000e-01 9.303826e-02 1.457991e+00 8.017984e-01 4.215356e+05 3.354509e+00 -3.197849e-03 1.657856e-02
1.919999e+00 5.000000e+01 2.000000e-01 9.340241e-02 1.458359e+00 8.172318e-01 4.279012e+05 3.401809e+00 9.048820e-03 1.668715e-02
1.939999e+00 5.000000e+01 2.000000e-01 9.375089e-02 1.458734e+00 7.995994e-01 4.267481e+05 3.399613e+00 -1.145083e-02 1.670992e-02
1.959999e+00 5.000000e+01 2.000000e-01 9.421413e-02 1.459086e+00 8.266144e-01 4.290582e+05 3.414860e+00 1.299739e-03 1.672935e-02
1.979999e+00 5.000000e+01 2.000000e-01 9.445707e-02 1.459437e+00 8.060597e-01 4.304158e+05 3.422754e+00 -8.646607e-03 1.677918e-02

