#m p_+ p_- v_I v_II v_III
1.000000e-03 1.796458e-01 1.881168e-01 3.302972e+03 9.569544e+03 1.584832e+04
1.055898e-03 1.791648e-01 1.870956e-01 3.136515e+03 9.070521e+03 1.501674e+04
1.114921e-03 1.786619e-01 1.857784e-01 2.978806e+03 8.597853e+03 1.422911e+04
1.177243e-03 1.781363e-01 1.844981e-01 2.829379e+03 8.150142e+03 1.348311e+04
1.243049e-03 1.775872e-01 1.831822e-01 2.687794e+03 7.726067e+03 1.277653e+04
1.312533e-03 1.770136e-01 1.817891e-01 2.553634e+03 7.324374e+03 1.210728e+04
1.385901e-03 1.764148e-01 1.803510e-01 2.426505e+03 6.943877e+03 1.147340e+04
1.463371e-03 1.757900e-01 1.787850e-01 2.306032e+03 6.583454e+03 1.087300e+04
1.545170e-03 1.751382e-01 1.772267e-01 2.191862e+03 6.242040e+03 1.030431e+04
1.631543e-03 1.744586e-01 1.762989e-01 2.083658e+03 5.918627e+03 9.765656e+03
1.722743e-03 1.737504e-01 1.737930e-01 1.981104e+03 5.612261e+03 9.255442e+03
1.819041e-03 1.730126e-01 1.719791e-01 1.883898e+03 5.322038e+03 8.772161e+03
1.920722e-03 1.722445e-01 1.700851e-01 1.791756e+03 5.047103e+03 8.314388e+03
2.028087e-03 1.714451e-01 1.680969e-01 1.704408e+03 4.786644e+03 7.880770e+03
2.141454e-03 1.706137e-01 1.660228e-01 1.621598e+03 4.539894e+03 7.470027e+03
2.261157e-03 1.697492e-01 1.638628e-01 1.543085e+03 4.306126e+03 7.080949e+03
2.387552e-03 1.688510e-01 1.616075e-01 1.468640e+03 4.084651e+03 6.712385e+03
2.521011e-03 1.679182e-01 1.592291e-01 1.398047e+03 3.874817e+03 6.363250e+03
2.661931e-03 1.669499e-01 1.567694e-01 1.331099e+03 3.676008e+03 6.032514e+03
2.810729e-03 1.659454e-01 1.542045e-01 1.267602e+03 3.487638e+03 5.719202e+03
2.967843e-03 1.649038e-01 1.515192e-01 1.207373e+03 3.309154e+03 5.422390e+03
3.133740e-03 1.638245e-01 1.488194e-01 1.150238e+03 3.140031e+03 5.141204e+03
3.308911e-03 1.627066e-01 1.458580e-01 1.096031e+03 2.979773e+03 4.874817e+03
3.493873e-03 1.615495e-01 1.428178e-01 1.044597e+03 2.827910e+03 4.622444e+03
3.689174e-03 1.603525e-01 1.396571e-01 9.957876e+02 2.683997e+03 4.383342e+03
3.895392e-03 1.591148e-01 1.363818e-01 9.494637e+02 2.547612e+03 4.156808e+03
4.113138e-03 1.578360e-01 1.330030e-01 9.054929e+02 2.418357e+03 3.942178e+03
4.343054e-03 1.565154e-01 1.291418e-01 8.637498e+02 2.295853e+03 3.738819e+03
4.585823e-03 1.551525e-01 1.257419e-01 8.241163e+02 2.179743e+03 3.546136e+03
4.842163e-03 1.537468e-01 1.219107e-01 7.864801e+02 2.069688e+03 3.363562e+03
5.112831e-03 1.522978e-01 1.179565e-01 7.507352e+02 1.965368e+03 3.190563e+03
5.398629e-03 1.508051e-01 1.138179e-01 7.167813e+02 1.866478e+03 3.026631e+03
5.700402e-03 1.492684e-01 1.095185e-01 6.845236e+02 1.772731e+03 2.871288e+03
6.019045e-03 1.476873e-01 1.050876e-01 6.538721e+02 1.683856e+03 2.724077e+03
6.355498e-03 1.460617e-01 1.004474e-01 6.247421e+02 1.599594e+03 2.584569e+03
6.710759e-03 1.443914e-01 9.566215e-02 5.970530e+02 1.519702e+03 2.452357e+03
7.085878e-03 1.426762e-01 9.066874e-02 5.707289e+02 1.443948e+03 2.327054e+03
7.481966e-03 1.409161e-01 8.555521e-02 5.456980e+02 1.372114e+03 2.208296e+03
7.900195e-03 1.391111e-01 8.022169e-02 5.218921e+02 1.303993e+03 2.095736e+03
8.341801e-03 1.372613e-01 7.477673e-02 4.992470e+02 1.239388e+03 1.989047e+03
8.808093e-03 1.353670e-01 6.903666e-02 4.777018e+02 1.178116e+03 1.887919e+03
9.300449e-03 1.334283e-01 6.318037e-02 4.571990e+02 1.119999e+03 1.792058e+03
9.820328e-03 1.314456e-01 5.716876e-02 4.376841e+02 1.064871e+03 1.701187e+03
1.036927e-02 1.294193e-01 5.100627e-02 4.191056e+02 1.012576e+03 1.615041e+03
1.094889e-02 1.273500e-01 4.475601e-02 4.014149e+02 9.629640e+02 1.533372e+03
1.156091e-02 1.252382e-01 3.846886e-02 3.845659e+02 9.158938e+02 1.455943e+03
1.220715e-02 1.230847e-01 3.235000e-02 3.685150e+02 8.712321e+02 1.382532e+03
1.288950e-02 1.208903e-01 2.638866e-02 3.532210e+02 8.288524e+02 1.312927e+03
1.361000e-02 1.186559e-01 2.072691e-02 3.386450e+02 7.886349e+02 1.246926e+03
1.437078e-02 1.163826e-01 1.567730e-02 3.247501e+02 7.504664e+02 1.184342e+03
1.517408e-02 1.140714e-01 1.125882e-02 3.115014e+02 7.142395e+02 1.124993e+03
1.602228e-02 1.117237e-01 7.679870e-03 2.988658e+02 6.798525e+02 1.068710e+03
1.691790e-02 1.093407e-01 4.875608e-03 2.868123e+02 6.472094e+02 1.015332e+03
1.786358e-02 1.069241e-01 2.846358e-03 2.753112e+02 6.162189e+02 9.647057e+02
1.886212e-02 1.044754e-01 1.548281e-03 2.643346e+02 5.867949e+02 9.166875e+02
1.991648e-02 1.019964e-01 7.625290e-04 2.538561e+02 5.588557e+02 8.711403e+02
2.102978e-02 9.948886e-02 3.368988e-04 2.438506e+02 5.323240e+02 8.279346e+02
2.220530e-02 9.695487e-02 1.283828e-04 2.342945e+02 5.071265e+02 7.869478e+02
2.344654e-02 9.439654e-02 4.384139e-05 2.251654e+02 4.831939e+02 7.480636e+02
2.475716e-02 9.181613e-02 1.258026e-05 2.164420e+02 4.604605e+02 7.111722e+02
2.614104e-02 8.921603e-02 3.134472e-06 2.081042e+02 4.388641e+02 6.761692e+02
2.760228e-02 8.659877e-02 6.535031e-07 2.001330e+02 4.183459e+02 6.429561e+02
2.914519e-02 8.396701e-02 1.138790e-07 1.925105e+02 3.988499e+02 6.114394e+02
3.077436e-02 8.132353e-02 1.531253e-08 1.852195e+02 3.803235e+02 5.815306e+02
3.249459e-02 7.867125e-02 1.709098e-09 1.782439e+02 3.627166e+02 5.531459e+02
3.431098e-02 7.601320e-02 1.357869e-10 1.715684e+02 3.459816e+02 5.262058e+02
3.622890e-02 7.335255e-02 1.028885e-11 1.651785e+02 3.300739e+02 5.006352e+02
3.825403e-02 7.069257e-02 5.352028e-13 1.590605e+02 3.149507e+02 4.763627e+02
4.039236e-02 6.803666e-02 1.824827e-14 1.532014e+02 3.005718e+02 4.533211e+02
4.265022e-02 6.538829e-02 4.292851e-16 1.475887e+02 2.868991e+02 4.314462e+02
4.503429e-02 6.275106e-02 8.038813e-18 1.422109e+02 2.738962e+02 4.106776e+02
4.755162e-02 6.012862e-02 9.113651e-20 1.370568e+02 2.615291e+02 3.909579e+02
5.020967e-02 5.752473e-02 9.426011e-22 1.321159e+02 2.497651e+02 3.722327e+02
5.301630e-02 5.494319e-02 4.098360e-24 1.273782e+02 2.385735e+02 3.544505e+02
5.597982e-02 5.238786e-02 1.624940e-26 1.228343e+02 2.279252e+02 3.375627e+02
5.910899e-02 4.986261e-02 2.926111e-29 1.184752e+02 2.177925e+02 3.215229e+02
6.241308e-02 4.737136e-02 3.586931e-32 1.142923e+02 2.081492e+02 3.062873e+02
6.590185e-02 4.491802e-02 2.149200e-35 1.102777e+02 1.989705e+02 2.918145e+02
6.958565e-02 4.250645e-02 1.060215e-38 1.064235e+02 1.902328e+02 2.780651e+02
7.347536e-02 4.014052e-02 1.159623e-42 1.027226e+02 1.819138e+02 2.650019e+02
7.758250e-02 3.782399e-02 1.198263e-46 9.916795e+01 1.739925e+02 2.525896e+02
8.191922e-02 3.556057e-02 5.056053e-51 9.575304e+01 1.664486e+02 2.407947e+02
8.649836e-02 3.335385e-02 8.373093e-56 9.247159e+01 1.592633e+02 2.295854e+02
9.133346e-02 3.120728e-02 1.222578e-60 8.931768e+01 1.524186e+02 2.189319e+02
9.643884e-02 2.912415e-02 1.161265e-66 8.628567e+01 1.458972e+02 2.088054e+02
1.018296e-01 2.710757e-02 3.351060e-72 8.337018e+01 1.396831e+02 1.991792e+02
1.075217e-01 2.516043e-02 1.873605e-78 8.056612e+01 1.337608e+02 1.900275e+02
1.135320e-01 2.328540e-02 2.385131e-85 7.786863e+01 1.281158e+02 1.813261e+02
1.198782e-01 2.148486e-02 8.790438e-93 7.527310e+01 1.227343e+02 1.730520e+02
1.265792e-01 1.976093e-02 1.126323e-100 7.277514e+01 1.176032e+02 1.651834e+02
1.336547e-01 1.811539e-02 8.420162e-109 7.037057e+01 1.127099e+02 1.576997e+02
1.411258e-01 1.654972e-02 5.347968e-118 6.805540e+01 1.080429e+02 1.505813e+02
1.490144e-01 1.506501e-02 1.691149e-127 6.582586e+01 1.035907e+02 1.438096e+02
1.573441e-01 1.366201e-02 1.697356e-138 6.367833e+01 9.934292e+01 1.373670e+02
1.661393e-01 1.234108e-02 6.070206e-149 6.160937e+01 9.528938e+01 1.312367e+02
1.754262e-01 1.110216e-02 7.924557e-161 5.961571e+01 9.142056e+01 1.254030e+02
1.852322e-01 9.944839e-03 1.115046e-173 5.769423e+01 8.772740e+01 1.198509e+02
1.955864e-01 8.868266e-03 5.028559e-187 5.584196e+01 8.420127e+01 1.145661e+02
2.065193e-01 7.871206e-03 2.171132e-201 5.405606e+01 8.083403e+01 1.095351e+02
2.180633e-01 6.952035e-03 2.530091e-217 5.233381e+01 7.761794e+01 1.047452e+02
2.302527e-01 6.108749e-03 6.494434e-234 5.067265e+01 7.454563e+01 1.001841e+02
2.431234e-01 5.338987e-03 4.219959e-251 4.907011e+01 7.161012e+01 9.584041e+01
2.567136e-01 4.640055e-03 4.889834e-270 4.752384e+01 6.880480e+01 9.170316e+01
2.710634e-01 4.008950e-03 8.436571e-290 4.603160e+01 6.612338e+01 8.776202e+01
2.862153e-01 3.442400e-03 4.394069e-312 4.459124e+01 6.355988e+01 8.400715e+01
3.022143e-01 2.936898e-03 0.000000e+00 4.320072e+01 6.110865e+01 8.042924e+01
3.191075e-01 2.488744e-03 0.000000e+00 4.185808e+01 5.876429e+01 7.701944e+01
3.369450e-01 2.094092e-03 0.000000e+00 4.056146e+01 5.652170e+01 7.376938e+01
3.557796e-01 1.748995e-03 0.000000e+00 3.930907e+01 5.437603e+01 7.067110e+01
3.756671e-01 1.449451e-03 0.000000e+00 3.809921e+01 5.232267e+01 6.771705e+01
3.966662e-01 1.191457e-03 0.000000e+00 3.693024e+01 5.035725e+01 6.490008e+01
4.188391e-01 9.710501e-04 0.000000e+00 3.580061e+01 4.847561e+01 6.221339e+01
4.422515e-01 7.843560e-04 0.000000e+00 3.470882e+01 4.667380e+01 5.965054e+01
4.669725e-01 6.276290e-04 0.000000e+00 3.365344e+01 4.494807e+01 5.720540e+01
4.930755e-01 4.972925e-04 0.000000e+00 3.263311e+01 4.329486e+01 5.487219e+01
5.206375e-01 3.899683e-04 0.000000e+00 3.164652e+01 4.171078e+01 5.264539e+01
5.497402e-01 3.025061e-04 0.000000e+00 3.069241e+01 4.019262e+01 5.051977e+01
5.804697e-01 2.320028e-04 0.000000e+00 2.976959e+01 3.873732e+01 4.849039e+01
6.129169e-01 1.758173e-04 0.000000e+00 2.887690e+01 3.734199e+01 4.655252e+01
6.471778e-01 1.315772e-04 0.000000e+00 2.801324e+01 3.600385e+01 4.470171e+01
6.833539e-01 9.718031e-05 0.000000e+00 2.717756e+01 3.472028e+01 4.293372e+01
7.215521e-01 7.078942e-05 0.000000e+00 2.636884e+01 3.348879e+01 4.124451e+01
7.618856e-01 5.082166e-05 0.000000e+00 2.558612e+01 3.230701e+01 3.963027e+01
8.044736e-01 3.593369e-05 0.000000e+00 2.482846e+01 3.117269e+01 3.808738e+01
8.494422e-01 2.500304e-05 0.000000e+00 2.409496e+01 3.008368e+01 3.661239e+01
8.969245e-01 1.710679e-05 0.000000e+00 2.338478e+01 2.903793e+01 3.520203e+01
9.470610e-01 1.149894e-05 0.000000e+00 2.269709e+01 2.803353e+01 3.385321e+01
1.000000e+00 7.586972e-06 0.000000e+00 2.203109e+01 2.706860e+01 3.256296e+01
