-375.322 -374.572 0
-374.572 -373.821 1
-373.821 -373.07 1
-373.07 -372.32 0
-372.32 -371.569 0
-371.569 -370.819 1
-370.819 -370.068 0
-370.068 -369.317 0
-369.317 -368.567 0
-368.567 -367.816 2
-367.816 -367.065 0
-367.065 -366.315 0
-366.315 -365.564 0
-365.564 -364.813 0
-364.813 -364.063 0
-364.063 -363.312 0
-363.312 -362.561 1
-362.561 -361.811 0
-361.811 -361.06 0
-361.06 -360.31 0
-360.31 -359.559 0
-359.559 -358.808 0
-358.808 -358.058 2
-358.058 -357.307 1
-357.307 -356.556 2
-356.556 -355.806 1
-355.806 -355.055 1
-355.055 -354.304 0
-354.304 -353.554 0
-353.554 -352.803 2
-352.803 -352.052 0
-352.052 -351.302 1
-351.302 -350.551 2
-350.551 -349.8 1
-349.8 -349.05 0
-349.05 -348.299 2
-348.299 -347.549 0
-347.549 -346.798 0
-346.798 -346.047 0
-346.047 -345.297 2
-345.297 -344.546 1
-344.546 -343.795 0
-343.795 -343.045 1
-343.045 -342.294 0
-342.294 -341.543 3
-341.543 -340.793 1
-340.793 -340.042 0
-340.042 -339.291 5
-339.291 -338.541 3
-338.541 -337.79 3
-337.79 -337.04 3
-337.04 -336.289 1
-336.289 -335.538 1
-335.538 -334.788 1
-334.788 -334.037 5
-334.037 -333.286 5
-333.286 -332.536 7
-332.536 -331.785 6
-331.785 -331.034 5
-331.034 -330.284 3
-330.284 -329.533 1
-329.533 -328.782 2
-328.782 -328.032 3
-328.032 -327.281 10
-327.281 -326.53 10
-326.53 -325.78 13
-325.78 -325.029 8
-325.029 -324.279 6
-324.279 -323.528 5
-323.528 -322.777 4
-322.777 -322.027 6
-322.027 -321.276 4
-321.276 -320.525 8
-320.525 -319.775 19
-319.775 -319.024 13
-319.024 -318.273 12
-318.273 -317.523 7
-317.523 -316.772 4
-316.772 -316.021 6
-316.021 -315.271 6
-315.271 -314.52 19
-314.52 -313.77 25
-313.77 -313.019 28
-313.019 -312.268 17
-312.268 -311.518 19
-311.518 -310.767 15
-310.767 -310.016 13
-310.016 -309.266 12
-309.266 -308.515 39
-308.515 -307.764 70
-307.764 -307.014 82
-307.014 -306.263 65
-306.263 -305.512 48
-305.512 -304.762 32
-304.762 -304.011 25
-304.011 -303.26 45
-303.26 -302.51 169
-302.51 -301.759 416
-301.759 -301.009 591
-301.009 -300.258 646
-300.258 -299.507 512
-299.507 -298.757 301
-298.757 -298.006 234
-298.006 -297.255 160
-297.255 -296.505 177
-296.505 -295.754 248
-295.754 -295.003 347
-295.003 -294.253 375
-294.253 -293.502 325
-293.502 -292.751 246
-292.751 -292.001 197
-292.001 -291.25 160
-291.25 -290.5 165
-290.5 -289.749 171
-289.749 -288.998 230
-288.998 -288.248 241
-288.248 -287.497 172
-287.497 -286.746 130
-286.746 -285.996 102
-285.996 -285.245 101
-285.245 -284.494 89
-284.494 -283.744 113
-283.744 -282.993 158
-282.993 -282.242 228
-282.242 -281.492 222
-281.492 -280.741 152
-280.741 -279.991 120
-279.991 -279.24 125
-279.24 -278.489 136
-278.489 -277.739 165
-277.739 -276.988 187
-276.988 -276.237 240
-276.237 -275.487 251
-275.487 -274.736 184
-274.736 -273.985 129
-273.985 -273.235 124
-273.235 -272.484 106
-272.484 -271.733 151
-271.733 -270.983 184
-270.983 -270.232 236
-270.232 -269.481 265
-269.481 -268.731 223
-268.731 -267.98 222
-267.98 -267.23 171
-267.23 -266.479 135
-266.479 -265.728 122
-265.728 -264.978 172
-264.978 -264.227 227
-264.227 -263.476 292
-263.476 -262.726 320
-262.726 -261.975 273
-261.975 -261.224 258
-261.224 -260.474 176
-260.474 -259.723 162
-259.723 -258.972 193
-258.972 -258.222 247
-258.222 -257.471 321
-257.471 -256.721 344
-256.721 -255.97 308
-255.97 -255.219 278
-255.219 -254.469 240
-254.469 -253.718 183
-253.718 -252.967 207
-252.967 -252.217 265
-252.217 -251.466 374
-251.466 -250.715 382
-250.715 -249.965 386
-249.965 -249.214 318
-249.214 -248.463 286
-248.463 -247.713 229
-247.713 -246.962 225
-246.962 -246.211 266
-246.211 -245.461 353
-245.461 -244.71 452
-244.71 -243.96 497
-243.96 -243.209 394
-243.209 -242.458 356
-242.458 -241.708 286
-241.708 -240.957 285
-240.957 -240.206 314
-240.206 -239.456 388
-239.456 -238.705 474
-238.705 -237.954 516
-237.954 -237.204 495
-237.204 -236.453 466
-236.453 -235.702 342
-235.702 -234.952 340
-234.952 -234.201 345
-234.201 -233.451 449
-233.451 -232.7 594
-232.7 -231.949 676
-231.949 -231.199 700
-231.199 -230.448 577
-230.448 -229.697 505
-229.697 -228.947 500
-228.947 -228.196 478
-228.196 -227.445 585
-227.445 -226.695 927
-226.695 -225.944 1261
-225.944 -225.193 1404
-225.193 -224.443 1079
-224.443 -223.692 937
-223.692 -222.942 717
-222.942 -222.191 648
-222.191 -221.44 695
-221.44 -220.69 865
-220.69 -219.939 1169
-219.939 -219.188 1272
-219.188 -218.438 1185
-218.438 -217.687 1009
-217.687 -216.936 819
-216.936 -216.186 676
-216.186 -215.435 556
-215.435 -214.684 609
-214.684 -213.934 783
-213.934 -213.183 909
-213.183 -212.432 963
-212.432 -211.682 910
-211.682 -210.931 770
-210.931 -210.181 695
-210.181 -209.43 594
-209.43 -208.679 597
-208.679 -207.929 734
-207.929 -207.178 873
-207.178 -206.427 1004
-206.427 -205.677 984
-205.677 -204.926 893
-204.926 -204.175 830
-204.175 -203.425 744
-203.425 -202.674 745
-202.674 -201.923 832
-201.923 -201.173 1030
-201.173 -200.422 1118
-200.422 -199.672 1144
-199.672 -198.921 1050
-198.921 -198.17 880
-198.17 -197.42 783
-197.42 -196.669 742
-196.669 -195.918 711
-195.918 -195.168 749
-195.168 -194.417 970
-194.417 -193.666 1106
-193.666 -192.916 1036
-192.916 -192.165 931
-192.165 -191.414 852
-191.414 -190.664 737
-190.664 -189.913 724
-189.913 -189.162 813
-189.162 -188.412 913
-188.412 -187.661 1069
-187.661 -186.911 1075
-186.911 -186.16 1001
-186.16 -185.409 959
-185.409 -184.659 792
-184.659 -183.908 779
-183.908 -183.157 800
-183.157 -182.407 914
-182.407 -181.656 1114
-181.656 -180.905 1160
-180.905 -180.155 1202
-180.155 -179.404 962
-179.404 -178.653 897
-178.653 -177.903 807
-177.903 -177.152 839
-177.152 -176.402 871
-176.402 -175.651 877
-175.651 -174.9 1005
-174.9 -174.15 1079
-174.15 -173.399 1081
-173.399 -172.648 938
-172.648 -171.898 852
-171.898 -171.147 789
-171.147 -170.396 875
-170.396 -169.646 961
-169.646 -168.895 975
-168.895 -168.144 1057
-168.144 -167.394 1186
-167.394 -166.643 977
-166.643 -165.893 918
-165.893 -165.142 869
-165.142 -164.391 892
-164.391 -163.641 973
-163.641 -162.89 955
-162.89 -162.139 1038
-162.139 -161.389 1119
-161.389 -160.638 971
-160.638 -159.887 827
-159.887 -159.137 847
-159.137 -158.386 821
-158.386 -157.635 775
-157.635 -156.885 821
-156.885 -156.134 881
-156.134 -155.383 1081
-155.383 -154.633 1132
-154.633 -153.882 980
-153.882 -153.132 1004
-153.132 -152.381 999
-152.381 -151.63 1093
-151.63 -150.88 1155
-150.88 -150.129 1186
-150.129 -149.378 1486
-149.378 -148.628 1985
-148.628 -147.877 1685
-147.877 -147.126 1223
-147.126 -146.376 1150
-146.376 -145.625 1258
-145.625 -144.874 1284
-144.874 -144.124 920
-144.124 -143.373 822
-143.373 -142.623 1021
-142.623 -141.872 924
-141.872 -141.121 812
-141.121 -140.371 814
-140.371 -139.62 667
-139.62 -138.869 619
-138.869 -138.119 603
-138.119 -137.368 602
-137.368 -136.617 691
-136.617 -135.867 663
-135.867 -135.116 738
-135.116 -134.365 772
-134.365 -133.615 729
-133.615 -132.864 566
-132.864 -132.113 534
-132.113 -131.363 507
-131.363 -130.612 584
-130.612 -129.862 598
-129.862 -129.111 622
-129.111 -128.36 684
-128.36 -127.61 655
-127.61 -126.859 530
-126.859 -126.108 470
-126.108 -125.358 444
-125.358 -124.607 494
-124.607 -123.856 547
-123.856 -123.106 591
-123.106 -122.355 658
-122.355 -121.604 609
-121.604 -120.854 592
-120.854 -120.103 491
-120.103 -119.353 475
-119.353 -118.602 459
-118.602 -117.851 472
-117.851 -117.101 597
-117.101 -116.35 610
-116.35 -115.599 639
-115.599 -114.849 620
-114.849 -114.098 565
-114.098 -113.347 430
-113.347 -112.597 454
-112.597 -111.846 513
-111.846 -111.095 507
-111.095 -110.345 525
-110.345 -109.594 596
-109.594 -108.843 658
-108.843 -108.093 569
-108.093 -107.342 494
-107.342 -106.592 453
-106.592 -105.841 453
-105.841 -105.09 495
-105.09 -104.34 522
-104.34 -103.589 544
-103.589 -102.838 530
-102.838 -102.088 580
-102.088 -101.337 489
-101.337 -100.586 449
-100.586 -99.8358 390
-99.8358 -99.0851 470
-99.0851 -98.3345 523
-98.3345 -97.5838 568
-97.5838 -96.8332 543
-96.8332 -96.0825 585
-96.0825 -95.3319 467
-95.3319 -94.5812 473
-94.5812 -93.8306 475
-93.8306 -93.08 461
-93.08 -92.3293 516
-92.3293 -91.5787 545
-91.5787 -90.828 566
-90.828 -90.0774 617
-90.0774 -89.3267 522
-89.3267 -88.5761 486
-88.5761 -87.8254 452
-87.8254 -87.0748 490
-87.0748 -86.3242 530
-86.3242 -85.5735 545
-85.5735 -84.8229 577
-84.8229 -84.0722 664
-84.0722 -83.3216 623
-83.3216 -82.5709 600
-82.5709 -81.8203 513
-81.8203 -81.0696 490
-81.0696 -80.319 540
-80.319 -79.5683 613
-79.5683 -78.8177 627
-78.8177 -78.0671 666
-78.0671 -77.3164 660
-77.3164 -76.5658 679
-76.5658 -75.8151 579
-75.8151 -75.0645 569
-75.0645 -74.3138 597
-74.3138 -73.5632 715
-73.5632 -72.8125 727
-72.8125 -72.0619 728
-72.0619 -71.3113 694
-71.3113 -70.5606 689
-70.5606 -69.81 593
-69.81 -69.0593 525
-69.0593 -68.3087 546
-68.3087 -67.558 604
-67.558 -66.8074 686
-66.8074 -66.0567 671
-66.0567 -65.3061 630
-65.3061 -64.5555 638
-64.5555 -63.8048 615
-63.8048 -63.0542 488
-63.0542 -62.3035 465
-62.3035 -61.5529 509
-61.5529 -60.8022 510
-60.8022 -60.0516 544
-60.0516 -59.3009 574
-59.3009 -58.5503 532
-58.5503 -57.7996 514
-57.7996 -57.049 493
-57.049 -56.2984 477
-56.2984 -55.5477 477
-55.5477 -54.7971 504
-54.7971 -54.0464 462
-54.0464 -53.2958 489
-53.2958 -52.5451 459
-52.5451 -51.7945 488
-51.7945 -51.0438 519
-51.0438 -50.2932 514
-50.2932 -49.5426 493
-49.5426 -48.7919 493
-48.7919 -48.0413 524
-48.0413 -47.2906 445
-47.2906 -46.54 426
-46.54 -45.7893 442
-45.7893 -45.0387 469
-45.0387 -44.288 495
-44.288 -43.5374 495
-43.5374 -42.7868 516
-42.7868 -42.0361 511
-42.0361 -41.2855 439
-41.2855 -40.5348 398
-40.5348 -39.7842 403
-39.7842 -39.0335 437
-39.0335 -38.2829 522
-38.2829 -37.5322 512
-37.5322 -36.7816 561
-36.7816 -36.031 532
-36.031 -35.2803 505
-35.2803 -34.5297 419
-34.5297 -33.779 399
-33.779 -33.0284 457
-33.0284 -32.2777 521
-32.2777 -31.5271 525
-31.5271 -30.7764 566
-30.7764 -30.0258 554
-30.0258 -29.2751 476
-29.2751 -28.5245 449
-28.5245 -27.7739 434
-27.7739 -27.0232 460
-27.0232 -26.2726 533
-26.2726 -25.5219 598
-25.5219 -24.7713 558
-24.7713 -24.0206 584
-24.0206 -23.27 533
-23.27 -22.5193 500
-22.5193 -21.7687 463
-21.7687 -21.0181 389
-21.0181 -20.2674 568
-20.2674 -19.5168 657
-19.5168 -18.7661 670
-18.7661 -18.0155 672
-18.0155 -17.2648 648
-17.2648 -16.5142 550
-16.5142 -15.7635 501
-15.7635 -15.0129 499
-15.0129 -14.2623 621
-14.2623 -13.5116 676
-13.5116 -12.761 753
-12.761 -12.0103 829
-12.0103 -11.2597 709
-11.2597 -10.509 652
-10.509 -9.75838 577
-9.75838 -9.00774 555
-9.00774 -8.25709 671
-8.25709 -7.50645 871
-7.50645 -6.7558 1019
-6.7558 -6.00516 1071
-6.00516 -5.25451 1014
-5.25451 -4.50387 926
-4.50387 -3.75322 787
-3.75322 -3.00258 761
-3.00258 -2.25193 1020
-2.25193 -1.50129 1577
-1.50129 -0.750645 2296
-0.750645 0 3050
0 0.750645 3594
0.750645 1.50129 3276
1.50129 2.25193 2307
2.25193 3.00258 1371
3.00258 3.75322 1091
3.75322 4.50387 1865
4.50387 5.25451 2878
5.25451 6.00516 3559
6.00516 6.7558 3234
6.7558 7.50645 2443
7.50645 8.25709 1848
8.25709 9.00774 1168
9.00774 9.75838 771
9.75838 10.509 784
10.509 11.2597 871
11.2597 12.0103 1022
12.0103 12.761 1094
12.761 13.5116 995
13.5116 14.2623 866
14.2623 15.0129 727
15.0129 15.7635 594
15.7635 16.5142 591
16.5142 17.2648 612
17.2648 18.0155 747
18.0155 18.7661 795
18.7661 19.5168 821
19.5168 20.2674 703
20.2674 21.0181 585
21.0181 21.7687 554
21.7687 22.5193 488
22.5193 23.27 545
23.27 24.0206 614
24.0206 24.7713 667
24.7713 25.5219 688
25.5219 26.2726 656
26.2726 27.0232 598
27.0232 27.7739 453
27.7739 28.5245 415
28.5245 29.2751 441
29.2751 30.0258 509
30.0258 30.7764 536
30.7764 31.5271 529
31.5271 32.2777 598
32.2777 33.0284 592
33.0284 33.779 497
33.779 34.5297 420
34.5297 35.2803 432
35.2803 36.031 494
36.031 36.7816 500
36.7816 37.5322 582
37.5322 38.2829 564
38.2829 39.0335 547
39.0335 39.7842 527
39.7842 40.5348 422
40.5348 41.2855 408
41.2855 42.0361 486
42.0361 42.7868 496
42.7868 43.5374 526
43.5374 44.288 554
44.288 45.0387 489
45.0387 45.7893 485
45.7893 46.54 471
46.54 47.2906 412
47.2906 48.0413 469
48.0413 48.7919 485
48.7919 49.5426 498
49.5426 50.2932 449
50.2932 51.0438 491
51.0438 51.7945 547
51.7945 52.5451 478
52.5451 53.2958 455
53.2958 54.0464 451
54.0464 54.7971 447
54.7971 55.5477 465
55.5477 56.2984 514
56.2984 57.049 466
57.049 57.7996 502
57.7996 58.5503 477
58.5503 59.3009 460
59.3009 60.0516 503
60.0516 60.8022 505
60.8022 61.5529 509
61.5529 62.3035 476
62.3035 63.0542 461
63.0542 63.8048 491
63.8048 64.5555 527
64.5555 65.3061 506
65.3061 66.0567 500
66.0567 66.8074 605
66.8074 67.558 535
67.558 68.3087 517
68.3087 69.0593 468
69.0593 69.81 518
69.81 70.5606 561
70.5606 71.3113 619
71.3113 72.0619 652
72.0619 72.8125 680
72.8125 73.5632 671
73.5632 74.3138 605
74.3138 75.0645 564
75.0645 75.8151 505
75.8151 76.5658 580
76.5658 77.3164 685
77.3164 78.0671 645
78.0671 78.8177 701
78.8177 79.5683 763
79.5683 80.319 736
80.319 81.0696 638
81.0696 81.8203 522
81.8203 82.5709 513
82.5709 83.3216 618
83.3216 84.0722 671
84.0722 84.8229 698
84.8229 85.5735 633
85.5735 86.3242 685
86.3242 87.0748 561
87.0748 87.8254 455
87.8254 88.5761 498
88.5761 89.3267 520
89.3267 90.0774 614
90.0774 90.828 631
90.828 91.5787 595
91.5787 92.3293 561
92.3293 93.08 541
93.08 93.8306 483
93.8306 94.5812 441
94.5812 95.3319 447
95.3319 96.0825 518
96.0825 96.8332 586
96.8332 97.5838 595
97.5838 98.3345 521
98.3345 99.0851 484
99.0851 99.8358 470
99.8358 100.586 419
100.586 101.337 467
101.337 102.088 454
102.088 102.838 570
102.838 103.589 549
103.589 104.34 586
104.34 105.09 475
105.09 105.841 463
105.841 106.592 428
106.592 107.342 436
107.342 108.093 451
108.093 108.843 547
108.843 109.594 593
109.594 110.345 565
110.345 111.095 521
111.095 111.846 546
111.846 112.597 460
112.597 113.347 421
113.347 114.098 458
114.098 114.849 532
114.849 115.599 578
115.599 116.35 607
116.35 117.101 573
117.101 117.851 534
117.851 118.602 484
118.602 119.353 476
119.353 120.103 469
120.103 120.854 535
120.854 121.604 588
121.604 122.355 604
122.355 123.106 631
123.106 123.856 602
123.856 124.607 530
124.607 125.358 461
125.358 126.108 456
126.108 126.859 459
126.859 127.61 539
127.61 128.36 621
128.36 129.111 630
129.111 129.862 611
129.862 130.612 558
130.612 131.363 518
131.363 132.113 455
132.113 132.864 452
132.864 133.615 546
133.615 134.365 624
134.365 135.116 671
135.116 135.867 605
135.867 136.617 585
136.617 137.368 593
137.368 138.119 515
138.119 138.869 544
138.869 139.62 583
139.62 140.371 667
140.371 141.121 707
141.121 141.872 687
141.872 142.623 675
142.623 143.373 715
143.373 144.124 600
144.124 144.874 589
144.874 145.625 585
145.625 146.376 639
146.376 147.126 790
147.126 147.877 809
147.877 148.628 875
148.628 149.378 974
149.378 150.129 890
150.129 150.88 835
150.88 151.63 1118
151.63 152.381 1240
152.381 153.132 1159
153.132 153.882 1140
153.882 154.633 1479
154.633 155.383 1920
155.383 156.134 1697
156.134 156.885 1219
156.885 157.635 1222
157.635 158.386 1131
158.386 159.137 1038
159.137 159.887 996
159.887 160.638 1030
160.638 161.389 1103
161.389 162.139 1130
162.139 162.89 1046
162.89 163.641 884
163.641 164.391 768
164.391 165.142 776
165.142 165.893 785
165.893 166.643 867
166.643 167.394 938
167.394 168.144 1178
168.144 168.895 1091
168.895 169.646 1012
169.646 170.396 961
170.396 171.147 878
171.147 171.898 891
171.898 172.648 892
172.648 173.399 991
173.399 174.15 1175
174.15 174.9 1191
174.9 175.651 1067
175.651 176.402 960
176.402 177.152 907
177.152 177.903 857
177.903 178.653 769
178.653 179.404 874
179.404 180.155 979
180.155 180.905 1020
180.905 181.656 954
181.656 182.407 957
182.407 183.157 832
183.157 183.908 747
183.908 184.659 754
184.659 185.409 817
185.409 186.16 1000
186.16 186.911 1102
186.911 187.661 1155
187.661 188.412 1111
188.412 189.162 1012
189.162 189.913 869
189.913 190.664 744
190.664 191.414 806
191.414 192.165 878
192.165 192.916 1043
192.916 193.666 1079
193.666 194.417 1038
194.417 195.168 957
195.168 195.918 848
195.918 196.669 773
196.669 197.42 695
197.42 198.17 775
198.17 198.921 895
198.921 199.672 1056
199.672 200.422 1094
200.422 201.173 960
201.173 201.923 881
201.923 202.674 768
202.674 203.425 673
203.425 204.175 749
204.175 204.926 886
204.926 205.677 1049
205.677 206.427 1104
206.427 207.178 1187
207.178 207.929 1012
207.929 208.679 818
208.679 209.43 723
209.43 210.181 687
210.181 210.931 770
210.931 211.682 851
211.682 212.432 911
212.432 213.183 990
213.183 213.934 960
213.934 214.684 807
214.684 215.435 685
215.435 216.186 575
216.186 216.936 656
216.936 217.687 728
217.687 218.438 838
218.438 219.188 916
219.188 219.939 941
219.939 220.69 874
220.69 221.44 664
221.44 222.191 660
222.191 222.942 624
222.942 223.692 744
223.692 224.443 868
224.443 225.193 1065
225.193 225.944 1249
225.944 226.695 1213
226.695 227.445 938
227.445 228.196 751
228.196 228.947 639
228.947 229.697 703
229.697 230.448 825
230.448 231.199 1064
231.199 231.949 1272
231.949 232.7 1467
232.7 233.451 1058
233.451 234.201 771
234.201 234.952 520
234.952 235.702 484
235.702 236.453 503
236.453 237.204 569
237.204 237.954 673
237.954 238.705 736
238.705 239.456 598
239.456 240.206 486
240.206 240.957 396
240.957 241.708 335
241.708 242.458 350
242.458 243.209 377
243.209 243.96 478
243.96 244.71 507
244.71 245.461 552
245.461 246.211 409
246.211 246.962 334
246.962 247.713 265
247.713 248.463 317
248.463 249.214 338
249.214 249.965 386
249.965 250.715 438
250.715 251.466 414
251.466 252.217 399
252.217 252.967 307
252.967 253.718 239
253.718 254.469 225
254.469 255.219 271
255.219 255.97 308
255.97 256.721 368
256.721 257.471 402
257.471 258.222 370
258.222 258.972 306
258.972 259.723 209
259.723 260.474 196
260.474 261.224 179
261.224 261.975 245
261.975 262.726 263
262.726 263.476 321
263.476 264.227 285
264.227 264.978 282
264.978 265.728 182
265.728 266.479 144
266.479 267.23 141
267.23 267.98 196
267.98 268.731 271
268.731 269.481 297
269.481 270.232 290
270.232 270.983 238
270.983 271.733 190
271.733 272.484 128
272.484 273.235 138
273.235 273.985 170
273.985 274.736 215
274.736 275.487 232
275.487 276.237 262
276.237 276.988 237
276.988 277.739 214
277.739 278.489 162
278.489 279.24 137
279.24 279.991 121
279.991 280.741 160
280.741 281.492 180
281.492 282.242 238
282.242 282.993 255
282.993 283.744 231
283.744 284.494 184
284.494 285.245 128
285.245 285.996 125
285.996 286.746 124
286.746 287.497 143
287.497 288.248 240
288.248 288.998 210
288.998 289.749 197
289.749 290.5 145
290.5 291.25 108
291.25 292.001 102
292.001 292.751 132
292.751 293.502 132
293.502 294.253 148
294.253 295.003 234
295.003 295.754 224
295.754 296.505 202
296.505 297.255 153
297.255 298.006 143
298.006 298.757 178
298.757 299.507 224
299.507 300.258 263
300.258 301.009 309
301.009 301.759 374
301.759 302.51 332
302.51 303.26 197
303.26 304.011 155
304.011 304.762 224
304.762 305.512 285
305.512 306.263 410
306.263 307.014 562
307.014 307.764 678
307.764 308.515 513
308.515 309.266 254
309.266 310.016 78
310.016 310.767 28
310.767 311.518 28
311.518 312.268 47
312.268 313.019 54
313.019 313.77 68
313.77 314.52 63
314.52 315.271 48
315.271 316.021 23
316.021 316.772 10
316.772 317.523 13
317.523 318.273 14
318.273 319.024 21
319.024 319.775 13
319.775 320.525 33
320.525 321.276 17
321.276 322.027 9
322.027 322.777 6
322.777 323.528 5
323.528 324.279 7
324.279 325.029 8
325.029 325.78 12
325.78 326.53 19
326.53 327.281 9
327.281 328.032 8
328.032 328.782 4
328.782 329.533 4
329.533 330.284 4
330.284 331.034 6
331.034 331.785 6
331.785 332.536 13
332.536 333.286 4
333.286 334.037 3
334.037 334.788 3
334.788 335.538 4
335.538 336.289 2
336.289 337.04 3
337.04 337.79 3
337.79 338.541 5
338.541 339.291 4
339.291 340.042 5
340.042 340.793 6
340.793 341.543 5
341.543 342.294 1
342.294 343.045 0
343.045 343.795 1
343.795 344.546 3
344.546 345.297 1
345.297 346.047 5
346.047 346.798 1
346.798 347.549 0
347.549 348.299 0
348.299 349.05 0
349.05 349.8 0
349.8 350.551 2
350.551 351.302 1
351.302 352.052 1
352.052 352.803 3
352.803 353.554 0
353.554 354.304 1
354.304 355.055 2
355.055 355.806 2
355.806 356.556 2
356.556 357.307 0
357.307 358.058 0
358.058 358.808 5
358.808 359.559 2
359.559 360.31 1
360.31 361.06 0
361.06 361.811 0
361.811 362.561 1
362.561 363.312 1
363.312 364.063 0
364.063 364.813 0
364.813 365.564 1
365.564 366.315 0
366.315 367.065 0
367.065 367.816 0
367.816 368.567 0
368.567 369.317 0
369.317 370.068 0
370.068 370.819 0
370.819 371.569 0
371.569 372.32 0
372.32 373.07 0
373.07 373.821 0
373.821 374.572 1
374.572 375.322 0
