-7.23704 -7.22257 0
-7.22257 -7.20809 0
-7.20809 -7.19362 0
-7.19362 -7.17915 0
-7.17915 -7.16467 0
-7.16467 -7.1502 0
-7.1502 -7.13572 0
-7.13572 -7.12125 0
-7.12125 -7.10678 0
-7.10678 -7.0923 0
-7.0923 -7.07783 0
-7.07783 -7.06335 3
-7.06335 -7.04888 0
-7.04888 -7.0344 1
-7.0344 -7.01993 2
-7.01993 -7.00546 0
-7.00546 -6.99098 1
-6.99098 -6.97651 0
-6.97651 -6.96203 1
-6.96203 -6.94756 0
-6.94756 -6.93309 1
-6.93309 -6.91861 0
-6.91861 -6.90414 0
-6.90414 -6.88966 3
-6.88966 -6.87519 2
-6.87519 -6.86072 2
-6.86072 -6.84624 1
-6.84624 -6.83177 1
-6.83177 -6.81729 1
-6.81729 -6.80282 1
-6.80282 -6.78835 0
-6.78835 -6.77387 2
-6.77387 -6.7594 0
-6.7594 -6.74492 2
-6.74492 -6.73045 2
-6.73045 -6.71597 1
-6.71597 -6.7015 1
-6.7015 -6.68703 2
-6.68703 -6.67255 1
-6.67255 -6.65808 1
-6.65808 -6.6436 0
-6.6436 -6.62913 1
-6.62913 -6.61466 0
-6.61466 -6.60018 2
-6.60018 -6.58571 2
-6.58571 -6.57123 3
-6.57123 -6.55676 1
-6.55676 -6.54229 3
-6.54229 -6.52781 2
-6.52781 -6.51334 1
-6.51334 -6.49886 1
-6.49886 -6.48439 4
-6.48439 -6.46992 3
-6.46992 -6.45544 2
-6.45544 -6.44097 2
-6.44097 -6.42649 5
-6.42649 -6.41202 3
-6.41202 -6.39755 2
-6.39755 -6.38307 3
-6.38307 -6.3686 2
-6.3686 -6.35412 3
-6.35412 -6.33965 0
-6.33965 -6.32517 8
-6.32517 -6.3107 4
-6.3107 -6.29623 3
-6.29623 -6.28175 1
-6.28175 -6.26728 7
-6.26728 -6.2528 2
-6.2528 -6.23833 4
-6.23833 -6.22386 3
-6.22386 -6.20938 7
-6.20938 -6.19491 5
-6.19491 -6.18043 2
-6.18043 -6.16596 1
-6.16596 -6.15149 3
-6.15149 -6.13701 7
-6.13701 -6.12254 4
-6.12254 -6.10806 4
-6.10806 -6.09359 5
-6.09359 -6.07912 7
-6.07912 -6.06464 6
-6.06464 -6.05017 1
-6.05017 -6.03569 4
-6.03569 -6.02122 7
-6.02122 -6.00674 4
-6.00674 -5.99227 4
-5.99227 -5.9778 2
-5.9778 -5.96332 6
-5.96332 -5.94885 7
-5.94885 -5.93437 1
-5.93437 -5.9199 3
-5.9199 -5.90543 2
-5.90543 -5.89095 5
-5.89095 -5.87648 2
-5.87648 -5.862 5
-5.862 -5.84753 8
-5.84753 -5.83306 9
-5.83306 -5.81858 3
-5.81858 -5.80411 3
-5.80411 -5.78963 4
-5.78963 -5.77516 7
-5.77516 -5.76069 8
-5.76069 -5.74621 7
-5.74621 -5.73174 3
-5.73174 -5.71726 5
-5.71726 -5.70279 5
-5.70279 -5.68832 5
-5.68832 -5.67384 4
-5.67384 -5.65937 6
-5.65937 -5.64489 13
-5.64489 -5.63042 10
-5.63042 -5.61594 12
-5.61594 -5.60147 7
-5.60147 -5.587 11
-5.587 -5.57252 11
-5.57252 -5.55805 9
-5.55805 -5.54357 8
-5.54357 -5.5291 17
-5.5291 -5.51463 11
-5.51463 -5.50015 14
-5.50015 -5.48568 6
-5.48568 -5.4712 10
-5.4712 -5.45673 12
-5.45673 -5.44226 15
-5.44226 -5.42778 21
-5.42778 -5.41331 14
-5.41331 -5.39883 15
-5.39883 -5.38436 19
-5.38436 -5.36989 20
-5.36989 -5.35541 22
-5.35541 -5.34094 13
-5.34094 -5.32646 13
-5.32646 -5.31199 18
-5.31199 -5.29751 11
-5.29751 -5.28304 21
-5.28304 -5.26857 15
-5.26857 -5.25409 18
-5.25409 -5.23962 12
-5.23962 -5.22514 13
-5.22514 -5.21067 20
-5.21067 -5.1962 18
-5.1962 -5.18172 11
-5.18172 -5.16725 20
-5.16725 -5.15277 19
-5.15277 -5.1383 18
-5.1383 -5.12383 17
-5.12383 -5.10935 21
-5.10935 -5.09488 23
-5.09488 -5.0804 15
-5.0804 -5.06593 10
-5.06593 -5.05146 15
-5.05146 -5.03698 19
-5.03698 -5.02251 12
-5.02251 -5.00803 12
-5.00803 -4.99356 22
-4.99356 -4.97908 20
-4.97908 -4.96461 17
-4.96461 -4.95014 17
-4.95014 -4.93566 22
-4.93566 -4.92119 27
-4.92119 -4.90671 14
-4.90671 -4.89224 16
-4.89224 -4.87777 16
-4.87777 -4.86329 18
-4.86329 -4.84882 22
-4.84882 -4.83434 31
-4.83434 -4.81987 17
-4.81987 -4.8054 14
-4.8054 -4.79092 13
-4.79092 -4.77645 15
-4.77645 -4.76197 21
-4.76197 -4.7475 19
-4.7475 -4.73303 25
-4.73303 -4.71855 24
-4.71855 -4.70408 16
-4.70408 -4.6896 19
-4.6896 -4.67513 29
-4.67513 -4.66066 24
-4.66066 -4.64618 19
-4.64618 -4.63171 21
-4.63171 -4.61723 32
-4.61723 -4.60276 16
-4.60276 -4.58828 28
-4.58828 -4.57381 15
-4.57381 -4.55934 12
-4.55934 -4.54486 19
-4.54486 -4.53039 29
-4.53039 -4.51591 17
-4.51591 -4.50144 18
-4.50144 -4.48697 13
-4.48697 -4.47249 15
-4.47249 -4.45802 23
-4.45802 -4.44354 26
-4.44354 -4.42907 13
-4.42907 -4.4146 22
-4.4146 -4.40012 22
-4.40012 -4.38565 19
-4.38565 -4.37117 23
-4.37117 -4.3567 17
-4.3567 -4.34223 21
-4.34223 -4.32775 18
-4.32775 -4.31328 18
-4.31328 -4.2988 15
-4.2988 -4.28433 20
-4.28433 -4.26985 17
-4.26985 -4.25538 14
-4.25538 -4.24091 29
-4.24091 -4.22643 24
-4.22643 -4.21196 13
-4.21196 -4.19748 19
-4.19748 -4.18301 23
-4.18301 -4.16854 25
-4.16854 -4.15406 14
-4.15406 -4.13959 24
-4.13959 -4.12511 13
-4.12511 -4.11064 15
-4.11064 -4.09617 22
-4.09617 -4.08169 23
-4.08169 -4.06722 19
-4.06722 -4.05274 23
-4.05274 -4.03827 20
-4.03827 -4.0238 22
-4.0238 -4.00932 24
-4.00932 -3.99485 22
-3.99485 -3.98037 23
-3.98037 -3.9659 22
-3.9659 -3.95142 15
-3.95142 -3.93695 26
-3.93695 -3.92248 30
-3.92248 -3.908 16
-3.908 -3.89353 25
-3.89353 -3.87905 21
-3.87905 -3.86458 26
-3.86458 -3.85011 23
-3.85011 -3.83563 21
-3.83563 -3.82116 24
-3.82116 -3.80668 29
-3.80668 -3.79221 31
-3.79221 -3.77774 32
-3.77774 -3.76326 33
-3.76326 -3.74879 26
-3.74879 -3.73431 31
-3.73431 -3.71984 28
-3.71984 -3.70537 32
-3.70537 -3.69089 26
-3.69089 -3.67642 32
-3.67642 -3.66194 33
-3.66194 -3.64747 32
-3.64747 -3.633 42
-3.633 -3.61852 30
-3.61852 -3.60405 29
-3.60405 -3.58957 34
-3.58957 -3.5751 36
-3.5751 -3.56062 24
-3.56062 -3.54615 34
-3.54615 -3.53168 31
-3.53168 -3.5172 34
-3.5172 -3.50273 27
-3.50273 -3.48825 35
-3.48825 -3.47378 34
-3.47378 -3.45931 28
-3.45931 -3.44483 34
-3.44483 -3.43036 32
-3.43036 -3.41588 17
-3.41588 -3.40141 33
-3.40141 -3.38694 28
-3.38694 -3.37246 34
-3.37246 -3.35799 37
-3.35799 -3.34351 34
-3.34351 -3.32904 26
-3.32904 -3.31457 42
-3.31457 -3.30009 44
-3.30009 -3.28562 28
-3.28562 -3.27114 31
-3.27114 -3.25667 36
-3.25667 -3.24219 45
-3.24219 -3.22772 34
-3.22772 -3.21325 39
-3.21325 -3.19877 27
-3.19877 -3.1843 44
-3.1843 -3.16982 49
-3.16982 -3.15535 39
-3.15535 -3.14088 36
-3.14088 -3.1264 33
-3.1264 -3.11193 40
-3.11193 -3.09745 36
-3.09745 -3.08298 39
-3.08298 -3.06851 31
-3.06851 -3.05403 34
-3.05403 -3.03956 41
-3.03956 -3.02508 38
-3.02508 -3.01061 42
-3.01061 -2.99614 37
-2.99614 -2.98166 38
-2.98166 -2.96719 40
-2.96719 -2.95271 47
-2.95271 -2.93824 33
-2.93824 -2.92376 41
-2.92376 -2.90929 39
-2.90929 -2.89482 29
-2.89482 -2.88034 33
-2.88034 -2.86587 42
-2.86587 -2.85139 43
-2.85139 -2.83692 46
-2.83692 -2.82245 39
-2.82245 -2.80797 38
-2.80797 -2.7935 25
-2.7935 -2.77902 44
-2.77902 -2.76455 46
-2.76455 -2.75008 40
-2.75008 -2.7356 42
-2.7356 -2.72113 41
-2.72113 -2.70665 43
-2.70665 -2.69218 47
-2.69218 -2.67771 43
-2.67771 -2.66323 41
-2.66323 -2.64876 44
-2.64876 -2.63428 51
-2.63428 -2.61981 39
-2.61981 -2.60534 39
-2.60534 -2.59086 43
-2.59086 -2.57639 45
-2.57639 -2.56191 41
-2.56191 -2.54744 47
-2.54744 -2.53296 51
-2.53296 -2.51849 41
-2.51849 -2.50402 50
-2.50402 -2.48954 34
-2.48954 -2.47507 45
-2.47507 -2.46059 73
-2.46059 -2.44612 47
-2.44612 -2.43165 50
-2.43165 -2.41717 49
-2.41717 -2.4027 65
-2.4027 -2.38822 82
-2.38822 -2.37375 52
-2.37375 -2.35928 61
-2.35928 -2.3448 61
-2.3448 -2.33033 85
-2.33033 -2.31585 63
-2.31585 -2.30138 69
-2.30138 -2.28691 84
-2.28691 -2.27243 60
-2.27243 -2.25796 85
-2.25796 -2.24348 100
-2.24348 -2.22901 86
-2.22901 -2.21453 106
-2.21453 -2.20006 94
-2.20006 -2.18559 108
-2.18559 -2.17111 103
-2.17111 -2.15664 121
-2.15664 -2.14216 91
-2.14216 -2.12769 112
-2.12769 -2.11322 138
-2.11322 -2.09874 149
-2.09874 -2.08427 145
-2.08427 -2.06979 151
-2.06979 -2.05532 164
-2.05532 -2.04085 155
-2.04085 -2.02637 176
-2.02637 -2.0119 180
-2.0119 -1.99742 200
-1.99742 -1.98295 227
-1.98295 -1.96848 205
-1.96848 -1.954 205
-1.954 -1.93953 253
-1.93953 -1.92505 289
-1.92505 -1.91058 283
-1.91058 -1.89611 261
-1.89611 -1.88163 290
-1.88163 -1.86716 273
-1.86716 -1.85268 291
-1.85268 -1.83821 307
-1.83821 -1.82373 298
-1.82373 -1.80926 338
-1.80926 -1.79479 351
-1.79479 -1.78031 345
-1.78031 -1.76584 345
-1.76584 -1.75136 381
-1.75136 -1.73689 376
-1.73689 -1.72242 407
-1.72242 -1.70794 398
-1.70794 -1.69347 416
-1.69347 -1.67899 459
-1.67899 -1.66452 406
-1.66452 -1.65005 433
-1.65005 -1.63557 451
-1.63557 -1.6211 464
-1.6211 -1.60662 464
-1.60662 -1.59215 486
-1.59215 -1.57768 471
-1.57768 -1.5632 472
-1.5632 -1.54873 484
-1.54873 -1.53425 522
-1.53425 -1.51978 501
-1.51978 -1.5053 471
-1.5053 -1.49083 595
-1.49083 -1.47636 559
-1.47636 -1.46188 552
-1.46188 -1.44741 564
-1.44741 -1.43293 582
-1.43293 -1.41846 593
-1.41846 -1.40399 570
-1.40399 -1.38951 625
-1.38951 -1.37504 608
-1.37504 -1.36056 636
-1.36056 -1.34609 676
-1.34609 -1.33162 705
-1.33162 -1.31714 699
-1.31714 -1.30267 725
-1.30267 -1.28819 737
-1.28819 -1.27372 749
-1.27372 -1.25925 775
-1.25925 -1.24477 779
-1.24477 -1.2303 885
-1.2303 -1.21582 896
-1.21582 -1.20135 857
-1.20135 -1.18687 950
-1.18687 -1.1724 1019
-1.1724 -1.15793 952
-1.15793 -1.14345 1057
-1.14345 -1.12898 988
-1.12898 -1.1145 1117
-1.1145 -1.10003 1128
-1.10003 -1.08556 1190
-1.08556 -1.07108 1171
-1.07108 -1.05661 1199
-1.05661 -1.04213 1244
-1.04213 -1.02766 1330
-1.02766 -1.01319 1287
-1.01319 -0.998712 1321
-0.998712 -0.984238 1447
-0.984238 -0.969764 1442
-0.969764 -0.95529 1487
-0.95529 -0.940815 1533
-0.940815 -0.926341 1633
-0.926341 -0.911867 1721
-0.911867 -0.897393 1692
-0.897393 -0.882919 1772
-0.882919 -0.868445 1766
-0.868445 -0.853971 1804
-0.853971 -0.839497 1870
-0.839497 -0.825023 1979
-0.825023 -0.810549 1977
-0.810549 -0.796075 2018
-0.796075 -0.781601 2035
-0.781601 -0.767126 2133
-0.767126 -0.752652 2166
-0.752652 -0.738178 2231
-0.738178 -0.723704 2251
-0.723704 -0.70923 2301
-0.70923 -0.694756 2258
-0.694756 -0.680282 2384
-0.680282 -0.665808 2349
-0.665808 -0.651334 2572
-0.651334 -0.63686 2553
-0.63686 -0.622386 2625
-0.622386 -0.607912 2756
-0.607912 -0.593437 2704
-0.593437 -0.578963 2694
-0.578963 -0.564489 2815
-0.564489 -0.550015 2989
-0.550015 -0.535541 2885
-0.535541 -0.521067 3020
-0.521067 -0.506593 2996
-0.506593 -0.492119 3003
-0.492119 -0.477645 3198
-0.477645 -0.463171 3253
-0.463171 -0.448697 3233
-0.448697 -0.434223 3343
-0.434223 -0.419748 3436
-0.419748 -0.405274 3403
-0.405274 -0.3908 3446
-0.3908 -0.376326 3483
-0.376326 -0.361852 3611
-0.361852 -0.347378 3428
-0.347378 -0.332904 3666
-0.332904 -0.31843 3781
-0.31843 -0.303956 3854
-0.303956 -0.289482 3854
-0.289482 -0.275008 3754
-0.275008 -0.260534 3833
-0.260534 -0.246059 3946
-0.246059 -0.231585 3948
-0.231585 -0.217111 3982
-0.217111 -0.202637 4077
-0.202637 -0.188163 4047
-0.188163 -0.173689 4206
-0.173689 -0.159215 4116
-0.159215 -0.144741 4272
-0.144741 -0.130267 4266
-0.130267 -0.115793 4325
-0.115793 -0.101319 4161
-0.101319 -0.0868445 4279
-0.0868445 -0.0723704 4294
-0.0723704 -0.0578963 4253
-0.0578963 -0.0434223 4384
-0.0434223 -0.0289482 4248
-0.0289482 -0.0144741 4251
-0.0144741 0 4300
0 0.0144741 4364
0.0144741 0.0289482 4270
0.0289482 0.0434223 4353
0.0434223 0.0578963 4304
0.0578963 0.0723704 4431
0.0723704 0.0868445 4318
0.0868445 0.101319 4323
0.101319 0.115793 4258
0.115793 0.130267 4201
0.130267 0.144741 4265
0.144741 0.159215 4160
0.159215 0.173689 4027
0.173689 0.188163 4085
0.188163 0.202637 4004
0.202637 0.217111 4039
0.217111 0.231585 4015
0.231585 0.246059 4070
0.246059 0.260534 3973
0.260534 0.275008 3900
0.275008 0.289482 3867
0.289482 0.303956 3817
0.303956 0.31843 3773
0.31843 0.332904 3834
0.332904 0.347378 3736
0.347378 0.361852 3549
0.361852 0.376326 3594
0.376326 0.3908 3454
0.3908 0.405274 3369
0.405274 0.419748 3373
0.419748 0.434223 3407
0.434223 0.448697 3307
0.448697 0.463171 3355
0.463171 0.477645 3204
0.477645 0.492119 3159
0.492119 0.506593 3186
0.506593 0.521067 3063
0.521067 0.535541 2906
0.535541 0.550015 2905
0.550015 0.564489 2896
0.564489 0.578963 2712
0.578963 0.593437 2672
0.593437 0.607912 2703
0.607912 0.622386 2685
0.622386 0.63686 2532
0.63686 0.651334 2530
0.651334 0.665808 2460
0.665808 0.680282 2534
0.680282 0.694756 2364
0.694756 0.70923 2351
0.70923 0.723704 2244
0.723704 0.738178 2266
0.738178 0.752652 2150
0.752652 0.767126 2202
0.767126 0.781601 2101
0.781601 0.796075 2049
0.796075 0.810549 2083
0.810549 0.825023 1950
0.825023 0.839497 1830
0.839497 0.853971 1925
0.853971 0.868445 1776
0.868445 0.882919 1752
0.882919 0.897393 1687
0.897393 0.911867 1647
0.911867 0.926341 1627
0.926341 0.940815 1601
0.940815 0.95529 1581
0.95529 0.969764 1541
0.969764 0.984238 1436
0.984238 0.998712 1391
0.998712 1.01319 1411
1.01319 1.02766 1349
1.02766 1.04213 1349
1.04213 1.05661 1311
1.05661 1.07108 1211
1.07108 1.08556 1193
1.08556 1.10003 1165
1.10003 1.1145 1160
1.1145 1.12898 1154
1.12898 1.14345 1050
1.14345 1.15793 1008
1.15793 1.1724 983
1.1724 1.18687 954
1.18687 1.20135 869
1.20135 1.21582 892
1.21582 1.2303 841
1.2303 1.24477 827
1.24477 1.25925 811
1.25925 1.27372 771
1.27372 1.28819 813
1.28819 1.30267 739
1.30267 1.31714 734
1.31714 1.33162 686
1.33162 1.34609 649
1.34609 1.36056 620
1.36056 1.37504 646
1.37504 1.38951 656
1.38951 1.40399 616
1.40399 1.41846 653
1.41846 1.43293 641
1.43293 1.44741 573
1.44741 1.46188 571
1.46188 1.47636 597
1.47636 1.49083 553
1.49083 1.5053 535
1.5053 1.51978 525
1.51978 1.53425 483
1.53425 1.54873 557
1.54873 1.5632 527
1.5632 1.57768 497
1.57768 1.59215 448
1.59215 1.60662 470
1.60662 1.6211 474
1.6211 1.63557 452
1.63557 1.65005 470
1.65005 1.66452 424
1.66452 1.67899 408
1.67899 1.69347 415
1.69347 1.70794 421
1.70794 1.72242 395
1.72242 1.73689 440
1.73689 1.75136 380
1.75136 1.76584 400
1.76584 1.78031 378
1.78031 1.79479 351
1.79479 1.80926 329
1.80926 1.82373 321
1.82373 1.83821 290
1.83821 1.85268 341
1.85268 1.86716 286
1.86716 1.88163 303
1.88163 1.89611 282
1.89611 1.91058 256
1.91058 1.92505 282
1.92505 1.93953 248
1.93953 1.954 234
1.954 1.96848 218
1.96848 1.98295 205
1.98295 1.99742 193
1.99742 2.0119 191
2.0119 2.02637 179
2.02637 2.04085 179
2.04085 2.05532 152
2.05532 2.06979 157
2.06979 2.08427 173
2.08427 2.09874 130
2.09874 2.11322 146
2.11322 2.12769 127
2.12769 2.14216 130
2.14216 2.15664 140
2.15664 2.17111 108
2.17111 2.18559 94
2.18559 2.20006 106
2.20006 2.21453 91
2.21453 2.22901 95
2.22901 2.24348 93
2.24348 2.25796 81
2.25796 2.27243 87
2.27243 2.28691 78
2.28691 2.30138 75
2.30138 2.31585 78
2.31585 2.33033 69
2.33033 2.3448 54
2.3448 2.35928 73
2.35928 2.37375 61
2.37375 2.38822 64
2.38822 2.4027 54
2.4027 2.41717 52
2.41717 2.43165 56
2.43165 2.44612 52
2.44612 2.46059 44
2.46059 2.47507 45
2.47507 2.48954 57
2.48954 2.50402 36
2.50402 2.51849 57
2.51849 2.53296 52
2.53296 2.54744 57
2.54744 2.56191 51
2.56191 2.57639 39
2.57639 2.59086 38
2.59086 2.60534 56
2.60534 2.61981 40
2.61981 2.63428 52
2.63428 2.64876 34
2.64876 2.66323 39
2.66323 2.67771 40
2.67771 2.69218 49
2.69218 2.70665 35
2.70665 2.72113 34
2.72113 2.7356 41
2.7356 2.75008 33
2.75008 2.76455 34
2.76455 2.77902 46
2.77902 2.7935 34
2.7935 2.80797 33
2.80797 2.82245 31
2.82245 2.83692 33
2.83692 2.85139 40
2.85139 2.86587 41
2.86587 2.88034 30
2.88034 2.89482 35
2.89482 2.90929 43
2.90929 2.92376 39
2.92376 2.93824 45
2.93824 2.95271 52
2.95271 2.96719 29
2.96719 2.98166 34
2.98166 2.99614 47
2.99614 3.01061 37
3.01061 3.02508 37
3.02508 3.03956 32
3.03956 3.05403 33
3.05403 3.06851 44
3.06851 3.08298 35
3.08298 3.09745 35
3.09745 3.11193 39
3.11193 3.1264 38
3.1264 3.14088 35
3.14088 3.15535 43
3.15535 3.16982 37
3.16982 3.1843 31
3.1843 3.19877 39
3.19877 3.21325 44
3.21325 3.22772 29
3.22772 3.24219 27
3.24219 3.25667 39
3.25667 3.27114 31
3.27114 3.28562 36
3.28562 3.30009 46
3.30009 3.31457 48
3.31457 3.32904 34
3.32904 3.34351 40
3.34351 3.35799 45
3.35799 3.37246 31
3.37246 3.38694 41
3.38694 3.40141 32
3.40141 3.41588 22
3.41588 3.43036 38
3.43036 3.44483 35
3.44483 3.45931 42
3.45931 3.47378 40
3.47378 3.48825 38
3.48825 3.50273 38
3.50273 3.5172 30
3.5172 3.53168 29
3.53168 3.54615 44
3.54615 3.56062 24
3.56062 3.5751 28
3.5751 3.58957 32
3.58957 3.60405 24
3.60405 3.61852 37
3.61852 3.633 23
3.633 3.64747 36
3.64747 3.66194 36
3.66194 3.67642 34
3.67642 3.69089 27
3.69089 3.70537 29
3.70537 3.71984 31
3.71984 3.73431 38
3.73431 3.74879 30
3.74879 3.76326 21
3.76326 3.77774 20
3.77774 3.79221 21
3.79221 3.80668 24
3.80668 3.82116 27
3.82116 3.83563 33
3.83563 3.85011 24
3.85011 3.86458 23
3.86458 3.87905 22
3.87905 3.89353 24
3.89353 3.908 25
3.908 3.92248 18
3.92248 3.93695 22
3.93695 3.95142 27
3.95142 3.9659 28
3.9659 3.98037 22
3.98037 3.99485 27
3.99485 4.00932 15
4.00932 4.0238 16
4.0238 4.03827 32
4.03827 4.05274 23
4.05274 4.06722 29
4.06722 4.08169 20
4.08169 4.09617 18
4.09617 4.11064 22
4.11064 4.12511 21
4.12511 4.13959 27
4.13959 4.15406 19
4.15406 4.16854 23
4.16854 4.18301 21
4.18301 4.19748 19
4.19748 4.21196 19
4.21196 4.22643 30
4.22643 4.24091 15
4.24091 4.25538 22
4.25538 4.26985 19
4.26985 4.28433 18
4.28433 4.2988 22
4.2988 4.31328 19
4.31328 4.32775 15
4.32775 4.34223 15
4.34223 4.3567 13
4.3567 4.37117 20
4.37117 4.38565 13
4.38565 4.40012 20
4.40012 4.4146 26
4.4146 4.42907 19
4.42907 4.44354 20
4.44354 4.45802 17
4.45802 4.47249 18
4.47249 4.48697 20
4.48697 4.50144 20
4.50144 4.51591 17
4.51591 4.53039 18
4.53039 4.54486 14
4.54486 4.55934 26
4.55934 4.57381 18
4.57381 4.58828 29
4.58828 4.60276 30
4.60276 4.61723 16
4.61723 4.63171 20
4.63171 4.64618 20
4.64618 4.66066 21
4.66066 4.67513 16
4.67513 4.6896 21
4.6896 4.70408 19
4.70408 4.71855 16
4.71855 4.73303 22
4.73303 4.7475 19
4.7475 4.76197 16
4.76197 4.77645 15
4.77645 4.79092 20
4.79092 4.8054 18
4.8054 4.81987 22
4.81987 4.83434 23
4.83434 4.84882 23
4.84882 4.86329 22
4.86329 4.87777 17
4.87777 4.89224 21
4.89224 4.90671 25
4.90671 4.92119 21
4.92119 4.93566 14
4.93566 4.95014 14
4.95014 4.96461 14
4.96461 4.97908 20
4.97908 4.99356 10
4.99356 5.00803 22
5.00803 5.02251 15
5.02251 5.03698 19
5.03698 5.05146 16
5.05146 5.06593 18
5.06593 5.0804 20
5.0804 5.09488 13
5.09488 5.10935 23
5.10935 5.12383 18
5.12383 5.1383 16
5.1383 5.15277 17
5.15277 5.16725 22
5.16725 5.18172 27
5.18172 5.1962 12
5.1962 5.21067 16
5.21067 5.22514 13
5.22514 5.23962 15
5.23962 5.25409 19
5.25409 5.26857 20
5.26857 5.28304 11
5.28304 5.29751 14
5.29751 5.31199 19
5.31199 5.32646 16
5.32646 5.34094 11
5.34094 5.35541 21
5.35541 5.36989 12
5.36989 5.38436 18
5.38436 5.39883 17
5.39883 5.41331 16
5.41331 5.42778 20
5.42778 5.44226 20
5.44226 5.45673 22
5.45673 5.4712 19
5.4712 5.48568 16
5.48568 5.50015 10
5.50015 5.51463 10
5.51463 5.5291 7
5.5291 5.54357 7
5.54357 5.55805 16
5.55805 5.57252 7
5.57252 5.587 11
5.587 5.60147 13
5.60147 5.61594 8
5.61594 5.63042 7
5.63042 5.64489 9
5.64489 5.65937 7
5.65937 5.67384 11
5.67384 5.68832 7
5.68832 5.70279 7
5.70279 5.71726 11
5.71726 5.73174 6
5.73174 5.74621 8
5.74621 5.76069 7
5.76069 5.77516 5
5.77516 5.78963 9
5.78963 5.80411 4
5.80411 5.81858 5
5.81858 5.83306 3
5.83306 5.84753 0
5.84753 5.862 2
5.862 5.87648 4
5.87648 5.89095 4
5.89095 5.90543 2
5.90543 5.9199 4
5.9199 5.93437 4
5.93437 5.94885 1
5.94885 5.96332 3
5.96332 5.9778 4
5.9778 5.99227 2
5.99227 6.00674 6
6.00674 6.02122 2
6.02122 6.03569 2
6.03569 6.05017 1
6.05017 6.06464 2
6.06464 6.07912 5
6.07912 6.09359 4
6.09359 6.10806 5
6.10806 6.12254 5
6.12254 6.13701 4
6.13701 6.15149 3
6.15149 6.16596 1
6.16596 6.18043 3
6.18043 6.19491 4
6.19491 6.20938 2
6.20938 6.22386 2
6.22386 6.23833 2
6.23833 6.2528 2
6.2528 6.26728 1
6.26728 6.28175 3
6.28175 6.29623 1
6.29623 6.3107 5
6.3107 6.32517 2
6.32517 6.33965 4
6.33965 6.35412 2
6.35412 6.3686 1
6.3686 6.38307 3
6.38307 6.39755 1
6.39755 6.41202 1
6.41202 6.42649 0
6.42649 6.44097 3
6.44097 6.45544 2
6.45544 6.46992 3
6.46992 6.48439 4
6.48439 6.49886 2
6.49886 6.51334 2
6.51334 6.52781 4
6.52781 6.54229 1
6.54229 6.55676 1
6.55676 6.57123 4
6.57123 6.58571 4
6.58571 6.60018 3
6.60018 6.61466 2
6.61466 6.62913 2
6.62913 6.6436 3
6.6436 6.65808 1
6.65808 6.67255 1
6.67255 6.68703 3
6.68703 6.7015 1
6.7015 6.71597 3
6.71597 6.73045 2
6.73045 6.74492 0
6.74492 6.7594 1
6.7594 6.77387 0
6.77387 6.78835 3
6.78835 6.80282 4
6.80282 6.81729 2
6.81729 6.83177 0
6.83177 6.84624 1
6.84624 6.86072 2
6.86072 6.87519 1
6.87519 6.88966 1
6.88966 6.90414 2
6.90414 6.91861 1
6.91861 6.93309 1
6.93309 6.94756 2
6.94756 6.96203 0
6.96203 6.97651 0
6.97651 6.99098 1
6.99098 7.00546 0
7.00546 7.01993 0
7.01993 7.0344 0
7.0344 7.04888 0
7.04888 7.06335 1
7.06335 7.07783 1
7.07783 7.0923 1
7.0923 7.10678 1
7.10678 7.12125 0
7.12125 7.13572 0
7.13572 7.1502 0
7.1502 7.16467 0
7.16467 7.17915 0
7.17915 7.19362 0
7.19362 7.20809 0
7.20809 7.22257 0
7.22257 7.23704 0
