3.951689 2.961815 -0.002320788 340.6024 2.280415 0.0 331.8316 41.98586 -0.3843387 -0.2465161 0.1847886 9618.457
7.903378 2.779063 0.002297346 1204.524 2.757642 1.282779 1196.801 75.71453 -0.4148992 -0.0720219 0.1622634 8832.362
11.85507 2.625239 0.009097026 2503.875 3.33192 1.470867 2496.989 105.3129 -0.4246283 -0.07368147 0.1477412 9190.044
15.80676 2.523414 0.02132897 4163.044 3.997006 1.528893 4156.678 131.4842 -0.4282664 -0.107224 0.1374741 10740.66
19.75844 2.438862 0.02712259 6129.756 4.62987 1.549877 6123.82 154.9669 -0.4290385 -0.1149496 0.1292542 12286.26
23.71013 2.391241 0.03105394 8369.795 5.229858 1.5588 8364.075 176.3819 -0.4281968 -0.1163775 0.122475 14750.31
27.66182 2.320219 0.02114888 10851.23 5.789473 1.559029 10845.87 196.0436 -0.4259019 -0.1273591 0.1169219 15970.83
31.61351 2.196937 0.01417208 13535.63 6.398129 1.54826 13530.74 214.0036 -0.4226874 -0.1271263 0.1122048 15067.61
35.5652 2.101913 0.02473396 16385.32 7.023172 1.529228 16380.92 230.294 -0.4192981 -0.1371645 0.1077501 15079.67
39.51689 2.055104 0.02991674 19389.26 7.623533 1.515427 19384.97 245.2754 -0.4149867 -0.1479278 0.1039392 16356.74
43.46858 1.972778 0.01901539 22525.27 8.171007 1.49972 22521.5 259.0536 -0.4102957 -0.1579474 0.1003783 16420.12
47.42027 1.880937 0.0246933 25770.41 8.79276 1.480817 25766.89 271.6863 -0.4052672 -0.1649299 0.09710824 16153.41
55.32364 1.754602 0.03952192 32503.17 9.933755 1.435537 32499.91 293.727 -0.3941664 -0.1813865 0.09134209 16852.78
59.27533 1.754336 0.04263801 35965.15 10.4793 1.417202 35962.09 303.3477 -0.3877047 -0.1852973 0.0887748 18644.45
67.17871 1.64292 0.02918733 43059.42 11.50299 1.383209 43056.72 320.464 -0.3736488 -0.2114999 0.08423615 19121.79
71.1304 1.601351 0.03764359 46662.86 11.94644 1.366354 46660.24 327.9912 -0.3660995 -0.2194718 0.08217573 19623.07
79.03378 1.467838 0.02923472 53961.54 12.89452 1.335702 53959.31 341.3691 -0.3502896 -0.2308977 0.07847869 19219.42
90.88885 1.304453 0.03263119 64944.35 14.07931 1.274502 64942.49 357.2641 -0.3261331 -0.2538214 0.07340133 19207.09
98.79222 1.199234 0.03294847 72249.0 14.72305 1.248184 72247.51 365.6541 -0.3098102 -0.2664842 0.07029355 19115.17
110.6473 1.002734 0.03799729 83143.43 15.7043 1.195871 83142.45 375.7093 -0.2847005 -0.2845694 0.06615388 18143.28
122.5024 0.8293968 0.03222424 93781.43 16.55126 1.143093 93780.95 382.7712 -0.2581442 -0.3033044 0.06245077 17513.84
134.3574 0.648614 0.0319331 104061.2 17.24972 1.090101 104060.7 387.2535 -0.2304928 -0.3230323 0.05908728 16720.71
150.1642 0.3596817 0.04060698 117211.1 18.05305 1.037195 117211.1 390.2761 -0.1937193 -0.3337627 0.05491889 15126.58
165.9709 0.2691253 0.0473548 129822.0 18.96946 0.9891682 129821.5 391.0983 -0.1576005 -0.3353279 0.05113423 15720.64
181.7777 0.2483402 0.0378546 141804.5 19.34638 0.945468 141804.4 390.0491 -0.1231921 -0.3431352 0.04765368 16926.38
201.5361 0.1603294 0.04610651 155864.3 20.18642 0.8850574 155864.8 386.6906 -0.08182573 -0.3478394 0.0437566 17529.76
225.2463 0.09323639 0.03760117 171479.7 20.99763 0.8156662 171479.2 380.6493 -0.03262335 -0.3566435 0.03978026 18439.6
248.9564 -0.08977851 0.03084547 185734.4 21.3083 0.7742196 185734.1 373.0259 0.01117206 -0.3606175 0.03619695 17777.56
276.6182 -0.1371503 0.03844897 201058.4 21.8836 0.7352886 201058.9 363.4221 0.0568887 -0.3624198 0.03263509 18693.83
304.28 -0.3023776 0.02788897 215137.9 22.07274 0.6955109 215138.5 353.5194 0.0959183 -0.3651265 0.02957165 18129.98
339.8452 -0.5466701 0.03441728 232537.0 22.13956 0.6952715 232536.4 342.1215 0.1379886 -0.3691548 0.02632272 17092.09
375.4104 -0.5945698 0.04402895 248714.8 22.47548 0.6510944 248714.0 331.2567 0.1667265 -0.3684814 0.02352643 17817.65
414.9273 -0.7956395 0.03757622 265570.3 22.69719 0.6723557 265570.1 320.0195 0.191116 -0.3729729 0.02102971 17131.22
462.3476 -0.5794955 0.04143158 285365.5 22.64499 0.6468315 285365.1 308.6045 0.2131059 -0.373424 0.01860523 20613.95
509.7679 -0.5344979 0.04356631 304454.5 22.74346 0.6750489 304453.8 298.6205 0.2282774 -0.3710737 0.0166949 22531.54
565.0915 -0.3601641 0.02976317 327345.8 22.49705 0.7079849 327347.1 289.6395 0.2417332 -0.3723482 0.01493764 26698.96
624.3668 -0.5440912 0.0248345 351214.9 22.54017 0.7233306 351214.7 281.2566 0.2495809 -0.375335 0.01337409 25854.08
695.4973 -1.594731 0.02934593 379513.5 22.58844 0.7264853 379510.9 272.8343 0.2497543 -0.3725463 0.011868 16913.4
766.6276 -2.596244 0.03973206 408773.2 22.57079 0.7977124 408764.2 266.6004 0.2456192 -0.3746031 0.0107131 12415.72
849.6131 -3.476994 0.0257805 444249.8 22.61987 0.7861404 444237.5 261.4353 0.2402734 -0.3720579 0.009604692 10140.76
944.4536 -4.021089 0.0492789 484536.1 22.71272 0.8445721 484519.6 256.5081 0.2339476 -0.3720073 0.008562684 9444.506
1043.246 -3.856124 0.05131226 525565.8 22.7223 0.7735176 525550.5 251.8826 0.2350707 -0.3719871 0.007728815 10732.12
1157.845 -3.140376 0.04689285 573135.4 22.60016 0.8086854 573124.1 247.4967 0.2255557 -0.3710177 0.006951332 14519.85
1280.347 -2.184587 0.05312687 622012.2 22.5568 0.8076725 622007.4 242.9058 0.2118053 -0.366784 0.006239653 21926.37
1418.656 -0.2553627 0.04680048 674859.3 22.63024 0.8613911 674860.2 237.8516 0.1898159 -0.374606 0.005578637 58489.07
1572.772 1.894052 0.04085103 738550.4 22.59147 0.855277 738549.8 234.7914 0.181476 -0.3761351 0.004980445 475042.9
1742.695 2.908274 0.052604 808510.8 22.77697 0.9269333 808503.2 231.969 0.174696 -0.3678793 0.004465222 14990450.0
1932.376 3.588242 0.03937074 884203.8 22.67912 0.8884354 884190.9 228.7834 0.1562004 -0.3771127 0.00399518 4404900.0
2137.864 4.306048 0.05051721 968608.7 22.8428 0.8940125 968590.2 226.5322 0.1421061 -0.3646853 0.003593087 714125.1
2367.062 5.926653 0.05550572 1059664.0 22.68141 0.8873825 1059629.0 223.8279 0.1285775 -0.37057 0.003234625 136579.8
2623.921 9.173388 0.07071259 1167082.0 22.88319 0.9073305 1167002.0 222.3766 0.1173364 -0.3736628 0.002917767 32060.26
2908.443 11.74271 0.02946562 1283817.0 22.68673 0.8327293 1283679.0 220.6815 0.09624565 -0.3781351 0.002613425 17349.12
3220.626 8.432196 0.06605691 1405044.0 22.73354 0.9680348 1404973.0 218.121 0.09244001 -0.3718715 0.002362847 50176.23
3568.375 6.666732 0.04420446 1543825.0 22.80097 0.8619347 1543774.0 216.3143 0.08973479 -0.3685656 0.002138853 124264.6
3951.689 1.22183 0.03374359 1701863.0 22.8798 0.8612595 1701862.0 215.3334 0.07339537 -0.3715554 0.001934528 461508.8
4378.471 -0.6419677 0.01696305 1875317.0 22.76455 0.810791 1875313.0 214.152 0.06053257 -0.3652719 0.001734734 130899.3
4848.722 2.196604 0.05931596 2079300.0 22.5946 1.101391 2079293.0 214.4168 0.04740763 -0.3680775 0.001564026 2327679.0
5370.345 1.288239 0.03852592 2305018.0 22.95981 1.106007 2305014.0 214.606 0.05078709 -0.3665318 0.001415014 670359.6
5951.244 -1.606158 0.040379 2557323.0 22.79505 0.9329319 2557327.0 214.856 0.04832208 -0.3689398 0.00126946 113400.5
6591.417 -2.3153 0.04855916 2824110.0 22.6353 1.119202 2824112.0 214.226 0.03645396 -0.3750256 0.001144886 94796.38
7302.721 -2.315029 0.04418326 3128590.0 22.636 0.8402052 3128579.0 214.2068 0.02536595 -0.3785502 0.001035213 105057.6
8089.107 0.9915001 0.06911515 3447514.0 22.67517 1.084877 3447514.0 213.0961 0.02311563 -0.3710803 0.0009207726 746010.0
8962.431 -2.20833 0.04811444 3833442.0 22.79097 1.08099 3833454.0 213.8615 0.01336646 -0.3691884 0.0008229017 133919.0
9926.643 -3.064122 0.06551186 4251841.0 22.86679 1.127892 4251850.0 214.1626 0.01863039 -0.3683144 0.0007460117 110343.1
10997.55 7.288133 0.04083973 4741649.0 22.83618 1.297377 4741592.0 215.5751 0.02557755 -0.3667332 0.0006791353 275676.0
12179.11 2.799159 0.05330826 5265353.0 22.78815 1.007827 5265354.0 216.163 0.02293575 -0.3658005 0.0006082058 45752760.0
13495.02 0.8600604 0.03081235 5848037.0 22.55558 1.077684 5848056.0 216.6739 0.03126204 -0.3702539 0.0005525351 1124526.0
14945.29 -3.892866 0.03727701 6489408.0 22.73168 1.002424 6489366.0 217.105 0.04825771 -0.3711224 0.0004936457 131166.9
16557.58 -5.434557 0.05267312 7231041.0 22.72261 1.394235 7231016.0 218.3596 0.04851353 -0.3705124 0.0004405975 98367.58
18343.74 -1.586441 0.06086997 7984520.0 22.90257 1.075519 7984488.0 217.636 0.03837776 -0.3699192 0.0004082918 357559.2
20319.58 16.49077 0.04594791 8814902.0 22.63693 0.7011061 8814630.0 216.8999 0.02785981 -0.3708324 0.000366807 49443.33
22508.82 22.91871 0.03623352 9799419.0 22.45448 0.9341621 9798874.0 217.6679 0.01718128 -0.3708045 0.0003278255 25051.9
24935.16 26.27639 0.0687283 10803790.0 22.64955 1.010811 10803100.0 216.6238 0.02809465 -0.3694016 0.0002939701 20176.44
27618.35 37.87035 0.02790048 11989120.0 22.56929 1.039627 11987700.0 217.0239 0.01725185 -0.3756276 0.0002654791 9937.53
30597.93 31.33111 0.04186923 13227400.0 22.80758 1.033669 13226420.0 216.1326 0.01258874 -0.3733267 0.0002413988 16639.9
33893.64 43.69422 0.06066412 14660340.0 22.73727 0.6542969 14658370.0 216.2416 0.02037191 -0.3696997 0.0002145767 8912.097
37545.0 42.41026 0.04564327 16203530.0 22.73459 1.177788 16201830.0 215.7642 0.01532245 -0.3683488 0.0001971722 10505.74
41591.52 31.72172 0.05075219 17897850.0 22.60504 0.8029175 17896860.0 215.1502 0.009564757 -0.3771641 0.0001741648 21906.9
46072.74 35.83551 0.03733005 19813280.0 22.82697 0.9783784 19812000.0 215.0077 0.01130617 -0.3743973 0.0001689196 18534.78
51036.06 49.44869 0.05758985 21965560.0 22.85661 1.30547 21963130.0 215.1725 0.008111238 -0.3691614 0.0001512766 10242.86
56536.81 41.76073 0.08437198 24522170.0 22.74706 1.4189 24520330.0 216.8536 0.0164367 -0.3744686 0.0001312494 16442.77
62630.32 58.60639 0.05276303 27142950.0 22.67419 1.178879 27139510.0 216.6644 0.008926392 -0.3702896 0.0001239777 8822.606
69379.8 59.49722 0.03511744 30097540.0 22.54025 1.138504 30094030.0 216.8787 0.01487303 -0.366006 0.0001066923 9477.586
76852.45 76.1877 0.06239561 33295800.0 22.59945 1.409504 33289910.0 216.5838 0.01935673 -0.3737667 8.869171e-05 6239.176
85135.19 93.51368 0.07422399 36715510.0 22.69466 1.27379 36706880.0 215.5793 0.007795334 -0.367916 8.952618e-05 4494.581
94311.01 86.24326 0.0647997 40819380.0 22.76205 0.364151 40811910.0 216.3689 0.00358212 -0.3730175 7.724762e-05 5909.928
104470.8 88.03213 0.05152432 44935220.0 22.59602 0.8067627 44927520.0 215.0241 0.006346107 -0.3717195 7.212162e-05 6234.853
115729.2 119.2295 0.06530446 50081100.0 22.53931 1.228848 50066990.0 216.3106 0.009432912 -0.3694554 6.186962e-05 3715.177
128200.7 141.7827 0.04151167 55880350.0 22.995 1.17565 55860120.0 217.8625 0.002154112 -0.3652682 5.936623e-05 2906.487
142015.8 163.5454 0.05542172 62000960.0 22.57801 0.5483551 61974150.0 218.1948 0.009992242 -0.370567 5.495548e-05 2408.975
157316.7 164.0392 0.04954433 68763730.0 22.56753 0.4555779 68737060.0 218.4663 0.01991546 -0.3775713 4.518032e-05 2655.736
174269.5 162.7403 0.07035312 76553660.0 22.38152 1.009346 76527110.0 219.5656 0.0157181 -0.3700718 4.422665e-05 3005.279
193047.9 176.238 0.06478202 84707640.0 22.69102 1.304462 84676660.0 219.315 0.006040692 -0.3676314 3.635883e-05 2826.701
213849.6 220.6819 0.07734709 93803580.0 22.75717 1.445026 93754790.0 219.2075 0.02005816 -0.3629141 3.886223e-05 1981.439
236895.8 208.9776 0.07425683 104116100.0 22.76308 0.0 104071900.0 219.6585 0.01957381 -0.3716488 2.82526e-05 2456.931
262423.8 242.5999 0.05756577 115890800.0 22.56668 2.153242 115831900.0 220.6964 0.02886605 -0.3667486 2.610683e-05 2020.529
290702.0 208.2497 0.07136022 129357800.0 22.57132 0.7015515 129314800.0 222.4174 0.02410269 -0.3772456 2.980232e-05 3074.376
322023.1 205.6738 0.1109805 142641500.0 22.43516 1.087996 142599100.0 221.4114 0.006775498 -0.3674835 2.133846e-05 3476.703
356726.8 258.2639 0.1138422 157574500.0 22.48356 1.721783 157507900.0 220.7681 -0.00400871 -0.3702578 1.692772e-05 2420.234
395164.9 329.1743 0.08414401 175871000.0 22.51046 0.190731 175762300.0 222.3915 -0.003739357 -0.3658465 2.026558e-05 1653.363
