3.951689 3.113863 -0.01079562 36.1841 14.36184 0.0 26.48791 3.351473 -0.1938779 -0.4659975 0.05738211 21764.36
7.903378 3.092906 0.01535855 40.03236 14.47543 0.139931 30.46624 1.927422 -0.1112188 -0.463928 0.02137446 9244.211
11.85507 3.090693 0.00444828 43.35404 14.39755 0.2077761 33.80157 1.425621 -0.07563055 -0.4651904 0.01258731 9448.086
15.80676 3.105381 0.005337489 46.48473 14.39037 0.2583425 36.84138 1.165367 -0.05135369 -0.4666216 0.008898854 21358.75
19.75844 3.106795 0.003934156 49.76789 14.41554 0.3405943 40.11579 1.015154 -0.03067207 -0.4655095 0.00671947 26137.42
23.71013 3.109227 0.01215157 52.79666 14.47544 0.3621554 43.12924 0.9095134 -0.01516593 -0.4665212 0.005427837 32460.1
27.66182 3.120226 0.002547816 55.99754 14.391 0.4207191 46.262 0.8362019 0.004857421 -0.4655125 0.00451088 84072.39
31.61351 3.117488 -0.001075627 59.2996 14.40149 0.4849594 49.58067 0.7841721 0.01242256 -0.4666394 0.003901839 67843.76
35.5652 3.112578 0.004180829 62.59278 14.38837 0.5191402 52.90477 0.7437696 0.0233351 -0.4643489 0.003412127 50825.5
39.51689 3.13378 0.006457694 65.96735 14.32016 0.5352789 56.14677 0.7104149 0.03251791 -0.4663973 0.003030181 766224.5
43.46858 3.132335 0.009146433 69.0447 14.43718 0.5351496 59.2333 0.6813332 0.03990245 -0.4679447 0.002720475 626925.1
47.42027 3.15399 0.00623665 72.6078 14.35095 0.6187038 62.66039 0.6606895 0.0353924 -0.4652957 0.00247848 305774.2
55.32364 3.15381 0.004496181 78.70229 14.39983 0.5437102 68.7558 0.6213959 0.04019475 -0.4648451 0.002102494 379018.5
59.27533 3.159817 -0.0003685506 81.54099 14.39818 0.5589314 71.55634 0.6035946 0.04635429 -0.4647795 0.001957774 189283.9
67.17871 3.157744 -0.002375411 87.72434 14.46225 0.6111374 77.75285 0.5787027 0.05754566 -0.4649101 0.001706362 259548.9
71.1304 3.133678 0.01195502 90.67928 14.35095 0.6660566 80.85966 0.568388 0.05033743 -0.464379 0.001606464 1190178.0
79.03378 3.120315 0.00101589 96.98148 14.42373 0.7364797 87.24478 0.5519483 0.04718065 -0.4675302 0.00143683 168445.8
90.88885 3.153728 0.01068412 106.0867 14.33838 0.7211952 96.14086 0.5288914 0.05042434 -0.4635163 0.001243234 620970.2
98.79222 3.142166 0.003841367 112.3649 14.46475 0.7373085 102.4916 0.5187234 0.04283583 -0.4653404 0.001137733 98974090.0
110.6473 3.125537 0.007775279 121.4033 14.40708 0.7158408 111.6345 0.5044602 0.03962934 -0.4671919 0.00101614 461038.8
122.5024 3.121269 0.00961716 130.7824 14.37525 0.8211136 121.0403 0.4940315 0.03718925 -0.4651034 0.0009148121 286351.6
134.3574 3.140835 0.009883628 140.5242 14.36848 0.7900386 130.6596 0.486238 0.03787076 -0.4639241 0.0008292198 68424560.0
150.1642 3.091377 0.00401715 153.2602 14.35026 0.7466331 143.7035 0.4784883 0.03609669 -0.4645906 0.0007394552 56568.42
165.9709 3.121399 0.01188771 165.8343 14.42319 0.7670765 156.091 0.4702364 0.04547095 -0.466514 0.0006660223 405067.8
181.7777 3.139125 0.0003155065 178.8968 14.3432 0.7939768 169.043 0.4649709 0.04240167 -0.4638853 0.0005964041 36638280.0
201.5361 3.184175 0.0007731126 195.7883 14.32147 0.9282351 185.6501 0.4605858 0.03782916 -0.4660044 0.0005438328 96888.69
225.2463 3.121336 -0.006176023 214.9979 14.36695 0.8551064 205.2551 0.4556239 0.04089344 -0.4657857 0.0004770756 562019.0
248.9564 3.122922 0.01261735 233.0162 14.36107 0.8724899 223.264 0.4483989 0.02775228 -0.4645186 0.0004342794 719562.7
276.6182 3.147533 0.01319355 255.5549 14.38517 0.8855181 245.6479 0.4440199 0.01873386 -0.463299 0.0003880262 8200818.0
304.28 3.22543 -0.002315061 275.9112 14.32405 0.9774188 265.5071 0.4362885 0.005097508 -0.4651495 0.0003523827 37521.32
339.8452 3.238592 -0.00833921 302.7572 14.32393 0.8151627 292.2686 0.4300026 0.01095009 -0.4644987 0.0003114939 31631.06
375.4104 3.251651 0.005584069 331.614 14.36854 0.8852034 321.0404 0.4275863 0.02755523 -0.4656873 0.000284791 27282.66
414.9273 3.302356 -0.006242271 364.4916 14.42015 0.9733735 353.5848 0.4260819 0.02906621 -0.4680349 0.0002613068 14035.93
462.3476 3.352093 -0.0005402753 400.0715 14.35197 1.015493 388.8345 0.4205008 0.02187514 -0.4638675 0.0002253056 8966.893
509.7679 3.338448 0.01386575 439.8719 14.44607 1.034363 428.7274 0.4205117 0.01372898 -0.4655746 0.0002069473 11111.63
565.0915 3.328158 0.006232981 482.9876 14.39637 1.069764 471.9117 0.4175527 -0.001869559 -0.4650638 0.000190258 13418.96
624.3668 3.36486 0.008290594 531.6636 14.52423 0.854641 520.3396 0.4166952 0.003555298 -0.4658027 0.0001673698 10324.42
695.4973 3.314439 0.01121708 586.3109 14.37564 0.6594777 575.3237 0.4136073 0.0009288788 -0.4650527 0.0001505613 19206.46
766.6276 3.300112 0.005069601 641.4852 14.38805 0.4777255 630.5961 0.4112782 0.001838803 -0.4652498 0.0001379251 25932.23
849.6131 3.195265 0.002480758 706.7015 14.38319 1.169006 696.494 0.4098876 0.003796935 -0.4675339 0.0001206398 265843.2
944.4536 3.275067 0.001211182 781.0392 14.39879 0.7925949 770.3159 0.4078089 0.01593506 -0.4637488 0.000123024 43691.01
1043.246 3.210381 0.006038763 865.7513 14.48693 0.8822465 855.4479 0.4099919 0.01760554 -0.4661857 0.0001139641 207472.6
1157.845 3.189101 0.005481396 965.7444 14.29641 1.023667 955.5768 0.412652 0.01623476 -0.4651124 8.797646e-05 578297.4
1280.347 3.243352 0.008933169 1071.15 14.38032 1.411425 1060.63 0.4141966 0.009190679 -0.4641153 8.010864e-05 120898.3
1418.656 3.173252 0.006489083 1175.812 14.34583 0.6536398 1165.745 0.4108616 0.02434576 -0.4649107 6.830692e-05 2857887.0
1572.772 3.249596 0.005792882 1296.093 14.37387 0.8980598 1285.526 0.4086837 0.0231396 -0.466768 6.651878e-05 151593.8
1742.695 3.260087 0.007963306 1443.746 14.3915 1.195488 1433.12 0.4111786 0.01898444 -0.4637133 6.234646e-05 136867.9
1932.376 3.260145 -0.0006047401 1586.906 14.3695 0.8991394 1576.279 0.40786 0.01698077 -0.4617166 5.471706e-05 133300.8
2137.864 3.252129 0.001141881 1744.174 14.37207 0.7843208 1733.603 0.4054509 0.008948088 -0.4638401 4.374981e-05 185153.8
2367.062 3.223128 0.01262864 1941.655 14.41426 1.300563 1931.271 0.407946 0.008701205 -0.4654979 4.649162e-05 464721.4
2623.921 3.245294 0.004960299 2163.813 14.39192 1.114088 2153.295 0.4103174 0.001834154 -0.4665708 3.33786e-05 288479.2
2908.443 3.243809 0.009755912 2392.05 14.39064 1.31989 2381.519 0.4094163 0.0009907484 -0.4651129 3.910065e-05 332477.2
3220.626 3.291291 0.01473418 2645.817 14.33674 1.372482 2634.978 0.4090795 0.01036155 -0.4642185 3.874302e-05 154773.7
3568.375 3.419748 0.0003620324 2920.928 14.42679 0.9565582 2909.225 0.4076412 0.007492542 -0.4649543 3.159046e-05 45424.3
3951.689 3.357316 -0.004844748 3261.041 14.37711 1.591043 3249.761 0.4111874 0.0007703304 -0.4645831 2.551079e-05 90687.68
4378.471 3.162594 0.01441073 3667.255 14.45026 1.249969 3657.257 0.4176404 0.0018121 -0.4637087 1.752377e-05 37880210.0
4848.722 3.295211 0.01073579 4130.453 14.39998 0.8698883 4119.602 0.4248124 7.045269e-05 -0.4656372 2.336502e-05 289624.4
5370.345 3.39438 0.007484965 4604.838 14.3477 1.556698 4593.327 0.4276556 0.001137733 -0.4659085 2.598763e-05 88503.32
5951.244 3.351064 0.002712061 5149.418 14.38701 2.236166 5138.194 0.4316903 -0.0007955432 -0.4637449 2.324581e-05 160899.4
6591.417 3.666502 0.001957188 5728.089 14.43402 0.9220696 5714.631 0.4334914 0.008458495 -0.4659405 1.978874e-05 23353.81
7302.721 3.383753 0.001704784 6389.356 14.42553 0.09687901 6377.912 0.4366801 -0.004047632 -0.465081 1.966953e-05 144402.5
8089.107 3.308234 0.01858439 7141.515 14.40508 1.367804 7130.584 0.4407514 -0.01724058 -0.4646743 1.764297e-05 344618.8
8962.431 3.846791 0.001957021 7966.74 14.36876 1.522034 7951.926 0.4436264 -0.02714968 -0.4662035 1.847744e-05 17145.3
9926.643 4.025608 0.009285411 8857.396 14.32161 1.211706 8841.188 0.4453263 -0.0300799 -0.4655696 3.933907e-06 12052.46
10997.55 3.932535 0.005351209 9787.189 14.4281 0.3714371 9771.788 0.4442683 -0.03276759 -0.4654912 6.914139e-06 16719.1
12179.11 3.990981 0.004149255 10844.53 14.35079 0.4789381 10828.63 0.4445565 -0.03571558 -0.4685174 1.895428e-05 16245.08
13495.02 4.062735 0.008219683 12052.33 14.33773 0.5144234 12035.81 0.4459359 -0.03048253 -0.465221 7.390976e-06 15352.17
14945.29 4.359435 0.002108082 13412.03 14.2861 1.705564 13393.05 0.4480686 -0.02694589 -0.4671516 3.576279e-06 9710.502
16557.58 4.489212 0.02701697 14894.69 14.38669 0.08788873 14874.48 0.4491761 -0.01481581 -0.4659641 4.053116e-06 8944.346
18343.74 4.24086 0.001846625 16576.19 14.40207 1.062241 16558.29 0.4513313 -0.009696305 -0.4673548 4.768372e-06 15195.23
20319.58 4.693098 -0.008504933 18322.94 14.38364 1.416921 18300.94 0.4503271 -0.01948667 -0.466602 9.298325e-06 8171.061
22508.82 4.999223 0.002922346 20410.29 14.39076 0.6191539 20385.43 0.4528292 -0.01749742 -0.4632739 -1.66893e-06 6322.536
24935.16 5.114664 0.01188037 22519.85 14.36589 3.363353 22493.63 0.4510437 -0.01417816 -0.4652933 8.34465e-07 6224.51
27618.35 5.870911 0.01406953 25267.57 14.36769 2.325832 25233.07 0.4568177 -0.01523656 -0.4655275 5.245209e-06 3576.266
30597.93 6.29372 0.006753591 28090.79 14.37254 -2.192854 28051.21 0.4583836 -0.003755152 -0.4647402 3.695488e-06 2987.691
33893.64 6.129162 -0.006324109 31096.61 14.37717 1.390381 31059.1 0.4581839 -0.005373776 -0.4666834 3.576279e-06 3702.118
37545.0 6.326905 0.004813217 34388.68 14.43381 0.5526542 34348.46 0.457433 -0.004318476 -0.4667412 3.933907e-06 3633.875
41591.52 7.10579 0.006726746 38680.35 14.35461 -2.157841 38629.97 0.4643958 -0.01514411 -0.4640592 9.179115e-06 2608.486
46072.74 7.411865 0.007578966 42740.74 14.40185 5.22543 42685.88 0.4632435 -0.01924604 -0.4666798 5.722046e-06 2467.973
51036.06 7.332485 0.00863328 47425.73 14.39974 2.512413 47371.94 0.4641029 -7.641315e-05 -0.4650033 4.768372e-06 2846.845
56536.81 8.640127 0.01085937 52397.48 14.36945 4.120266 52322.95 0.4627323 0.01271427 -0.4669532 7.152557e-07 1806.912
62630.32 9.965194 0.01810182 57922.42 14.45588 1.828773 57823.28 0.4616224 0.005977511 -0.4651516 -1.311302e-06 1293.785
69379.8 11.10073 0.01686937 64516.55 14.37608 2.461178 64393.25 0.4640639 0.01267779 -0.4626879 4.410744e-06 1052.425
76852.45 11.68251 0.005596547 71009.8 14.46148 0.7232981 70873.27 0.4610999 0.006803155 -0.4659604 -8.34465e-07 996.7601
85135.19 12.03029 0.006334058 79095.56 14.41837 1.540875 78950.73 0.4636792 0.003359675 -0.4660519 -5.066395e-06 1028.864
94311.01 12.65298 0.01883103 87879.41 14.37597 -2.048349 87719.13 0.4650534 0.01572251 -0.4662469 -5.960464e-07 994.9635
104470.8 13.48523 0.02113137 97876.62 14.49424 1.638737 97694.44 0.4675698 0.03307176 -0.4659184 2.384186e-06 937.7982
115729.2 14.76427 0.005292789 108594.0 14.40346 1.089206 108375.9 0.4682311 0.02496994 -0.4664738 2.861023e-06 822.0305
128200.7 15.55762 0.01666464 120012.8 14.45902 -2.134732 119770.9 0.467122 0.0372721 -0.4655805 5.125999e-06 792.3895
142015.8 16.48968 0.02761291 133174.0 14.37601 -0.514083 132902.2 0.4679132 0.03311718 -0.4639179 -7.629395e-06 762.0298
157316.7 17.50696 0.02358473 147823.5 14.39882 0.645402 147517.0 0.4688536 0.03663409 -0.4666687 -2.264977e-06 731.228
174269.5 19.90883 0.02426617 164321.3 14.45136 -1.682243 163925.1 0.4703203 0.04314697 -0.463132 3.933907e-06 597.9089
193047.9 23.56568 0.02051057 182509.4 14.4436 5.870081 181953.7 0.4712666 0.03636003 -0.4636004 9.059906e-06 446.7299
213849.6 26.13373 0.03000665 203990.8 14.42919 5.418849 203308.6 0.4753525 0.03771007 -0.4660001 3.099442e-06 393.7529
236895.8 28.75559 0.03692526 224664.2 14.41918 0.1715097 223836.4 0.4724382 0.04822648 -0.4636175 3.933907e-06 349.04
262423.8 29.8875 0.02806363 248562.5 14.37677 -1.583266 247668.9 0.471888 0.03364277 -0.4672093 -4.589558e-06 353.4897
290702.0 31.02267 0.04683635 276251.9 14.43778 -0.4209309 275288.5 0.4734908 0.03833556 -0.4668693 2.384186e-06 363.7988
322023.1 34.88641 0.03566728 307558.5 14.35748 -1.398852 306341.6 0.4756513 0.03449249 -0.4651436 -1.293421e-05 313.3538
356726.8 37.59805 0.047129 339584.9 14.41473 1.03307 338170.8 0.473992 0.02886415 -0.4676817 1.335144e-05 293.5481
395164.9 43.3557 0.04550641 376146.7 14.40017 4.672911 374267.2 0.4735579 0.01521873 -0.4690713 -7.688999e-06 239.5458
