#./underdamped_3d --dev=3 --amp=4.818 --omega=4.028 --force=0.01925 --gam=0.1 --Dg=4e-06 --block=1024 --paths=262144 --periods=250000 --trans=249750 --samples=20 --spp=200 --algorithm=predcorr --pav=1 --mode=moments --domain=3d --domainx=a:4.818:4.818:1:0 --domainy=w:4.028:4.028:1:0 --domainz=g:0.005:0.0325:100:0 --q=2 --eps=0 --phi=0 --lambda=0 --Dp=0 --comp=0 --mean=0 >> ./temp/3d-gaw-f0.01925-D4e-06-a4.818-w4.028-spp200-part0.dat
#g a w <<v>> <<v^2>> qnu(q) mu_q Dx Gx EBx
5.000000e-03 4.818000e+00 4.028000e+00 3.657981e+00 1.426429e+01 1.830870e+00 2.323759e+10 2.617428e+04 3.039263e+01 2.207828e-02
5.275000e-03 4.818000e+00 4.028000e+00 3.426144e+00 1.263019e+01 1.691653e+00 1.743907e+10 1.733967e+04 5.224541e+01 1.510465e-02
5.550000e-03 4.818000e+00 4.028000e+00 3.252432e+00 1.143585e+01 1.405570e+00 1.208698e+10 1.573290e+04 7.939431e+01 6.319284e-03
5.825000e-03 4.818000e+00 4.028000e+00 3.157919e+00 1.081908e+01 1.102341e+00 1.195228e+10 1.545763e+04 8.443493e+01 3.861666e-03
6.100000e-03 4.818000e+00 4.028000e+00 3.101216e+00 1.055386e+01 1.260628e+00 2.897499e+10 3.714217e+04 3.873551e+01 6.187797e-03
6.375000e-03 4.818000e+00 4.028000e+00 2.802358e+00 9.300739e+00 1.642063e+00 1.029706e+11 1.321090e+05 1.093617e+01 1.805425e-03
6.650000e-03 4.818000e+00 4.028000e+00 1.990796e+00 8.885055e+00 2.071173e+00 5.417213e+11 6.946179e+05 3.187805e-01 5.506992e-03
6.925000e-03 4.818000e+00 4.028000e+00 -1.929389e+00 7.233303e+00 2.042565e+00 2.550683e+11 3.270321e+05 8.484617e-01 2.609181e-02
7.200000e-03 4.818000e+00 4.028000e+00 -2.351730e+00 7.150348e+00 1.232027e+00 1.147468e+11 1.470901e+05 2.043093e+00 1.762354e-02
7.475000e-03 4.818000e+00 4.028000e+00 -2.425683e+00 7.238197e+00 1.129046e+00 9.628045e+10 1.233891e+05 2.994031e+00 1.037765e-02
7.750000e-03 4.818000e+00 4.028000e+00 -2.473059e+00 7.298460e+00 1.031765e+00 8.139787e+10 1.043016e+05 4.412789e+00 5.653501e-03
8.025000e-03 4.818000e+00 4.028000e+00 -2.507613e+00 7.342085e+00 9.860038e-01 6.743786e+10 8.641047e+04 6.584987e+00 2.112627e-03
8.300000e-03 4.818000e+00 4.028000e+00 -2.530160e+00 7.361752e+00 9.497620e-01 5.345393e+10 6.847412e+04 9.385182e+00 1.617670e-04
8.575000e-03 4.818000e+00 4.028000e+00 -2.539169e+00 7.370925e+00 9.802761e-01 4.531950e+10 5.804106e+04 1.291202e+01 -5.446076e-04
8.850000e-03 4.818000e+00 4.028000e+00 -2.543151e+00 7.374662e+00 1.066100e+00 3.897663e+10 4.988690e+04 1.754499e+01 -8.858442e-04
9.125000e-03 4.818000e+00 4.028000e+00 -2.548545e+00 7.374074e+00 1.071820e+00 3.198182e+10 4.090113e+04 2.285066e+01 -1.179755e-03
9.400000e-03 4.818000e+00 4.028000e+00 -2.551447e+00 7.373622e+00 1.155732e+00 2.710149e+10 3.465564e+04 2.937964e+01 -1.369059e-03
9.675000e-03 4.818000e+00 4.028000e+00 -2.554373e+00 7.371906e+00 1.165270e+00 2.291740e+10 2.929186e+04 3.649035e+01 -1.492977e-03
9.950000e-03 4.818000e+00 4.028000e+00 -2.557383e+00 7.369856e+00 1.155735e+00 1.900169e+10 2.420410e+04 4.457133e+01 -1.714110e-03
1.022500e-02 4.818000e+00 4.028000e+00 -2.557153e+00 7.369702e+00 1.239648e+00 1.806761e+10 2.300402e+04 5.080664e+01 -1.736224e-03
1.050000e-02 4.818000e+00 4.028000e+00 -2.558010e+00 7.368784e+00 1.277788e+00 1.641717e+10 2.085217e+04 5.827524e+01 -1.830339e-03
1.077500e-02 4.818000e+00 4.028000e+00 -2.558618e+00 7.367439e+00 1.310218e+00 1.530401e+10 1.946144e+04 6.438567e+01 -1.867890e-03
1.105000e-02 4.818000e+00 4.028000e+00 -2.559038e+00 7.365883e+00 1.335005e+00 1.448700e+10 1.839707e+04 6.978346e+01 -1.847565e-03
1.132500e-02 4.818000e+00 4.028000e+00 -2.560028e+00 7.363317e+00 1.327381e+00 1.337962e+10 1.696508e+04 7.523301e+01 -1.673698e-03
1.160000e-02 4.818000e+00 4.028000e+00 -2.560427e+00 7.360919e+00 1.333103e+00 1.276651e+10 1.616068e+04 7.985487e+01 -1.578391e-03
1.187500e-02 4.818000e+00 4.028000e+00 -2.561775e+00 7.358623e+00 1.300684e+00 1.141155e+10 1.443880e+04 8.711008e+01 -1.479626e-03
1.215000e-02 4.818000e+00 4.028000e+00 -2.561860e+00 7.356830e+00 1.329290e+00 1.107672e+10 1.396783e+04 9.187900e+01 -1.307070e-03
1.242500e-02 4.818000e+00 4.028000e+00 -2.562590e+00 7.354026e+00 1.312124e+00 1.025197e+10 1.291144e+04 9.867337e+01 -1.187503e-03
1.270000e-02 4.818000e+00 4.028000e+00 -2.563166e+00 7.351794e+00 1.302589e+00 9.615960e+09 1.212537e+04 1.043757e+02 -1.113832e-03
1.297500e-02 4.818000e+00 4.028000e+00 -2.563959e+00 7.349449e+00 1.266351e+00 8.807797e+09 1.105041e+04 1.113889e+02 -1.176596e-03
1.325000e-02 4.818000e+00 4.028000e+00 -2.563783e+00 7.347017e+00 1.302587e+00 8.772739e+09 1.098277e+04 1.156580e+02 -1.030385e-03
1.352500e-02 4.818000e+00 4.028000e+00 -2.564885e+00 7.341930e+00 1.233933e+00 7.750971e+09 9.712527e+03 1.243396e+02 -8.337498e-04
1.380000e-02 4.818000e+00 4.028000e+00 -2.565413e+00 7.329089e+00 1.195787e+00 7.281231e+09 9.081567e+03 1.279071e+02 2.001524e-04
1.407500e-02 4.818000e+00 4.028000e+00 -2.566404e+00 7.318389e+00 1.047030e+00 6.683147e+09 8.290956e+03 1.224509e+02 7.898808e-04
1.435000e-02 4.818000e+00 4.028000e+00 -2.565916e+00 7.318737e+00 9.860052e-01 8.146971e+09 1.017795e+04 9.174293e+01 8.273125e-04
1.462500e-02 4.818000e+00 4.028000e+00 -2.566938e+00 7.318086e+00 5.073043e-01 1.189702e+10 1.496599e+04 3.489724e+01 7.561445e-04
1.490000e-02 4.818000e+00 4.028000e+00 -2.566327e+00 7.317279e+00 1.849936e-01 3.526647e+10 4.493401e+04 7.964367e+00 8.136034e-04
1.517500e-02 4.818000e+00 4.028000e+00 -2.501842e+00 7.311331e+00 6.675034e-01 1.410124e+11 1.805323e+05 3.120768e+00 1.315117e-03
1.545000e-02 4.818000e+00 4.028000e+00 -2.219609e+00 7.306189e+00 1.375060e+00 3.325946e+11 4.262614e+05 1.021201e+00 1.733184e-03
1.572500e-02 4.818000e+00 4.028000e+00 -1.865849e+00 7.311711e+00 1.727884e+00 4.974933e+11 6.378045e+05 2.865943e-01 1.358628e-03
1.600000e-02 4.818000e+00 4.028000e+00 -1.620413e+00 7.318079e+00 1.897626e+00 5.924348e+11 7.595454e+05 1.278389e-02 8.521080e-04
1.627500e-02 4.818000e+00 4.028000e+00 -1.452640e+00 7.324030e+00 1.960559e+00 6.529301e+11 8.371945e+05 -1.278813e-01 3.404617e-04
1.655000e-02 4.818000e+00 4.028000e+00 -1.367163e+00 7.325877e+00 2.029215e+00 6.829933e+11 8.755670e+05 -1.920579e-01 1.165867e-04
1.682500e-02 4.818000e+00 4.028000e+00 -1.300667e+00 7.327547e+00 2.010146e+00 7.063029e+11 9.054771e+05 -2.387773e-01 -3.832579e-05
1.710000e-02 4.818000e+00 4.028000e+00 -1.242729e+00 7.328599e+00 1.968183e+00 7.266069e+11 9.316634e+05 -2.830818e-01 -1.249909e-04
1.737500e-02 4.818000e+00 4.028000e+00 -1.188164e+00 7.329831e+00 1.989168e+00 7.456650e+11 9.561468e+05 -3.216310e-01 -2.368093e-04
1.765000e-02 4.818000e+00 4.028000e+00 -1.154828e+00 7.330673e+00 1.970093e+00 7.580964e+11 9.719838e+05 -3.447009e-01 -3.502965e-04
1.792501e-02 4.818000e+00 4.028000e+00 -1.124345e+00 7.331348e+00 2.050202e+00 7.696731e+11 9.867481e+05 -3.645748e-01 -4.313588e-04
1.820001e-02 4.818000e+00 4.028000e+00 -1.092159e+00 7.331505e+00 2.059725e+00 7.814396e+11 1.001911e+06 -3.872590e-01 -4.807115e-04
1.847501e-02 4.818000e+00 4.028000e+00 -1.030798e+00 7.331508e+00 2.034942e+00 8.013561e+11 1.027560e+06 -4.261866e-01 -4.716516e-04
1.875001e-02 4.818000e+00 4.028000e+00 -9.609220e-01 7.332478e+00 2.084517e+00 8.224009e+11 1.054441e+06 -4.653211e-01 -5.491376e-04
1.902501e-02 4.818000e+00 4.028000e+00 -8.854799e-01 7.333113e+00 2.013958e+00 8.433731e+11 1.081230e+06 -5.007949e-01 -6.126761e-04
1.930001e-02 4.818000e+00 4.028000e+00 -7.994059e-01 7.334431e+00 2.031150e+00 8.645241e+11 1.108680e+06 -5.344235e-01 -7.238388e-04
1.957501e-02 4.818000e+00 4.028000e+00 -6.822347e-01 7.336012e+00 1.941488e+00 8.901004e+11 1.141194e+06 -5.720178e-01 -7.922649e-04
1.985001e-02 4.818000e+00 4.028000e+00 -5.653457e-01 7.337828e+00 1.979627e+00 9.117290e+11 1.168857e+06 -6.022685e-01 -9.139180e-04
2.012501e-02 4.818000e+00 4.028000e+00 -4.468664e-01 7.339505e+00 1.985340e+00 9.304512e+11 1.192967e+06 -6.259553e-01 -1.001358e-03
2.040001e-02 4.818000e+00 4.028000e+00 -3.544822e-01 7.340669e+00 2.048279e+00 9.432353e+11 1.209428e+06 -6.410617e-01 -1.081824e-03
2.067501e-02 4.818000e+00 4.028000e+00 -2.268670e-01 7.341417e+00 2.019670e+00 9.553582e+11 1.225086e+06 -6.555697e-01 -1.131713e-03
2.095002e-02 4.818000e+00 4.028000e+00 -9.227449e-02 7.342352e+00 2.170338e+00 9.641876e+11 1.236199e+06 -6.638865e-01 -1.249969e-03
2.122502e-02 4.818000e+00 4.028000e+00 3.176608e-02 7.343015e+00 1.920512e+00 9.674025e+11 1.240369e+06 -6.652853e-01 -1.297176e-03
2.150002e-02 4.818000e+00 4.028000e+00 1.400873e-01 7.343856e+00 2.153170e+00 9.671087e+11 1.239756e+06 -6.617910e-01 -1.335382e-03
2.177502e-02 4.818000e+00 4.028000e+00 2.532089e-01 7.345246e+00 1.891907e+00 9.620168e+11 1.233571e+06 -6.527984e-01 -1.420498e-03
2.205002e-02 4.818000e+00 4.028000e+00 3.588594e-01 7.346050e+00 1.867106e+00 9.536322e+11 1.222843e+06 -6.394769e-01 -1.417339e-03
2.232502e-02 4.818000e+00 4.028000e+00 4.428589e-01 7.346523e+00 2.120765e+00 9.448310e+11 1.211171e+06 -6.254798e-01 -1.485288e-03
2.260002e-02 4.818000e+00 4.028000e+00 5.136341e-01 7.347031e+00 1.960578e+00 9.348338e+11 1.198916e+06 -6.103837e-01 -1.488984e-03
2.287502e-02 4.818000e+00 4.028000e+00 5.661683e-01 7.347218e+00 2.036859e+00 9.267800e+11 1.188633e+06 -5.977933e-01 -1.483619e-03
2.315002e-02 4.818000e+00 4.028000e+00 6.486486e-01 7.347793e+00 2.122651e+00 9.122986e+11 1.169650e+06 -5.752083e-01 -1.515508e-03
2.342502e-02 4.818000e+00 4.028000e+00 7.611665e-01 7.348429e+00 1.947199e+00 8.886294e+11 1.139205e+06 -5.374552e-01 -1.569450e-03
2.370002e-02 4.818000e+00 4.028000e+00 9.002416e-01 7.349255e+00 2.172258e+00 8.539096e+11 1.094731e+06 -4.787555e-01 -1.612484e-03
2.397503e-02 4.818000e+00 4.028000e+00 1.015552e+00 7.349713e+00 2.189402e+00 8.206094e+11 1.052412e+06 -4.175057e-01 -1.739919e-03
2.425003e-02 4.818000e+00 4.028000e+00 1.066900e+00 7.349796e+00 2.023478e+00 8.050464e+11 1.032043e+06 -3.868606e-01 -1.774967e-03
2.452503e-02 4.818000e+00 4.028000e+00 1.043288e+00 7.349062e+00 2.067381e+00 8.128414e+11 1.042165e+06 -4.011531e-01 -1.823962e-03
2.480003e-02 4.818000e+00 4.028000e+00 1.035337e+00 7.348720e+00 2.057813e+00 8.159186e+11 1.045753e+06 -4.061931e-01 -1.841128e-03
2.507503e-02 4.818000e+00 4.028000e+00 1.090883e+00 7.347946e+00 2.017814e+00 7.978718e+11 1.023354e+06 -3.701717e-01 -1.900315e-03
2.535003e-02 4.818000e+00 4.028000e+00 1.197406e+00 7.347578e+00 2.048290e+00 7.617296e+11 9.764462e+05 -2.942564e-01 -1.864195e-03
2.562503e-02 4.818000e+00 4.028000e+00 1.347874e+00 7.347025e+00 1.958648e+00 7.043784e+11 9.033099e+05 -1.551499e-01 -1.901805e-03
2.590003e-02 4.818000e+00 4.028000e+00 1.483992e+00 7.346419e+00 2.050203e+00 6.474083e+11 8.299964e+05 6.926894e-03 -1.840949e-03
2.617503e-02 4.818000e+00 4.028000e+00 1.588651e+00 7.345937e+00 2.073076e+00 5.999514e+11 7.691598e+05 1.639198e-01 -1.787663e-03
2.645003e-02 4.818000e+00 4.028000e+00 1.707719e+00 7.345193e+00 2.078815e+00 5.422583e+11 6.950282e+05 3.961418e-01 -1.643658e-03
2.672504e-02 4.818000e+00 4.028000e+00 1.824406e+00 7.344022e+00 2.010124e+00 4.815025e+11 6.171671e+05 6.930856e-01 -1.544178e-03
2.700004e-02 4.818000e+00 4.028000e+00 1.977102e+00 7.343436e+00 2.023506e+00 3.961830e+11 5.075205e+05 1.272401e+00 -1.461804e-03
2.727504e-02 4.818000e+00 4.028000e+00 2.103711e+00 7.342580e+00 2.034940e+00 3.202675e+11 4.101832e+05 2.050192e+00 -1.383066e-03
2.755004e-02 4.818000e+00 4.028000e+00 2.197659e+00 7.340992e+00 2.067361e+00 2.609243e+11 3.339424e+05 2.970253e+00 -1.256526e-03
2.782504e-02 4.818000e+00 4.028000e+00 2.237722e+00 7.337700e+00 2.038754e+00 2.348606e+11 3.005566e+05 3.524004e+00 -1.026690e-03
2.810004e-02 4.818000e+00 4.028000e+00 2.326469e+00 7.326976e+00 2.036839e+00 1.755649e+11 2.244175e+05 5.392990e+00 -2.130270e-04
2.837504e-02 4.818000e+00 4.028000e+00 2.357434e+00 7.316049e+00 2.013954e+00 1.543805e+11 1.971348e+05 6.407369e+00 5.506277e-04
2.865004e-02 4.818000e+00 4.028000e+00 2.364758e+00 7.316085e+00 2.038754e+00 1.493852e+11 1.906801e+05 6.690790e+00 5.757809e-04
2.892504e-02 4.818000e+00 4.028000e+00 2.377555e+00 7.316122e+00 2.004426e+00 1.403651e+11 1.792557e+05 7.257901e+00 5.862713e-04
2.920004e-02 4.818000e+00 4.028000e+00 2.383855e+00 7.316160e+00 2.000603e+00 1.360321e+11 1.736442e+05 7.551305e+00 5.776882e-04
2.947504e-02 4.818000e+00 4.028000e+00 2.392183e+00 7.316191e+00 2.002511e+00 1.303061e+11 1.662036e+05 7.972322e+00 5.491972e-04
2.975005e-02 4.818000e+00 4.028000e+00 2.404350e+00 7.316217e+00 2.046382e+00 1.217054e+11 1.551884e+05 8.680955e+00 4.549026e-04
3.002505e-02 4.818000e+00 4.028000e+00 2.430692e+00 7.316210e+00 2.008241e+00 1.030356e+11 1.311429e+05 1.061175e+01 4.152060e-04
3.030005e-02 4.818000e+00 4.028000e+00 2.450478e+00 7.316244e+00 2.038749e+00 8.880533e+10 1.129963e+05 1.264493e+01 3.542900e-04
3.057505e-02 4.818000e+00 4.028000e+00 2.445181e+00 7.316318e+00 2.021584e+00 9.265047e+10 1.179143e+05 1.203952e+01 3.434420e-04
3.085005e-02 4.818000e+00 4.028000e+00 2.431853e+00 7.316449e+00 2.010149e+00 1.022533e+11 1.301488e+05 1.071455e+01 2.739429e-04
3.112505e-02 4.818000e+00 4.028000e+00 2.418662e+00 7.316694e+00 2.031113e+00 1.115802e+11 1.422045e+05 9.656769e+00 2.709627e-04
3.140005e-02 4.818000e+00 4.028000e+00 2.434983e+00 7.316839e+00 2.023493e+00 9.999121e+10 1.272410e+05 1.100015e+01 2.323389e-04
3.167505e-02 4.818000e+00 4.028000e+00 2.456856e+00 7.316844e+00 2.017768e+00 8.423371e+10 1.071399e+05 1.344545e+01 1.569986e-04
3.195005e-02 4.818000e+00 4.028000e+00 2.495463e+00 7.316831e+00 2.029208e+00 5.612865e+10 7.104762e+04 2.116936e+01 1.549721e-04
3.222505e-02 4.818000e+00 4.028000e+00 2.504539e+00 7.316921e+00 2.002517e+00 4.947742e+10 6.248106e+04 2.428885e+01 1.037121e-04
3.250000e-02 4.818000e+00 4.028000e+00 2.526373e+00 7.316987e+00 2.031124e+00 3.334762e+10 4.178055e+04 3.699206e+01 2.253056e-05
3.277500e-02 4.818000e+00 4.028000e+00 2.539268e+00 7.317046e+00 2.017775e+00 2.377986e+10 2.951344e+04 5.269258e+01 5.245209e-06
3.305000e-02 4.818000e+00 4.028000e+00 2.548954e+00 7.317133e+00 1.991070e+00 1.652837e+10 2.020752e+04 7.666374e+01 -1.000762e-04
3.332500e-02 4.818000e+00 4.028000e+00 2.550864e+00 7.317209e+00 2.033018e+00 1.510367e+10 1.836236e+04 8.414328e+01 -2.024174e-04
3.360000e-02 4.818000e+00 4.028000e+00 2.553384e+00 7.317237e+00 1.987258e+00 1.322221e+10 1.598792e+04 9.639220e+01 -2.237558e-04
3.387500e-02 4.818000e+00 4.028000e+00 2.553936e+00 7.317256e+00 1.983435e+00 1.280427e+10 1.542326e+04 9.958170e+01 -2.395511e-04
3.415000e-02 4.818000e+00 4.028000e+00 2.554565e+00 7.317291e+00 1.983436e+00 1.232360e+10 1.476567e+04 1.035447e+02 -2.803206e-04
3.442501e-02 4.818000e+00 4.028000e+00 2.553817e+00 7.317339e+00 1.977714e+00 1.288988e+10 1.549788e+04 9.904134e+01 -2.828836e-04
3.470001e-02 4.818000e+00 4.028000e+00 2.553857e+00 7.317375e+00 2.008231e+00 1.285860e+10 1.544167e+04 9.933010e+01 -3.033280e-04
3.497501e-02 4.818000e+00 4.028000e+00 2.555254e+00 7.317410e+00 1.970088e+00 1.179606e+10 1.405900e+04 1.083196e+02 -3.599524e-04
3.525001e-02 4.818000e+00 4.028000e+00 2.554644e+00 7.317478e+00 1.966280e+00 1.226013e+10 1.467710e+04 1.041857e+02 -4.041791e-04
3.552501e-02 4.818000e+00 4.028000e+00 2.554821e+00 7.317537e+00 1.971991e+00 1.212705e+10 1.450712e+04 1.052828e+02 -4.448295e-04
3.580001e-02 4.818000e+00 4.028000e+00 2.555254e+00 7.317569e+00 1.973909e+00 1.180013e+10 1.411790e+04 1.081463e+02 -4.795194e-04
3.607501e-02 4.818000e+00 4.028000e+00 2.556239e+00 7.317609e+00 1.970089e+00 1.105510e+10 1.318503e+04 1.154022e+02 -5.332828e-04
3.635001e-02 4.818000e+00 4.028000e+00 2.555511e+00 7.318593e+00 1.981530e+00 1.161026e+10 1.388977e+04 1.098231e+02 -5.552769e-04
3.662501e-02 4.818000e+00 4.028000e+00 2.555806e+00 7.319830e+00 1.971997e+00 1.138599e+10 1.360265e+04 1.119781e+02 -6.210208e-04
3.690001e-02 4.818000e+00 4.028000e+00 2.556239e+00 7.321015e+00 2.019678e+00 1.105714e+10 1.323083e+04 1.152782e+02 -6.254911e-04
3.717501e-02 4.818000e+00 4.028000e+00 2.555589e+00 7.321290e+00 1.979623e+00 1.155463e+10 1.388590e+04 1.102252e+02 -6.422997e-04
3.745002e-02 4.818000e+00 4.028000e+00 2.556396e+00 7.321507e+00 1.970093e+00 1.094558e+10 1.306126e+04 1.162791e+02 -7.087588e-04
3.772502e-02 4.818000e+00 4.028000e+00 2.556475e+00 7.321749e+00 1.983441e+00 1.089044e+10 1.303647e+04 1.167523e+02 -7.187128e-04
3.800002e-02 4.818000e+00 4.028000e+00 2.555786e+00 7.321994e+00 1.975819e+00 1.141852e+10 1.372213e+04 1.112265e+02 -8.161068e-04
3.827502e-02 4.818000e+00 4.028000e+00 2.557479e+00 7.322232e+00 1.964369e+00 1.014394e+10 1.211049e+04 1.248666e+02 -7.804036e-04
3.855002e-02 4.818000e+00 4.028000e+00 2.557361e+00 7.322771e+00 1.970091e+00 1.025032e+10 1.229561e+04 1.231792e+02 -7.980466e-04
3.882502e-02 4.818000e+00 4.028000e+00 2.556318e+00 7.323937e+00 1.968180e+00 1.105863e+10 1.341770e+04 1.138640e+02 -8.367300e-04
3.910002e-02 4.818000e+00 4.028000e+00 2.557380e+00 7.324405e+00 1.960552e+00 1.027602e+10 1.239585e+04 1.219294e+02 -7.996559e-04
3.937502e-02 4.818000e+00 4.028000e+00 2.556829e+00 7.324734e+00 1.952927e+00 1.071905e+10 1.301530e+04 1.164663e+02 -8.682609e-04
3.965002e-02 4.818000e+00 4.028000e+00 2.558011e+00 7.325283e+00 1.941481e+00 9.838730e+09 1.190345e+04 1.263601e+02 -8.423328e-04
3.992502e-02 4.818000e+00 4.028000e+00 2.557341e+00 7.325387e+00 1.937668e+00 1.035140e+10 1.259205e+04 1.200655e+02 -9.077787e-04
4.020002e-02 4.818000e+00 4.028000e+00 2.556337e+00 7.325489e+00 1.947200e+00 1.113261e+10 1.359391e+04 1.114146e+02 -9.840727e-04
4.047503e-02 4.818000e+00 4.028000e+00 2.556672e+00 7.325535e+00 1.951020e+00 1.092400e+10 1.336241e+04 1.126688e+02 -9.713173e-04
4.075003e-02 4.818000e+00 4.028000e+00 2.555530e+00 7.325579e+00 1.926226e+00 1.188159e+10 1.469819e+04 1.023477e+02 -1.029849e-03
4.102503e-02 4.818000e+00 4.028000e+00 2.555924e+00 7.325633e+00 1.899532e+00 1.171343e+10 1.450149e+04 1.019153e+02 -1.043379e-03
4.130003e-02 4.818000e+00 4.028000e+00 2.555451e+00 7.325676e+00 1.874740e+00 1.222639e+10 1.525101e+04 9.578172e+01 -1.066685e-03
4.157503e-02 4.818000e+00 4.028000e+00 2.554408e+00 7.325750e+00 1.846122e+00 1.322991e+10 1.659158e+04 8.657114e+01 -1.061320e-03
4.185003e-02 4.818000e+00 4.028000e+00 2.553108e+00 7.325854e+00 1.809886e+00 1.459099e+10 1.837093e+04 7.577983e+01 -1.049578e-03
4.212503e-02 4.818000e+00 4.028000e+00 2.551829e+00 7.325919e+00 1.725969e+00 1.630144e+10 2.063496e+04 6.368271e+01 -9.868741e-04
4.240003e-02 4.818000e+00 4.028000e+00 2.550028e+00 7.325960e+00 1.546700e+00 1.952737e+10 2.482178e+04 4.662806e+01 -9.822845e-04
4.267503e-02 4.818000e+00 4.028000e+00 2.550235e+00 7.326077e+00 1.289239e+00 2.298945e+10 2.933076e+04 3.142358e+01 -1.053572e-03
4.295003e-02 4.818000e+00 4.028000e+00 2.549730e+00 7.324953e+00 1.014616e+00 2.874990e+10 3.676355e+04 1.861975e+01 -8.581281e-04
4.322504e-02 4.818000e+00 4.028000e+00 2.543854e+00 7.315471e+00 8.391491e-01 3.909274e+10 5.007412e+04 9.623467e+00 1.127720e-04
4.350004e-02 4.818000e+00 4.028000e+00 2.534955e+00 7.300187e+00 7.990922e-01 4.725654e+10 6.050886e+04 6.368644e+00 1.543999e-03
4.377504e-02 4.818000e+00 4.028000e+00 2.531748e+00 7.293810e+00 7.933784e-01 5.010628e+10 6.420185e+04 5.449128e+00 2.187610e-03
4.405004e-02 4.818000e+00 4.028000e+00 2.525642e+00 7.285585e+00 8.010027e-01 5.341639e+10 6.846144e+04 5.037300e+00 2.967954e-03
4.432504e-02 4.818000e+00 4.028000e+00 2.522045e+00 7.275356e+00 8.124471e-01 5.515157e+10 7.066278e+04 4.217487e+00 3.917575e-03
4.460004e-02 4.818000e+00 4.028000e+00 2.520709e+00 7.273283e+00 8.067233e-01 5.639069e+10 7.224534e+04 3.992665e+00 4.235268e-03
4.487504e-02 4.818000e+00 4.028000e+00 2.510859e+00 7.255399e+00 8.391495e-01 6.059696e+10 7.759888e+04 3.319154e+00 5.970955e-03
4.515004e-02 4.818000e+00 4.028000e+00 2.484971e+00 7.208030e+00 9.058998e-01 7.013817e+10 8.985508e+04 2.198592e+00 1.037240e-02
4.542504e-02 4.818000e+00 4.028000e+00 2.428136e+00 7.102510e+00 1.037494e+00 8.436889e+10 1.080402e+05 1.097705e+00 1.992106e-02
4.570004e-02 4.818000e+00 4.028000e+00 2.422423e+00 7.092364e+00 1.043211e+00 8.583623e+10 1.099467e+05 1.026869e+00 2.094746e-02
4.597504e-02 4.818000e+00 4.028000e+00 2.456325e+00 7.154395e+00 9.745610e-01 7.804297e+10 9.996283e+04 1.480771e+00 1.539826e-02
4.625005e-02 4.818000e+00 4.028000e+00 2.487275e+00 7.211425e+00 8.677605e-01 6.961286e+10 8.915047e+04 2.179187e+00 1.033545e-02
4.652505e-02 4.818000e+00 4.028000e+00 2.449625e+00 7.144213e+00 9.764736e-01 8.016291e+10 1.026612e+05 1.446584e+00 1.633143e-02
4.680005e-02 4.818000e+00 4.028000e+00 2.339031e+00 6.941207e+00 1.212953e+00 1.005721e+11 1.287847e+05 4.423895e-01 3.475380e-02
4.707505e-02 4.818000e+00 4.028000e+00 2.128029e+00 6.558741e+00 1.556239e+00 1.215774e+11 1.556596e+05 -8.235961e-02 7.006276e-02
4.735005e-02 4.818000e+00 4.028000e+00 1.884099e+00 6.116261e+00 1.869010e+00 1.316228e+11 1.685297e+05 -2.828750e-01 1.119783e-01
4.762505e-02 4.818000e+00 4.028000e+00 1.444292e+00 5.325002e+00 2.250453e+00 1.283070e+11 1.643277e+05 -2.585279e-01 1.872853e-01
4.790005e-02 4.818000e+00 4.028000e+00 9.055241e-01 4.356079e+00 2.660474e+00 9.788550e+10 1.253990e+05 2.795597e-01 2.611340e-01
4.817505e-02 4.818000e+00 4.028000e+00 5.224332e-01 3.659897e+00 2.628057e+00 6.311238e+10 8.079342e+04 1.561031e+00 2.613660e-01
4.845005e-02 4.818000e+00 4.028000e+00 3.306032e-01 3.310015e+00 2.765368e+00 4.278437e+10 5.477517e+04 3.402772e+00 2.181187e-01
4.872505e-02 4.818000e+00 4.028000e+00 1.024534e-01 2.896055e+00 2.534613e+00 1.570928e+10 2.014426e+04 1.516104e+01 8.677518e-02
4.900005e-02 4.818000e+00 4.028000e+00 3.876784e-02 2.777263e+00 2.019678e+00 7.110558e+09 9.117127e+03 4.492534e+01 2.377021e-02
4.927506e-02 4.818000e+00 4.028000e+00 3.622532e-02 2.773988e+00 1.979632e+00 7.100167e+09 9.103221e+03 4.588848e+01 2.202666e-02
4.955006e-02 4.818000e+00 4.028000e+00 3.614917e-02 2.774232e+00 2.027311e+00 7.041289e+09 9.027427e+03 4.626536e+01 2.197111e-02
4.982506e-02 4.818000e+00 4.028000e+00 3.647593e-02 2.773460e+00 2.012048e+00 6.856117e+09 8.790426e+03 4.755317e+01 2.151775e-02
5.010006e-02 4.818000e+00 4.028000e+00 3.600243e-02 2.772639e+00 2.002511e+00 6.913658e+09 8.863890e+03 4.717887e+01 2.173388e-02
5.037506e-02 4.818000e+00 4.028000e+00 3.631637e-02 2.771194e+00 2.025402e+00 6.906215e+09 8.854303e+03 4.717756e+01 2.170503e-02
5.065006e-02 4.818000e+00 4.028000e+00 3.704217e-02 2.767110e+00 2.013951e+00 6.649531e+09 8.525939e+03 4.899601e+01 2.094793e-02
5.092506e-02 4.818000e+00 4.028000e+00 3.757657e-02 2.763997e+00 1.987258e+00 6.449256e+09 8.269544e+03 5.049802e+01 2.030694e-02
5.120006e-02 4.818000e+00 4.028000e+00 3.578820e-02 2.762642e+00 1.998698e+00 6.594000e+09 8.454168e+03 4.951714e+01 2.069628e-02
5.147506e-02 4.818000e+00 4.028000e+00 3.592415e-02 2.759989e+00 2.031125e+00 6.335214e+09 8.122200e+03 5.157834e+01 1.995611e-02
5.175006e-02 4.818000e+00 4.028000e+00 3.660653e-02 2.759296e+00 2.004420e+00 6.378361e+09 8.177864e+03 5.111039e+01 2.010942e-02
5.202506e-02 4.818000e+00 4.028000e+00 3.756550e-02 2.757443e+00 1.991071e+00 6.171988e+09 7.914208e+03 5.274147e+01 1.955593e-02
5.230007e-02 4.818000e+00 4.028000e+00 3.626314e-02 2.753956e+00 1.989161e+00 5.845043e+09 7.494382e+03 5.585178e+01 1.859176e-02
5.257507e-02 4.818000e+00 4.028000e+00 3.664556e-02 2.752286e+00 1.989170e+00 5.972601e+09 7.657959e+03 5.458655e+01 1.892138e-02
5.285007e-02 4.818000e+00 4.028000e+00 3.706491e-02 2.749136e+00 2.004420e+00 5.605115e+09 7.187063e+03 5.823854e+01 1.789260e-02
5.312507e-02 4.818000e+00 4.028000e+00 3.654170e-02 2.749000e+00 2.008234e+00 5.861154e+09 7.515375e+03 5.562932e+01 1.867080e-02
5.340007e-02 4.818000e+00 4.028000e+00 3.704366e-02 2.747982e+00 2.013954e+00 5.850272e+09 7.501646e+03 5.566380e+01 1.866889e-02
5.367507e-02 4.818000e+00 4.028000e+00 3.717178e-02 2.746161e+00 2.010141e+00 5.707649e+09 7.318859e+03 5.709475e+01 1.824665e-02
5.395007e-02 4.818000e+00 4.028000e+00 3.772865e-02 2.744639e+00 2.010146e+00 5.582795e+09 7.159789e+03 5.826948e+01 1.794064e-02
5.422507e-02 4.818000e+00 4.028000e+00 3.875735e-02 2.744853e+00 2.012050e+00 5.828496e+09 7.475008e+03 5.569056e+01 1.871693e-02
5.450007e-02 4.818000e+00 4.028000e+00 3.833989e-02 2.742597e+00 1.991069e+00 5.592451e+09 7.172173e+03 5.814916e+01 1.802039e-02
5.477507e-02 4.818000e+00 4.028000e+00 3.850031e-02 2.742928e+00 1.998706e+00 5.809051e+09 7.450059e+03 5.587510e+01 1.872313e-02
5.505008e-02 4.818000e+00 4.028000e+00 3.875857e-02 2.740962e+00 1.975812e+00 5.679533e+09 7.284644e+03 5.712061e+01 1.833785e-02
5.532508e-02 4.818000e+00 4.028000e+00 3.939302e-02 2.739732e+00 1.991074e+00 5.578207e+09 7.155151e+03 5.813739e+01 1.808715e-02
5.560008e-02 4.818000e+00 4.028000e+00 4.078246e-02 2.739994e+00 1.992981e+00 5.855916e+09 7.512627e+03 5.515109e+01 1.897955e-02
5.587508e-02 4.818000e+00 4.028000e+00 4.099048e-02 2.738239e+00 2.000599e+00 5.705615e+09 7.320485e+03 5.654254e+01 1.855850e-02
5.615008e-02 4.818000e+00 4.028000e+00 4.294705e-02 2.738845e+00 1.985352e+00 6.038379e+09 7.748925e+03 5.323561e+01 1.961255e-02
5.642508e-02 4.818000e+00 4.028000e+00 4.318228e-02 2.737169e+00 2.021582e+00 5.896421e+09 7.567248e+03 5.450787e+01 1.921952e-02
5.670008e-02 4.818000e+00 4.028000e+00 4.293276e-02 2.735556e+00 2.002513e+00 5.822056e+09 7.471798e+03 5.522464e+01 1.896453e-02
5.697508e-02 4.818000e+00 4.028000e+00 4.301672e-02 2.734599e+00 1.992981e+00 5.724437e+09 7.346598e+03 5.618068e+01 1.872718e-02
5.725008e-02 4.818000e+00 4.028000e+00 4.320746e-02 2.733735e+00 1.994883e+00 5.737210e+09 7.363389e+03 5.602691e+01 1.883042e-02
5.752508e-02 4.818000e+00 4.028000e+00 4.310744e-02 2.730751e+00 1.996789e+00 5.276045e+09 6.771521e+03 6.095167e+01 1.740372e-02
5.780008e-02 4.818000e+00 4.028000e+00 4.353841e-02 2.730346e+00 1.996783e+00 5.332619e+09 6.844838e+03 6.013472e+01 1.761436e-02
5.807509e-02 4.818000e+00 4.028000e+00 4.364306e-02 2.729577e+00 1.994884e+00 5.363279e+09 6.884108e+03 5.985430e+01 1.776087e-02
5.835009e-02 4.818000e+00 4.028000e+00 4.440912e-02 2.728828e+00 1.973904e+00 5.303535e+09 6.808288e+03 6.037423e+01 1.747823e-02
5.862509e-02 4.818000e+00 4.028000e+00 4.486348e-02 2.728004e+00 1.992981e+00 5.291313e+09 6.792578e+03 6.043937e+01 1.761758e-02
5.890009e-02 4.818000e+00 4.028000e+00 4.400541e-02 2.726046e+00 2.015869e+00 4.985048e+09 6.399384e+03 6.420550e+01 1.663458e-02
5.917509e-02 4.818000e+00 4.028000e+00 4.371434e-02 2.723897e+00 2.000610e+00 4.715031e+09 6.052755e+03 6.783097e+01 1.584423e-02
5.945009e-02 4.818000e+00 4.028000e+00 4.389163e-02 2.723165e+00 1.977720e+00 4.656747e+09 5.978245e+03 6.856165e+01 1.566744e-02
5.972509e-02 4.818000e+00 4.028000e+00 4.443726e-02 2.722716e+00 1.979625e+00 4.657526e+09 5.978907e+03 6.847383e+01 1.571047e-02
