#./underdamped_3d --dev=2 --amp=4.818 --omega=4.028 --force=0.1 --gam=0.007 --Dg=0 --block=1024 --paths=1048576 --periods=250000 --trans=249750 --samples=20 --spp=200 --algorithm=predcorr --pav=1 --mode=moments --domain=3d --domainx=f:0:0.005:50:0 --domainy=a:4.818:4.818:1:0 --domainz=w:4.028:4.028:1:0 --q=2 --eps=0 --phi=0 --lambda=0 --Dp=0 --comp=0 --mean=0 >> ./temp/3d-faw-D0-g0.007-a4.818-w4.028.dat
#f a w <<v>> <<v^2>> qnu(q) mu_q Dx Gx EBx
0.000000e+00 4.818000e+00 4.028000e+00 1.950213e-03 4.645238e+00 2.141734e+00 2.409961e+11 3.089963e+05 2.001642e-01 1.458857e-01
1.000000e-04 4.818000e+00 4.028000e+00 -1.375214e-03 4.647041e+00 2.156989e+00 2.415304e+11 3.096783e+05 1.977260e-01 1.460141e-01
2.000000e-04 4.818000e+00 4.028000e+00 -1.807552e-02 4.643517e+00 2.158894e+00 2.405493e+11 3.084643e+05 2.018915e-01 1.458942e-01
3.000000e-04 4.818000e+00 4.028000e+00 -3.204494e-02 4.642601e+00 2.206580e+00 2.398627e+11 3.076561e+05 2.032561e-01 1.457063e-01
4.000000e-04 4.818000e+00 4.028000e+00 -5.077398e-02 4.639548e+00 2.179888e+00 2.382554e+11 3.057560e+05 2.088330e-01 1.456187e-01
5.000000e-04 4.818000e+00 4.028000e+00 -7.466807e-02 4.640881e+00 2.160809e+00 2.375682e+11 3.051726e+05 2.102278e-01 1.457551e-01
6.000000e-04 4.818000e+00 4.028000e+00 -9.722501e-02 4.650986e+00 2.155081e+00 2.379902e+11 3.060038e+05 2.028499e-01 1.459984e-01
7.000000e-04 4.818000e+00 4.028000e+00 -1.186393e-01 4.668524e+00 2.153183e+00 2.396515e+11 3.085771e+05 1.893506e-01 1.464005e-01
8.000000e-04 4.818000e+00 4.028000e+00 -1.358619e-01 4.679387e+00 2.221835e+00 2.402525e+11 3.093011e+05 1.797132e-01 1.466576e-01
9.000000e-04 4.818000e+00 4.028000e+00 -1.575372e-01 4.679258e+00 2.174153e+00 2.379059e+11 3.068363e+05 1.863530e-01 1.468114e-01
9.999999e-04 4.818000e+00 4.028000e+00 -1.829921e-01 4.686688e+00 2.218022e+00 2.370356e+11 3.062823e+05 1.848457e-01 1.471334e-01
1.100000e-03 4.818000e+00 4.028000e+00 -2.052152e-01 4.694074e+00 2.176075e+00 2.374962e+11 3.056708e+05 1.684878e-01 1.471101e-01
1.200000e-03 4.818000e+00 4.028000e+00 -2.193402e-01 4.704335e+00 2.179887e+00 2.376781e+11 3.063672e+05 1.634518e-01 1.473230e-01
1.300000e-03 4.818000e+00 4.028000e+00 -2.230345e-01 4.723998e+00 2.155081e+00 2.406061e+11 3.103009e+05 1.475652e-01 1.477426e-01
1.400000e-03 4.818000e+00 4.028000e+00 -2.358126e-01 4.734002e+00 2.210396e+00 2.410257e+11 3.109166e+05 1.404483e-01 1.479819e-01
1.500000e-03 4.818000e+00 4.028000e+00 -2.469493e-01 4.740234e+00 2.200852e+00 2.404714e+11 3.105986e+05 1.398489e-01 1.482412e-01
1.600000e-03 4.818000e+00 4.028000e+00 -2.708469e-01 4.740806e+00 3.001864e+00 2.394667e+11 3.070192e+05 1.245606e-01 1.481380e-01
1.700000e-03 4.818000e+00 4.028000e+00 -3.043103e-01 4.736815e+00 2.330543e+00 2.366001e+11 3.015438e+05 1.142740e-01 1.480924e-01
1.800000e-03 4.818000e+00 4.028000e+00 -3.191528e-01 4.740778e+00 2.197048e+00 2.350525e+11 3.001526e+05 1.158761e-01 1.481651e-01
1.899999e-03 4.818000e+00 4.028000e+00 -3.316800e-01 4.757533e+00 2.372505e+00 2.364723e+11 3.019318e+05 1.033276e-01 1.483572e-01
1.999999e-03 4.818000e+00 4.028000e+00 -3.411855e-01 4.773418e+00 2.183711e+00 2.388103e+11 3.040183e+05 8.490384e-02 1.486213e-01
2.099999e-03 4.818000e+00 4.028000e+00 -3.456367e-01 4.786723e+00 2.185584e+00 2.402056e+11 3.059889e+05 7.736015e-02 1.486626e-01
2.200000e-03 4.818000e+00 4.028000e+00 -3.495630e-01 4.811749e+00 2.187503e+00 2.438999e+11 3.109061e+05 6.216562e-02 1.490591e-01
2.300000e-03 4.818000e+00 4.028000e+00 -3.536648e-01 4.831985e+00 2.145554e+00 2.464257e+11 3.143196e+05 5.074978e-02 1.492003e-01
2.400000e-03 4.818000e+00 4.028000e+00 -3.611598e-01 4.853548e+00 2.191318e+00 2.489734e+11 3.178684e+05 4.017437e-02 1.493609e-01
2.500000e-03 4.818000e+00 4.028000e+00 -3.697457e-01 4.872067e+00 2.181791e+00 2.505723e+11 3.201158e+05 3.072178e-02 1.496007e-01
2.600000e-03 4.818000e+00 4.028000e+00 -3.804060e-01 4.878077e+00 2.156996e+00 2.495531e+11 3.193636e+05 3.190219e-02 1.497269e-01
2.700000e-03 4.818000e+00 4.028000e+00 -3.907192e-01 4.880616e+00 2.136011e+00 2.483113e+11 3.183620e+05 3.434229e-02 1.496994e-01
2.800000e-03 4.818000e+00 4.028000e+00 -3.974353e-01 4.896543e+00 2.176061e+00 2.498580e+11 3.207510e+05 2.728629e-02 1.496384e-01
2.900000e-03 4.818000e+00 4.028000e+00 -4.086078e-01 4.912098e+00 2.197045e+00 2.502129e+11 3.217507e+05 2.200103e-02 1.495222e-01
3.000000e-03 4.818000e+00 4.028000e+00 -4.160662e-01 4.929568e+00 2.183694e+00 2.513372e+11 3.234641e+05 1.599765e-02 1.495600e-01
3.100000e-03 4.818000e+00 4.028000e+00 -4.248798e-01 4.942791e+00 2.202760e+00 2.515120e+11 3.238647e+05 1.119661e-02 1.494991e-01
3.200000e-03 4.818000e+00 4.028000e+00 -4.760711e-01 4.940421e+00 2.252350e+00 2.434069e+11 3.138178e+05 1.639688e-02 1.494756e-01
3.300000e-03 4.818000e+00 4.028000e+00 -4.949068e-01 4.972485e+00 2.492635e+00 2.493265e+11 3.172000e+05 -2.632737e-02 1.492406e-01
3.400000e-03 4.818000e+00 4.028000e+00 -5.142376e-01 5.012967e+00 2.237087e+00 2.531249e+11 3.227258e+05 -4.180837e-02 1.487916e-01
3.500000e-03 4.818000e+00 4.028000e+00 -5.208092e-01 5.032038e+00 2.187516e+00 2.547610e+11 3.250049e+05 -4.752624e-02 1.485569e-01
3.600000e-03 4.818000e+00 4.028000e+00 -5.468068e-01 5.128079e+00 2.153184e+00 2.656465e+11 3.388878e+05 -8.312982e-02 1.466818e-01
3.700000e-03 4.818000e+00 4.028000e+00 -5.521128e-01 5.151945e+00 2.168432e+00 2.682944e+11 3.425197e+05 -9.034467e-02 1.460834e-01
3.800001e-03 4.818000e+00 4.028000e+00 -5.536548e-01 5.182253e+00 2.166533e+00 2.728394e+11 3.483822e+05 -1.009960e-01 1.452702e-01
3.900001e-03 4.818000e+00 4.028000e+00 -5.562558e-01 5.215936e+00 2.160814e+00 2.778778e+11 3.549441e+05 -1.125139e-01 1.442834e-01
4.000001e-03 4.818000e+00 4.028000e+00 -5.640424e-01 5.242756e+00 2.202770e+00 2.809413e+11 3.592510e+05 -1.198860e-01 1.434437e-01
4.100000e-03 4.818000e+00 4.028000e+00 -5.609931e-01 5.270274e+00 2.221831e+00 2.856942e+11 3.651278e+05 -1.302010e-01 1.423787e-01
4.200000e-03 4.818000e+00 4.028000e+00 -5.673931e-01 5.291293e+00 2.200862e+00 2.879191e+11 3.682658e+05 -1.360576e-01 1.415389e-01
4.300000e-03 4.818000e+00 4.028000e+00 -5.751336e-01 5.296519e+00 2.168434e+00 2.877754e+11 3.685278e+05 -1.351604e-01 1.412959e-01
4.400000e-03 4.818000e+00 4.028000e+00 -5.747859e-01 5.308429e+00 2.168432e+00 2.895817e+11 3.707963e+05 -1.385452e-01 1.409222e-01
4.500000e-03 4.818000e+00 4.028000e+00 -5.718970e-01 5.317607e+00 2.183701e+00 2.918068e+11 3.733927e+05 -1.433179e-01 1.404749e-01
4.600000e-03 4.818000e+00 4.028000e+00 -5.677764e-01 5.328747e+00 2.202770e+00 2.944393e+11 3.766260e+05 -1.495562e-01 1.399617e-01
4.699999e-03 4.818000e+00 4.028000e+00 -5.664967e-01 5.344025e+00 2.265680e+00 2.971653e+11 3.800439e+05 -1.553677e-01 1.392449e-01
4.799999e-03 4.818000e+00 4.028000e+00 -5.675645e-01 5.354033e+00 2.229471e+00 2.993927e+11 3.829838e+05 -1.588695e-01 1.389312e-01
4.899999e-03 4.818000e+00 4.028000e+00 -5.623891e-01 5.366210e+00 2.197041e+00 3.020877e+11 3.861742e+05 -1.648059e-01 1.383818e-01
5.000000e-03 4.818000e+00 4.028000e+00 -5.624387e-01 5.383286e+00 2.214203e+00 3.053235e+11 3.903029e+05 -1.709633e-01 1.376472e-01
5.125000e-03 4.818000e+00 4.028000e+00 -5.679075e-01 5.397645e+00 2.258048e+00 3.071917e+11 3.929978e+05 -1.747605e-01 1.368405e-01
5.249999e-03 4.818000e+00 4.028000e+00 -5.657752e-01 5.407465e+00 2.246631e+00 3.100371e+11 3.965344e+05 -1.791941e-01 1.363850e-01
5.374999e-03 4.818000e+00 4.028000e+00 -5.701285e-01 5.423674e+00 2.223745e+00 3.114628e+11 3.985726e+05 -1.827539e-01 1.356051e-01
5.499999e-03 4.818000e+00 4.028000e+00 -5.662798e-01 5.432478e+00 2.250450e+00 3.141392e+11 4.018397e+05 -1.878937e-01 1.351398e-01
5.624999e-03 4.818000e+00 4.028000e+00 -5.647027e-01 5.431704e+00 2.210392e+00 3.142644e+11 4.018872e+05 -1.872755e-01 1.352713e-01
5.749999e-03 4.818000e+00 4.028000e+00 -5.501375e-01 5.418386e+00 2.355334e+00 3.142956e+11 4.014467e+05 -1.870384e-01 1.359497e-01
5.874998e-03 4.818000e+00 4.028000e+00 -5.600222e-01 5.459980e+00 2.212293e+00 3.188394e+11 4.074116e+05 -1.980627e-01 1.336640e-01
5.999998e-03 4.818000e+00 4.028000e+00 -5.533378e-01 5.468609e+00 2.347696e+00 3.209851e+11 4.100747e+05 -2.021021e-01 1.333101e-01
6.124998e-03 4.818000e+00 4.028000e+00 -5.518972e-01 5.472696e+00 2.338177e+00 3.216678e+11 4.109562e+05 -2.030938e-01 1.331390e-01
6.249998e-03 4.818000e+00 4.028000e+00 -5.639898e-01 5.497514e+00 2.235183e+00 3.229235e+11 4.127035e+05 -2.068622e-01 1.319300e-01
6.374998e-03 4.818000e+00 4.028000e+00 -5.487306e-01 5.473494e+00 2.286679e+00 3.215656e+11 4.107624e+05 -2.033179e-01 1.329585e-01
6.499997e-03 4.818000e+00 4.028000e+00 -5.417650e-01 5.479113e+00 2.261878e+00 3.232806e+11 4.127571e+05 -2.069712e-01 1.327189e-01
6.624997e-03 4.818000e+00 4.028000e+00 -5.327569e-01 5.479055e+00 2.277141e+00 3.245700e+11 4.141336e+05 -2.093615e-01 1.327932e-01
6.749997e-03 4.818000e+00 4.028000e+00 -5.305751e-01 5.481543e+00 2.265700e+00 3.251289e+11 4.147913e+05 -2.106027e-01 1.326141e-01
6.874997e-03 4.818000e+00 4.028000e+00 -5.291844e-01 5.484674e+00 2.258075e+00 3.259529e+11 4.158043e+05 -2.123898e-01 1.324751e-01
6.999996e-03 4.818000e+00 4.028000e+00 -5.249116e-01 5.486569e+00 2.235193e+00 3.270393e+11 4.169745e+05 -2.143489e-01 1.322943e-01
7.124996e-03 4.818000e+00 4.028000e+00 -5.236958e-01 5.491371e+00 2.351520e+00 3.272215e+11 4.171349e+05 -2.149680e-01 1.321219e-01
7.249996e-03 4.818000e+00 4.028000e+00 -5.188571e-01 5.475515e+00 2.652846e+00 3.249056e+11 4.148280e+05 -2.094646e-01 1.328282e-01
7.374996e-03 4.818000e+00 4.028000e+00 -5.052636e-01 5.455012e+00 2.435440e+00 3.219380e+11 4.125148e+05 -1.985582e-01 1.338962e-01
7.499996e-03 4.818000e+00 4.028000e+00 -4.961776e-01 5.429903e+00 2.437360e+00 3.193928e+11 4.095302e+05 -1.919131e-01 1.350852e-01
7.624995e-03 4.818000e+00 4.028000e+00 -4.870950e-01 5.415913e+00 2.326725e+00 3.183809e+11 4.082900e+05 -1.884343e-01 1.357334e-01
7.749995e-03 4.818000e+00 4.028000e+00 -4.756025e-01 5.408165e+00 2.420195e+00 3.188689e+11 4.087181e+05 -1.888326e-01 1.361703e-01
7.874995e-03 4.818000e+00 4.028000e+00 -4.781288e-01 5.392079e+00 2.294311e+00 3.174100e+11 4.069872e+05 -1.840792e-01 1.368697e-01
7.999996e-03 4.818000e+00 4.028000e+00 -4.665237e-01 5.365432e+00 2.380132e+00 3.150206e+11 4.040449e+05 -1.774337e-01 1.379166e-01
8.124996e-03 4.818000e+00 4.028000e+00 -4.505520e-01 5.303069e+00 2.374412e+00 3.077275e+11 3.948365e+05 -1.562111e-01 1.406970e-01
8.249996e-03 4.818000e+00 4.028000e+00 -4.207039e-01 5.221069e+00 2.301930e+00 2.994602e+11 3.837284e+05 -1.303920e-01 1.439041e-01
8.374996e-03 4.818000e+00 4.028000e+00 -4.049780e-01 5.173319e+00 2.311483e+00 2.938677e+11 3.768763e+05 -1.114880e-01 1.454855e-01
8.499997e-03 4.818000e+00 4.028000e+00 -3.889162e-01 5.144197e+00 2.176065e+00 2.915426e+11 3.736433e+05 -1.025852e-01 1.461486e-01
8.624997e-03 4.818000e+00 4.028000e+00 -3.838080e-01 5.121154e+00 2.252362e+00 2.887167e+11 3.698263e+05 -9.311146e-02 1.468252e-01
8.749997e-03 4.818000e+00 4.028000e+00 -3.775488e-01 5.115064e+00 2.174172e+00 2.886251e+11 3.695416e+05 -9.276873e-02 1.468976e-01
8.874997e-03 4.818000e+00 4.028000e+00 -3.740950e-01 5.111681e+00 2.168446e+00 2.884380e+11 3.691568e+05 -9.049690e-02 1.471840e-01
8.999998e-03 4.818000e+00 4.028000e+00 -3.658212e-01 5.098497e+00 2.172250e+00 2.870271e+11 3.670057e+05 -8.729780e-02 1.473447e-01
9.124998e-03 4.818000e+00 4.028000e+00 -3.719703e-01 5.105151e+00 2.158895e+00 2.874181e+11 3.677699e+05 -8.901227e-02 1.471360e-01
9.249998e-03 4.818000e+00 4.028000e+00 -3.697990e-01 5.113760e+00 2.134106e+00 2.884841e+11 3.690516e+05 -9.207851e-02 1.470747e-01
9.374999e-03 4.818000e+00 4.028000e+00 -3.719628e-01 5.128824e+00 2.174159e+00 2.905702e+11 3.718784e+05 -9.855384e-02 1.466470e-01
9.499999e-03 4.818000e+00 4.028000e+00 -3.748162e-01 5.130237e+00 2.143643e+00 2.908413e+11 3.723559e+05 -9.851617e-02 1.466904e-01
9.624999e-03 4.818000e+00 4.028000e+00 -3.745106e-01 5.131442e+00 2.156990e+00 2.909619e+11 3.724821e+05 -9.915656e-02 1.466887e-01
9.749999e-03 4.818000e+00 4.028000e+00 -3.783807e-01 5.134049e+00 2.172244e+00 2.915240e+11 3.733650e+05 -1.004551e-01 1.465971e-01
9.875000e-03 4.818000e+00 4.028000e+00 -3.759734e-01 5.130126e+00 2.172258e+00 2.911374e+11 3.727612e+05 -9.930271e-02 1.466804e-01
1.000000e-02 4.818000e+00 4.028000e+00 -3.772625e-01 5.138136e+00 2.179882e+00 2.921636e+11 3.741220e+05 -1.022983e-01 1.465224e-01
1.012500e-02 4.818000e+00 4.028000e+00 -3.775362e-01 5.153547e+00 2.183702e+00 2.939416e+11 3.764500e+05 -1.078312e-01 1.461996e-01
1.025000e-02 4.818000e+00 4.028000e+00 -3.751378e-01 5.165345e+00 2.202768e+00 2.954565e+11 3.783156e+05 -1.133636e-01 1.457386e-01
1.037500e-02 4.818000e+00 4.028000e+00 -3.738618e-01 5.181170e+00 2.217997e+00 2.974606e+11 3.809154e+05 -1.189612e-01 1.454353e-01
1.050000e-02 4.818000e+00 4.028000e+00 -3.825166e-01 5.209208e+00 2.210395e+00 3.012982e+11 3.861647e+05 -1.299403e-01 1.443199e-01
1.062500e-02 4.818000e+00 4.028000e+00 -3.905228e-01 5.238119e+00 2.246618e+00 3.045201e+11 3.905395e+05 -1.394708e-01 1.433105e-01
1.075000e-02 4.818000e+00 4.028000e+00 -3.920544e-01 5.260307e+00 2.231371e+00 3.075138e+11 3.944304e+05 -1.472930e-01 1.425451e-01
1.087500e-02 4.818000e+00 4.028000e+00 -4.001051e-01 5.282625e+00 2.246634e+00 3.095462e+11 3.971147e+05 -1.544245e-01 1.417152e-01
1.100000e-02 4.818000e+00 4.028000e+00 -4.066707e-01 5.304955e+00 2.280961e+00 3.127156e+11 4.012064e+05 -1.631780e-01 1.407899e-01
1.112500e-02 4.818000e+00 4.028000e+00 -4.124566e-01 5.334446e+00 2.338177e+00 3.167309e+11 4.062861e+05 -1.734500e-01 1.394123e-01
1.125000e-02 4.818000e+00 4.028000e+00 -4.146906e-01 5.361364e+00 2.338178e+00 3.199137e+11 4.103593e+05 -1.821434e-01 1.383067e-01
1.137500e-02 4.818000e+00 4.028000e+00 -4.172554e-01 5.388559e+00 2.345811e+00 3.229941e+11 4.142710e+05 -1.908241e-01 1.371619e-01
1.150000e-02 4.818000e+00 4.028000e+00 -4.250712e-01 5.412439e+00 2.458328e+00 3.257739e+11 4.175002e+05 -1.984539e-01 1.359862e-01
1.162500e-02 4.818000e+00 4.028000e+00 -4.305178e-01 5.434863e+00 2.448791e+00 3.288251e+11 4.209435e+05 -2.071307e-01 1.348900e-01
1.175000e-02 4.818000e+00 4.028000e+00 -4.279226e-01 5.450273e+00 2.452606e+00 3.297820e+11 4.225633e+05 -2.095199e-01 1.340947e-01
1.187500e-02 4.818000e+00 4.028000e+00 -4.337000e-01 5.464947e+00 2.465954e+00 3.317694e+11 4.247306e+05 -2.147571e-01 1.333190e-01
1.200000e-02 4.818000e+00 4.028000e+00 -4.355759e-01 5.482798e+00 2.456414e+00 3.337065e+11 4.271665e+05 -2.202569e-01 1.322397e-01
1.212500e-02 4.818000e+00 4.028000e+00 -4.427715e-01 5.517597e+00 2.389666e+00 3.380051e+11 4.321830e+05 -2.313753e-01 1.303657e-01
1.225000e-02 4.818000e+00 4.028000e+00 -4.522578e-01 5.554118e+00 2.353425e+00 3.424908e+11 4.380772e+05 -2.401299e-01 1.283798e-01
1.237500e-02 4.818000e+00 4.028000e+00 -4.488088e-01 5.538243e+00 2.340085e+00 3.407308e+11 4.357782e+05 -2.369490e-01 1.291476e-01
1.250000e-02 4.818000e+00 4.028000e+00 -4.531184e-01 5.558575e+00 2.347711e+00 3.427378e+11 4.383869e+05 -2.407809e-01 1.281676e-01
1.262501e-02 4.818000e+00 4.028000e+00 -4.511573e-01 5.555657e+00 2.343899e+00 3.424174e+11 4.379038e+05 -2.399733e-01 1.284862e-01
1.275001e-02 4.818000e+00 4.028000e+00 -4.568842e-01 5.583782e+00 2.395405e+00 3.459236e+11 4.424385e+05 -2.475256e-01 1.267459e-01
1.287501e-02 4.818000e+00 4.028000e+00 -4.584242e-01 5.606617e+00 2.399229e+00 3.479048e+11 4.449252e+05 -2.524703e-01 1.255785e-01
1.300001e-02 4.818000e+00 4.028000e+00 -4.577708e-01 5.638759e+00 2.347710e+00 3.520190e+11 4.501053e+05 -2.613974e-01 1.236089e-01
1.312501e-02 4.818000e+00 4.028000e+00 -4.662395e-01 5.677909e+00 2.399182e+00 3.563424e+11 4.557589e+05 -2.702349e-01 1.210704e-01
1.325001e-02 4.818000e+00 4.028000e+00 -4.825217e-01 5.722181e+00 2.397304e+00 3.609201e+11 4.618004e+05 -2.780813e-01 1.185621e-01
1.337501e-02 4.818000e+00 4.028000e+00 -4.925580e-01 5.767228e+00 2.353430e+00 3.661742e+11 4.686262e+05 -2.879971e-01 1.157665e-01
1.350001e-02 4.818000e+00 4.028000e+00 -4.936844e-01 5.796439e+00 2.395370e+00 3.691127e+11 4.723269e+05 -2.937426e-01 1.140333e-01
1.362501e-02 4.818000e+00 4.028000e+00 -5.067220e-01 5.841044e+00 2.366782e+00 3.742316e+11 4.788799e+05 -3.026633e-01 1.112041e-01
1.375001e-02 4.818000e+00 4.028000e+00 -5.234276e-01 5.881965e+00 2.338168e+00 3.785594e+11 4.844608e+05 -3.087640e-01 1.084750e-01
1.387501e-02 4.818000e+00 4.028000e+00 -5.424088e-01 5.929179e+00 2.424004e+00 3.836603e+11 4.909562e+05 -3.160567e-01 1.052094e-01
1.400001e-02 4.818000e+00 4.028000e+00 -5.674935e-01 5.985779e+00 2.305754e+00 3.903696e+11 4.990414e+05 -3.245028e-01 1.012594e-01
1.412501e-02 4.818000e+00 4.028000e+00 -5.984857e-01 6.041410e+00 2.362968e+00 3.948896e+11 5.055587e+05 -3.272343e-01 9.720743e-02
1.425001e-02 4.818000e+00 4.028000e+00 -6.147783e-01 6.095892e+00 2.317194e+00 3.996490e+11 5.119736e+05 -3.333960e-01 9.304965e-02
1.437501e-02 4.818000e+00 4.028000e+00 -6.398463e-01 6.142828e+00 2.431598e+00 4.027298e+11 5.166442e+05 -3.336123e-01 8.946145e-02
1.450001e-02 4.818000e+00 4.028000e+00 -6.509967e-01 6.198397e+00 2.368681e+00 4.085228e+11 5.242513e+05 -3.410096e-01 8.503783e-02
1.462501e-02 4.818000e+00 4.028000e+00 -6.551297e-01 6.247139e+00 2.355345e+00 4.126843e+11 5.295744e+05 -3.476888e-01 8.121359e-02
1.475001e-02 4.818000e+00 4.028000e+00 -6.556441e-01 6.294069e+00 2.383957e+00 4.169390e+11 5.349581e+05 -3.548533e-01 7.744336e-02
1.487501e-02 4.818000e+00 4.028000e+00 -6.897916e-01 6.364388e+00 2.370602e+00 4.236397e+11 5.438051e+05 -3.576896e-01 7.160139e-02
1.500001e-02 4.818000e+00 4.028000e+00 -7.424275e-01 6.437580e+00 2.446880e+00 4.290545e+11 5.503008e+05 -3.554881e-01 6.520975e-02
1.512501e-02 4.818000e+00 4.028000e+00 -8.329247e-01 6.532373e+00 2.382031e+00 4.375930e+11 5.604322e+05 -3.456435e-01 5.693948e-02
1.525001e-02 4.818000e+00 4.028000e+00 -8.789099e-01 6.602890e+00 2.338173e+00 4.433584e+11 5.681663e+05 -3.391212e-01 5.082345e-02
1.537501e-02 4.818000e+00 4.028000e+00 -8.890401e-01 6.653544e+00 2.429749e+00 4.470745e+11 5.729823e+05 -3.420114e-01 4.642856e-02
1.550001e-02 4.818000e+00 4.028000e+00 -9.152582e-01 6.704563e+00 2.383926e+00 4.500484e+11 5.769989e+05 -3.379910e-01 4.179716e-02
1.562501e-02 4.818000e+00 4.028000e+00 -9.831949e-01 6.785347e+00 2.362957e+00 4.550660e+11 5.836021e+05 -3.207653e-01 3.452587e-02
1.575001e-02 4.818000e+00 4.028000e+00 -1.028455e+00 6.848133e+00 2.444978e+00 4.580075e+11 5.870032e+05 -3.085819e-01 2.879715e-02
1.587501e-02 4.818000e+00 4.028000e+00 -1.063648e+00 6.905413e+00 2.349615e+00 4.612672e+11 5.911409e+05 -2.985772e-01 2.374721e-02
1.600001e-02 4.818000e+00 4.028000e+00 -1.106704e+00 6.962724e+00 2.361066e+00 4.631739e+11 5.937965e+05 -2.829067e-01 1.856089e-02
1.612501e-02 4.818000e+00 4.028000e+00 -1.125223e+00 7.015718e+00 2.336274e+00 4.665476e+11 5.982292e+05 -2.790795e-01 1.372898e-02
1.625001e-02 4.818000e+00 4.028000e+00 -1.144945e+00 7.061853e+00 2.294303e+00 4.683017e+11 6.005520e+05 -2.744251e-01 9.383202e-03
1.637501e-02 4.818000e+00 4.028000e+00 -1.162813e+00 7.107203e+00 2.427837e+00 4.712111e+11 6.042399e+05 -2.700169e-01 5.327940e-03
1.650001e-02 4.818000e+00 4.028000e+00 -1.173461e+00 7.147765e+00 2.317200e+00 4.731098e+11 6.066624e+05 -2.686195e-01 1.759410e-03
1.662501e-02 4.818000e+00 4.028000e+00 -1.175246e+00 7.181152e+00 2.473614e+00 4.763190e+11 6.107379e+05 -2.736707e-01 -1.283824e-03
1.675001e-02 4.818000e+00 4.028000e+00 -1.180667e+00 7.198279e+00 2.340082e+00 4.779749e+11 6.129115e+05 -2.723866e-01 -2.702653e-03
1.687501e-02 4.818000e+00 4.028000e+00 -1.184885e+00 7.200836e+00 2.416351e+00 4.779830e+11 6.128498e+05 -2.688733e-01 -2.843261e-03
1.700001e-02 4.818000e+00 4.028000e+00 -1.184877e+00 7.200250e+00 2.401120e+00 4.783908e+11 6.134212e+05 -2.691215e-01 -2.695680e-03
1.712501e-02 4.818000e+00 4.028000e+00 -1.196576e+00 7.202156e+00 2.359158e+00 4.771573e+11 6.119229e+05 -2.617255e-01 -2.904654e-03
1.725001e-02 4.818000e+00 4.028000e+00 -1.195596e+00 7.202983e+00 2.340079e+00 4.778076e+11 6.127499e+05 -2.626644e-01 -2.890229e-03
1.737501e-02 4.818000e+00 4.028000e+00 -1.205630e+00 7.204660e+00 2.389670e+00 4.763022e+11 6.108275e+05 -2.557901e-01 -3.022671e-03
1.750001e-02 4.818000e+00 4.028000e+00 -1.210320e+00 7.210048e+00 2.479284e+00 4.776371e+11 6.124881e+05 -2.537591e-01 -3.286242e-03
1.762502e-02 4.818000e+00 4.028000e+00 -1.218087e+00 7.211957e+00 2.385848e+00 4.774730e+11 6.122155e+05 -2.488831e-01 -3.410161e-03
1.775002e-02 4.818000e+00 4.028000e+00 -1.216262e+00 7.212007e+00 2.401113e+00 4.785361e+11 6.135808e+05 -2.499635e-01 -3.305435e-03
1.787502e-02 4.818000e+00 4.028000e+00 -1.215762e+00 7.214071e+00 2.385849e+00 4.793905e+11 6.146364e+05 -2.506003e-01 -3.393650e-03
1.800002e-02 4.818000e+00 4.028000e+00 -1.227684e+00 7.216696e+00 2.313375e+00 4.784909e+11 6.135054e+05 -2.429697e-01 -3.570855e-03
1.812502e-02 4.818000e+00 4.028000e+00 -1.231546e+00 7.218030e+00 2.351536e+00 4.785605e+11 6.135512e+05 -2.405238e-01 -3.557205e-03
1.825002e-02 4.818000e+00 4.028000e+00 -1.239095e+00 7.221879e+00 2.460221e+00 4.790552e+11 6.141411e+05 -2.354115e-01 -3.709018e-03
1.837502e-02 4.818000e+00 4.028000e+00 -1.228107e+00 7.220777e+00 2.290494e+00 4.802712e+11 6.157612e+05 -2.430778e-01 -3.452063e-03
1.850002e-02 4.818000e+00 4.028000e+00 -1.227890e+00 7.221387e+00 2.307663e+00 4.809845e+11 6.166918e+05 -2.431661e-01 -3.447413e-03
1.862502e-02 4.818000e+00 4.028000e+00 -1.231761e+00 7.222534e+00 2.328652e+00 4.810410e+11 6.167212e+05 -2.407026e-01 -3.489256e-03
1.875002e-02 4.818000e+00 4.028000e+00 -1.238879e+00 7.227265e+00 2.462170e+00 4.813798e+11 6.171121e+05 -2.365328e-01 -3.822386e-03
1.887502e-02 4.818000e+00 4.028000e+00 -1.238137e+00 7.225768e+00 2.487005e+00 4.807620e+11 6.162812e+05 -2.366803e-01 -3.714621e-03
1.900002e-02 4.818000e+00 4.028000e+00 -1.235740e+00 7.227359e+00 2.338152e+00 4.817676e+11 6.176640e+05 -2.386233e-01 -3.835857e-03
1.912502e-02 4.818000e+00 4.028000e+00 -1.247935e+00 7.231466e+00 2.298109e+00 4.820636e+11 6.180141e+05 -2.304106e-01 -4.072964e-03
1.925002e-02 4.818000e+00 4.028000e+00 -1.255274e+00 7.235800e+00 2.294299e+00 4.829066e+11 6.191393e+05 -2.250500e-01 -4.225969e-03
1.937502e-02 4.818000e+00 4.028000e+00 -1.211900e+00 7.264239e+00 2.351523e+00 4.974654e+11 6.378096e+05 -2.526914e-01 -3.632605e-03
1.950002e-02 4.818000e+00 4.028000e+00 -1.028994e+00 7.369738e+00 2.288590e+00 5.549648e+11 7.114924e+05 -3.565435e-01 -9.416342e-04
1.962502e-02 4.818000e+00 4.028000e+00 -4.941531e-01 7.647347e+00 2.340077e+00 6.906441e+11 8.854251e+05 -5.510342e-01 5.269527e-03
1.975002e-02 4.818000e+00 4.028000e+00 -8.915213e-02 7.848942e+00 2.364833e+00 7.671140e+11 9.831423e+05 -6.181777e-01 8.554220e-03
1.987502e-02 4.818000e+00 4.028000e+00 4.107710e-01 8.083797e+00 2.265698e+00 8.175123e+11 1.047729e+06 -6.226587e-01 1.130342e-02
2.000002e-02 4.818000e+00 4.028000e+00 9.994166e-01 8.353780e+00 2.263787e+00 8.048420e+11 1.031490e+06 -5.009277e-01 1.249516e-02
2.012502e-02 4.818000e+00 4.028000e+00 1.459976e+00 8.559112e+00 2.082613e+00 7.293005e+11 9.341188e+05 -2.530332e-01 1.071393e-02
2.025002e-02 4.818000e+00 4.028000e+00 1.723302e+00 8.674255e+00 2.147472e+00 6.560099e+11 8.403067e+05 2.087474e-03 8.869648e-03
2.037502e-02 4.818000e+00 4.028000e+00 1.850114e+00 8.728493e+00 2.103595e+00 6.123047e+11 7.834761e+05 1.687165e-01 7.769704e-03
2.050002e-02 4.818000e+00 4.028000e+00 2.058205e+00 8.820444e+00 2.261857e+00 5.288809e+11 6.760352e+05 5.757911e-01 5.552173e-03
2.062502e-02 4.818000e+00 4.028000e+00 2.214593e+00 8.889330e+00 2.168441e+00 4.549485e+11 5.819934e+05 1.061373e+00 3.638625e-03
2.075002e-02 4.818000e+00 4.028000e+00 2.356963e+00 8.950747e+00 2.128395e+00 3.795240e+11 4.840296e+05 1.730813e+00 1.897097e-03
2.087502e-02 4.818000e+00 4.028000e+00 2.466841e+00 8.998874e+00 1.941481e+00 3.165677e+11 4.015064e+05 2.524144e+00 6.946325e-04
2.100002e-02 4.818000e+00 4.028000e+00 2.557047e+00 9.056881e+00 1.865197e+00 2.620372e+11 3.346284e+05 3.538214e+00 8.916855e-05
2.112502e-02 4.818000e+00 4.028000e+00 2.631246e+00 9.232445e+00 2.044465e+00 2.235226e+11 2.868164e+05 4.553399e+00 5.763412e-03
2.125002e-02 4.818000e+00 4.028000e+00 2.686862e+00 9.370833e+00 2.057822e+00 1.911337e+11 2.418836e+05 5.789335e+00 4.028320e-03
2.137502e-02 4.818000e+00 4.028000e+00 2.726433e+00 9.466555e+00 2.048295e+00 1.743552e+11 2.179504e+05 6.665548e+00 1.400471e-03
2.150002e-02 4.818000e+00 4.028000e+00 2.752664e+00 9.521417e+00 1.992976e+00 1.601832e+11 1.972863e+05 7.510394e+00 1.794696e-03
2.162502e-02 4.818000e+00 4.028000e+00 2.811276e+00 9.615862e+00 1.939581e+00 1.464505e+11 1.781192e+05 8.454025e+00 5.157948e-03
2.175002e-02 4.818000e+00 4.028000e+00 2.835610e+00 9.730379e+00 1.867087e+00 1.393458e+11 1.724467e+05 9.006274e+00 7.874966e-03
2.187502e-02 4.818000e+00 4.028000e+00 2.868535e+00 9.885165e+00 1.821317e+00 1.313838e+11 1.695212e+05 9.711238e+00 -6.123126e-03
2.200002e-02 4.818000e+00 4.028000e+00 2.890078e+00 1.002699e+01 1.828962e+00 1.259360e+11 1.745348e+05 1.023228e+01 3.018379e-04
2.212502e-02 4.818000e+00 4.028000e+00 2.980716e+00 1.041282e+01 2.057826e+00 1.244966e+11 1.544047e+05 1.076199e+01 1.151919e-02
2.225002e-02 4.818000e+00 4.028000e+00 3.023581e+00 1.060038e+01 2.006321e+00 1.225823e+11 1.447445e+05 1.103924e+01 9.979248e-03
2.237502e-02 4.818000e+00 4.028000e+00 3.038825e+00 1.064488e+01 1.952933e+00 1.168049e+11 1.368009e+05 1.173083e+01 9.568214e-03
2.250003e-02 4.818000e+00 4.028000e+00 3.049269e+00 1.067932e+01 2.019674e+00 1.136918e+11 1.324153e+05 1.215253e+01 9.213209e-03
2.262503e-02 4.818000e+00 4.028000e+00 3.061736e+00 1.071331e+01 2.010139e+00 1.084628e+11 1.255496e+05 1.288725e+01 8.841038e-03
2.275003e-02 4.818000e+00 4.028000e+00 3.069587e+00 1.073804e+01 1.636353e+00 1.055188e+11 1.215627e+05 1.336771e+01 8.594036e-03
2.287503e-02 4.818000e+00 4.028000e+00 3.079679e+00 1.076477e+01 7.781827e-01 1.003139e+11 1.154136e+05 1.431974e+01 8.225083e-03
2.300003e-02 4.818000e+00 4.028000e+00 3.087820e+00 1.078420e+01 2.279030e+00 9.654316e+10 1.100602e+05 1.496064e+01 8.113861e-03
2.312503e-02 4.818000e+00 4.028000e+00 3.092971e+00 1.080422e+01 2.332439e+00 9.552291e+10 1.079303e+05 1.516148e+01 7.912755e-03
2.325003e-02 4.818000e+00 4.028000e+00 3.098345e+00 1.082064e+01 1.954837e+00 9.355662e+10 1.050670e+05 1.554211e+01 7.732391e-03
2.337503e-02 4.818000e+00 4.028000e+00 3.104243e+00 1.083130e+01 2.170322e+00 9.005622e+10 9.989044e+04 1.622664e+01 7.505774e-03
2.350003e-02 4.818000e+00 4.028000e+00 3.111323e+00 1.088039e+01 1.794641e+00 8.791710e+10 9.608955e+04 1.671518e+01 8.821607e-03
2.362503e-02 4.818000e+00 4.028000e+00 3.121675e+00 1.094523e+01 2.479265e+00 8.583291e+10 9.000431e+04 1.730833e+01 7.904291e-03
2.375003e-02 4.818000e+00 4.028000e+00 3.131722e+00 1.101742e+01 2.172223e+00 8.371515e+10 8.623603e+04 1.779560e+01 8.658886e-03
2.387503e-02 4.818000e+00 4.028000e+00 3.155082e+00 1.108154e+01 2.012073e+00 8.373484e+10 8.911766e+04 1.782381e+01 6.904364e-03
2.400003e-02 4.818000e+00 4.028000e+00 3.166248e+00 1.123244e+01 2.132204e+00 8.408488e+10 1.006208e+05 1.771931e+01 6.066561e-03
2.412503e-02 4.818000e+00 4.028000e+00 3.181010e+00 1.131296e+01 2.038744e+00 8.317669e+10 1.077107e+05 1.789430e+01 -1.677752e-03
2.425003e-02 4.818000e+00 4.028000e+00 3.188018e+00 1.140290e+01 2.130266e+00 8.310759e+10 1.086099e+05 1.791687e+01 8.723736e-03
2.437503e-02 4.818000e+00 4.028000e+00 3.200377e+00 1.150779e+01 2.006376e+00 8.273402e+10 1.094828e+05 1.796059e+01 1.107585e-02
2.450003e-02 4.818000e+00 4.028000e+00 3.237793e+00 1.160136e+01 2.681514e+00 8.212704e+10 8.359539e+04 1.828191e+01 2.476859e-02
2.462503e-02 4.818000e+00 4.028000e+00 3.248471e+00 1.181493e+01 2.118818e+00 8.413977e+10 8.645366e+04 1.790010e+01 1.618361e-02
2.475003e-02 4.818000e+00 4.028000e+00 3.267773e+00 1.191475e+01 2.385812e+00 8.278913e+10 8.569909e+04 1.822374e+01 1.509881e-02
2.487503e-02 4.818000e+00 4.028000e+00 3.279437e+00 1.197713e+01 2.033020e+00 8.104575e+10 1.045897e+05 1.862741e+01 6.908894e-03
2.500003e-02 4.818000e+00 4.028000e+00 3.323858e+00 1.203415e+01 1.928120e+00 7.979411e+10 1.086661e+05 1.890124e+01 7.173181e-03
2.512503e-02 4.818000e+00 4.028000e+00 3.334372e+00 1.212817e+01 2.124532e+00 8.102819e+10 9.354639e+04 1.878253e+01 -2.691984e-03
2.525003e-02 4.818000e+00 4.028000e+00 3.351132e+00 1.233764e+01 1.706833e+00 8.229788e+10 8.534366e+04 1.846534e+01 7.983088e-03
2.537503e-02 4.818000e+00 4.028000e+00 3.362816e+00 1.244653e+01 2.021541e+00 8.053991e+10 7.296546e+04 1.883737e+01 1.615191e-02
2.550003e-02 4.818000e+00 4.028000e+00 3.373370e+00 1.251869e+01 1.745018e+00 8.176332e+10 8.401502e+04 1.856476e+01 3.106940e-02
2.562503e-02 4.818000e+00 4.028000e+00 3.380302e+00 1.272995e+01 4.191788e+00 8.436367e+10 5.990714e+04 1.811524e+01 2.745438e-02
2.575003e-02 4.818000e+00 4.028000e+00 3.390268e+00 1.283914e+01 1.792756e+00 8.521667e+10 7.657745e+04 1.798183e+01 2.113771e-02
2.587503e-02 4.818000e+00 4.028000e+00 3.406983e+00 1.305471e+01 2.305836e+00 8.446217e+10 8.383302e+04 1.810919e+01 2.083755e-02
2.600003e-02 4.818000e+00 4.028000e+00 3.415123e+00 1.315170e+01 1.872821e+00 8.461252e+10 8.387369e+04 1.812997e+01 1.070929e-02
2.612503e-02 4.818000e+00 4.028000e+00 3.461428e+00 1.321533e+01 1.460851e+00 8.681364e+10 8.470270e+04 1.769166e+01 1.914322e-02
2.625003e-02 4.818000e+00 4.028000e+00 3.474272e+00 1.328759e+01 1.336860e+00 8.512224e+10 8.630812e+04 1.801313e+01 8.607388e-03
2.637503e-02 4.818000e+00 4.028000e+00 3.490226e+00 1.338219e+01 1.775548e+00 8.614357e+10 1.019057e+05 1.772794e+01 1.546156e-02
2.650003e-02 4.818000e+00 4.028000e+00 3.497994e+00 1.361586e+01 2.259921e+00 8.687515e+10 1.235584e+05 1.761666e+01 2.439487e-02
2.662503e-02 4.818000e+00 4.028000e+00 3.506397e+00 1.371647e+01 2.265901e+00 8.801468e+10 1.482175e+05 1.734373e+01 3.177631e-02
2.675003e-02 4.818000e+00 4.028000e+00 3.576472e+00 1.401384e+01 -7.938231e-01 8.782104e+10 1.381525e+05 1.745796e+01 3.699064e-02
2.687503e-02 4.818000e+00 4.028000e+00 3.585699e+00 1.412903e+01 1.916630e+00 9.052420e+10 1.110321e+05 1.711091e+01 -4.563868e-03
2.700003e-02 4.818000e+00 4.028000e+00 3.607305e+00 1.438688e+01 1.693575e+00 9.203278e+10 1.127837e+05 1.674485e+01 1.403594e-02
2.712503e-02 4.818000e+00 4.028000e+00 3.609709e+00 1.441166e+01 1.788948e+00 9.287148e+10 1.141651e+05 1.665460e+01 1.356471e-02
2.725003e-02 4.818000e+00 4.028000e+00 3.614030e+00 1.443870e+01 1.846129e+00 9.212021e+10 1.133978e+05 1.683248e+01 1.312304e-02
2.737503e-02 4.818000e+00 4.028000e+00 3.618145e+00 1.446156e+01 1.476169e+00 9.091921e+10 1.120840e+05 1.709451e+01 1.268864e-02
2.750004e-02 4.818000e+00 4.028000e+00 3.628886e+00 1.450817e+01 1.588691e+00 9.134034e+10 1.103085e+05 1.704946e+01 1.382530e-02
2.762504e-02 4.818000e+00 4.028000e+00 3.649716e+00 1.459765e+01 1.834688e+00 9.205940e+10 1.109029e+05 1.705568e+01 1.918828e-02
2.775004e-02 4.818000e+00 4.028000e+00 3.665259e+00 1.473597e+01 1.649595e+00 9.174793e+10 1.039789e+05 1.720628e+01 2.626550e-02
2.787504e-02 4.818000e+00 4.028000e+00 3.678253e+00 1.483992e+01 2.210358e+00 9.182777e+10 1.009922e+05 1.719524e+01 5.278349e-03
2.800004e-02 4.818000e+00 4.028000e+00 3.688659e+00 1.509645e+01 2.353397e+00 9.353341e+10 7.441627e+04 1.730651e+01 8.653164e-03
2.812504e-02 4.818000e+00 4.028000e+00 3.708811e+00 1.522459e+01 2.898841e+00 9.202096e+10 8.498520e+04 1.759697e+01 1.491988e-02
2.825004e-02 4.818000e+00 4.028000e+00 3.720437e+00 1.544428e+01 2.115016e+00 9.275033e+10 1.017688e+05 1.755016e+01 2.026916e-02
2.837504e-02 4.818000e+00 4.028000e+00 3.761023e+00 1.554145e+01 1.611515e+00 9.310737e+10 1.091855e+05 1.742177e+01 2.306163e-02
2.850004e-02 4.818000e+00 4.028000e+00 3.769189e+00 1.561196e+01 1.106113e+00 9.338221e+10 1.123026e+05 1.731718e+01 3.255832e-02
2.862504e-02 4.818000e+00 4.028000e+00 3.779864e+00 1.568741e+01 2.622291e+00 9.478399e+10 1.151531e+05 1.689032e+01 4.212379e-02
2.875004e-02 4.818000e+00 4.028000e+00 3.798126e+00 1.579060e+01 1.600090e+00 9.389704e+10 1.229653e+05 1.697874e+01 1.488566e-03
2.887504e-02 4.818000e+00 4.028000e+00 3.807800e+00 1.598647e+01 1.909145e+00 9.283406e+10 1.134874e+05 1.706635e+01 6.199479e-03
2.900004e-02 4.818000e+00 4.028000e+00 3.885887e+00 1.607293e+01 1.399848e+00 9.362077e+10 1.672130e+05 1.686971e+01 1.777780e-02
2.912504e-02 4.818000e+00 4.028000e+00 3.897893e+00 1.647502e+01 1.868531e+00 9.449048e+10 1.394158e+05 1.697429e+01 2.243233e-02
2.925004e-02 4.818000e+00 4.028000e+00 3.918268e+00 1.659592e+01 1.676375e+00 9.450941e+10 1.266474e+05 1.711296e+01 2.560222e-02
2.937504e-02 4.818000e+00 4.028000e+00 3.930885e+00 1.682899e+01 3.918894e+00 9.471411e+10 1.455168e+05 1.695209e+01 5.047524e-02
2.950004e-02 4.818000e+00 4.028000e+00 3.937805e+00 1.692793e+01 3.108582e+00 9.518330e+10 1.460667e+05 1.685928e+01 4.473960e-02
2.962504e-02 4.818000e+00 4.028000e+00 3.989581e+00 1.700281e+01 1.823231e+00 9.577239e+10 1.517268e+05 1.671875e+01 4.348755e-03
2.975004e-02 4.818000e+00 4.028000e+00 4.001789e+00 1.707531e+01 2.202677e+00 9.620097e+10 9.580504e+04 1.721732e+01 3.264666e-03
2.987504e-02 4.818000e+00 4.028000e+00 4.020783e+00 1.718487e+01 4.598183e+00 9.717972e+10 9.523668e+04 1.713865e+01 1.903367e-02

