#./underdamped_3d --dev=0 --amp=4.818 --omega=4.028 --force=0.01925 --gam=0.1 --Dg=0 --block=1024 --paths=262144 --periods=250000 --trans=249750 --samples=20 --spp=200 --algorithm=predcorr --pav=1 --mode=moments --domain=3d --domainx=a:4.818:4.818:1:0 --domainy=w:4.028:4.028:1:0 --domainz=g:0.005:0.0325:100:0 --q=2 --eps=0 --phi=0 --lambda=0 --Dp=0 --comp=0 --mean=0 >> ./temp/3d-gaw-f0.01925-D0-a4.818-w4.028-spp200-part0.dat
#g a w <<v>> <<v^2>> qnu(q) mu_q Dx Gx EBx
5.000000e-03 4.818000e+00 4.028000e+00 3.607660e+00 1.406158e+01 1.785124e+00 2.905590e+10 4.192248e+04 3.627198e+01 2.554333e-02
5.275000e-03 4.818000e+00 4.028000e+00 3.408541e+00 1.260173e+01 1.985348e+00 2.864734e+10 3.180528e+04 4.526952e+01 1.636326e-02
5.550000e-03 4.818000e+00 4.028000e+00 3.221905e+00 1.140478e+01 2.082613e+00 3.294720e+10 4.254377e+04 4.486660e+01 8.046746e-03
5.825000e-03 4.818000e+00 4.028000e+00 3.102403e+00 1.075999e+01 1.983441e+00 4.983391e+10 6.404665e+04 2.998987e+01 5.620599e-03
6.100000e-03 4.818000e+00 4.028000e+00 2.963498e+00 1.015153e+01 2.004418e+00 7.571280e+10 9.733971e+04 1.844504e+01 5.013704e-03
6.375000e-03 4.818000e+00 4.028000e+00 2.690749e+00 9.234120e+00 2.027306e+00 1.652503e+11 2.119177e+05 6.845520e+00 2.385855e-03
6.650000e-03 4.818000e+00 4.028000e+00 1.905718e+00 8.763017e+00 2.126477e+00 5.666836e+11 7.266209e+05 2.885256e-01 6.856799e-03
6.925000e-03 4.818000e+00 4.028000e+00 -1.070445e+00 7.383048e+00 2.410624e+00 5.284026e+11 6.774576e+05 -3.328844e-01 8.737326e-03
7.200000e-03 4.818000e+00 4.028000e+00 -1.318515e+00 7.328381e+00 2.330534e+00 4.849421e+11 6.217534e+05 -1.817559e-01 4.562855e-03
7.475000e-03 4.818000e+00 4.028000e+00 -1.451881e+00 7.358171e+00 2.280960e+00 4.766312e+11 6.111356e+05 -5.385119e-02 2.014637e-03
7.750000e-03 4.818000e+00 4.028000e+00 -1.523922e+00 7.367064e+00 2.256158e+00 4.707829e+11 6.036338e+05 3.429794e-02 1.037240e-03
8.025000e-03 4.818000e+00 4.028000e+00 -1.606896e+00 7.377110e+00 2.233274e+00 4.634850e+11 5.942808e+05 1.621031e-01 1.983643e-04
8.300000e-03 4.818000e+00 4.028000e+00 -1.667172e+00 7.377255e+00 2.197040e+00 4.535762e+11 5.815787e+05 2.737141e-01 -3.249049e-04
8.575000e-03 4.818000e+00 4.028000e+00 -1.709935e+00 7.378226e+00 2.202760e+00 4.479510e+11 5.743468e+05 3.675232e-01 -3.759861e-04
8.850000e-03 4.818000e+00 4.028000e+00 -1.760856e+00 7.376678e+00 2.160812e+00 4.357180e+11 5.586142e+05 4.888924e-01 -3.544688e-04
9.125000e-03 4.818000e+00 4.028000e+00 -1.812503e+00 7.376810e+00 2.170349e+00 4.226312e+11 5.418633e+05 6.318951e-01 -4.251003e-04
9.400000e-03 4.818000e+00 4.028000e+00 -1.847235e+00 7.374539e+00 2.147458e+00 4.124594e+11 5.287906e+05 7.391568e-01 -6.585717e-04
9.675000e-03 4.818000e+00 4.028000e+00 -1.869858e+00 7.372781e+00 2.126482e+00 4.070378e+11 5.218095e+05 8.173668e-01 -6.574988e-04
9.950000e-03 4.818000e+00 4.028000e+00 -1.871336e+00 7.371351e+00 2.139831e+00 4.099479e+11 5.255941e+05 8.259705e-01 -7.990599e-04
1.022500e-02 4.818000e+00 4.028000e+00 -1.904026e+00 7.370643e+00 2.107402e+00 3.981001e+11 5.103911e+05 9.438182e-01 -9.467602e-04
1.050000e-02 4.818000e+00 4.028000e+00 -1.912197e+00 7.369483e+00 2.094058e+00 3.972043e+11 5.092144e+05 9.776685e-01 -9.619594e-04
1.077500e-02 4.818000e+00 4.028000e+00 -1.907054e+00 7.369426e+00 2.109323e+00 4.024470e+11 5.159191e+05 9.606266e-01 -9.734035e-04
1.105000e-02 4.818000e+00 4.028000e+00 -1.901014e+00 7.367661e+00 2.109322e+00 4.067638e+11 5.214426e+05 9.394382e-01 -8.398294e-04
1.132500e-02 4.818000e+00 4.028000e+00 -1.894566e+00 7.366128e+00 2.094060e+00 4.121571e+11 5.283654e+05 9.171845e-01 -8.431077e-04
1.160000e-02 4.818000e+00 4.028000e+00 -1.879766e+00 7.362575e+00 2.076898e+00 4.205060e+11 5.390565e+05 8.613766e-01 -7.578731e-04
1.187500e-02 4.818000e+00 4.028000e+00 -1.808427e+00 7.360625e+00 2.107416e+00 4.576653e+11 5.866888e+05 6.428425e-01 -5.856752e-04
1.215000e-02 4.818000e+00 4.028000e+00 -1.782726e+00 7.359279e+00 2.109318e+00 4.714598e+11 6.044455e+05 5.733385e-01 -4.771948e-04
1.242500e-02 4.818000e+00 4.028000e+00 -1.822040e+00 7.357671e+00 2.082617e+00 4.532018e+11 5.810319e+05 6.834435e-01 -4.715323e-04
1.270000e-02 4.818000e+00 4.028000e+00 -1.765480e+00 7.355600e+00 2.082615e+00 4.825385e+11 6.185635e+05 5.289518e-01 -6.523728e-04
1.297500e-02 4.818000e+00 4.028000e+00 -1.613676e+00 7.354387e+00 2.109314e+00 5.554075e+11 7.120638e+05 2.069200e-01 -6.793141e-04
1.325000e-02 4.818000e+00 4.028000e+00 -1.523349e+00 7.352596e+00 2.086431e+00 5.981701e+11 7.668904e+05 6.213534e-02 -5.559325e-04
1.352500e-02 4.818000e+00 4.028000e+00 -1.438405e+00 7.350159e+00 2.065449e+00 6.353506e+11 8.146382e+05 -5.246043e-02 -5.097389e-04
1.380000e-02 4.818000e+00 4.028000e+00 -1.414071e+00 7.347319e+00 2.073079e+00 6.470449e+11 8.295287e+05 -8.186871e-02 -3.703833e-04
1.407500e-02 4.818000e+00 4.028000e+00 -1.395426e+00 7.344635e+00 2.042559e+00 6.557195e+11 8.407648e+05 -1.031216e-01 -1.403093e-04
1.435000e-02 4.818000e+00 4.028000e+00 -1.388515e+00 7.341541e+00 2.071177e+00 6.601550e+11 8.464466e+05 -1.109807e-01 6.055832e-05
1.462500e-02 4.818000e+00 4.028000e+00 -1.395701e+00 7.337883e+00 2.046386e+00 6.593620e+11 8.453411e+05 -1.033701e-01 1.288652e-04
1.490000e-02 4.818000e+00 4.028000e+00 -1.357211e+00 7.332756e+00 2.105498e+00 6.759049e+11 8.665030e+05 -1.453227e-01 1.689196e-04
1.517500e-02 4.818000e+00 4.028000e+00 -1.311278e+00 7.330210e+00 2.095958e+00 6.946242e+11 8.905402e+05 -1.925130e-01 6.365776e-05
1.545000e-02 4.818000e+00 4.028000e+00 -1.259178e+00 7.330296e+00 2.057820e+00 7.152429e+11 9.169361e+05 -2.407723e-01 9.179115e-06
1.572500e-02 4.818000e+00 4.028000e+00 -1.230325e+00 7.330281e+00 2.094058e+00 7.257957e+11 9.305869e+05 -2.659851e-01 -4.613400e-05
1.600000e-02 4.818000e+00 4.028000e+00 -1.199428e+00 7.330008e+00 2.067358e+00 7.372518e+11 9.453036e+05 -2.913504e-01 -9.596348e-05
1.627500e-02 4.818000e+00 4.028000e+00 -1.184644e+00 7.329978e+00 2.074985e+00 7.431252e+11 9.527862e+05 -3.030577e-01 -1.968741e-04
1.655000e-02 4.818000e+00 4.028000e+00 -1.146319e+00 7.330044e+00 2.082627e+00 7.562849e+11 9.697329e+05 -3.322723e-01 -2.627373e-04
1.682500e-02 4.818000e+00 4.028000e+00 -1.102758e+00 7.330407e+00 2.074978e+00 7.716993e+11 9.894246e+05 -3.626074e-01 -3.669858e-04
1.710000e-02 4.818000e+00 4.028000e+00 -1.046233e+00 7.330800e+00 1.996792e+00 7.902157e+11 1.013206e+06 -3.989311e-01 -3.483891e-04
1.737500e-02 4.818000e+00 4.028000e+00 -1.003752e+00 7.331389e+00 2.046379e+00 8.030177e+11 1.029647e+06 -4.240442e-01 -3.632307e-04
1.765000e-02 4.818000e+00 4.028000e+00 -9.805431e-01 7.331741e+00 2.044481e+00 8.112569e+11 1.040045e+06 -4.372358e-01 -4.263520e-04
1.792501e-02 4.818000e+00 4.028000e+00 -9.578484e-01 7.332036e+00 2.071174e+00 8.198938e+11 1.051330e+06 -4.492641e-01 -4.651546e-04
1.820001e-02 4.818000e+00 4.028000e+00 -9.361528e-01 7.332394e+00 2.013953e+00 8.283178e+11 1.061914e+06 -4.606603e-01 -5.404949e-04
1.847501e-02 4.818000e+00 4.028000e+00 -8.266209e-01 7.333415e+00 2.033038e+00 8.585635e+11 1.100908e+06 -5.111355e-01 -5.584955e-04
1.875001e-02 4.818000e+00 4.028000e+00 -7.698587e-01 7.334232e+00 1.958644e+00 8.733010e+11 1.119656e+06 -5.338650e-01 -6.444454e-04
1.902501e-02 4.818000e+00 4.028000e+00 -6.377863e-01 7.335819e+00 2.029211e+00 9.028026e+11 1.157573e+06 -5.781751e-01 -7.330179e-04
1.930001e-02 4.818000e+00 4.028000e+00 -5.844347e-01 7.336376e+00 2.010136e+00 9.138356e+11 1.171547e+06 -5.932117e-01 -8.001924e-04
1.957501e-02 4.818000e+00 4.028000e+00 -5.119103e-01 7.336895e+00 2.044469e+00 9.264893e+11 1.187905e+06 -6.108423e-01 -8.793473e-04
1.985001e-02 4.818000e+00 4.028000e+00 -4.409337e-01 7.337607e+00 1.928137e+00 9.376684e+11 1.202389e+06 -6.255656e-01 -8.446574e-04
2.012501e-02 4.818000e+00 4.028000e+00 -3.456303e-01 7.338673e+00 2.105521e+00 9.494953e+11 1.217373e+06 -6.416097e-01 -8.131266e-04
2.040001e-02 4.818000e+00 4.028000e+00 -2.932874e-01 7.339057e+00 2.111217e+00 9.555022e+11 1.224877e+06 -6.487370e-01 -8.580089e-04
2.067501e-02 4.818000e+00 4.028000e+00 -1.575988e-01 7.340086e+00 1.905248e+00 9.652892e+11 1.237910e+06 -6.611392e-01 -9.015203e-04
2.095002e-02 4.818000e+00 4.028000e+00 -3.357304e-02 7.340262e+00 2.183694e+00 9.698063e+11 1.243433e+06 -6.661291e-01 -8.727908e-04
2.122502e-02 4.818000e+00 4.028000e+00 9.994564e-02 7.341115e+00 2.145549e+00 9.694413e+11 1.242891e+06 -6.643164e-01 -9.278655e-04
2.150002e-02 4.818000e+00 4.028000e+00 1.797107e-01 7.343199e+00 2.025412e+00 9.669161e+11 1.239962e+06 -6.597127e-01 -1.055837e-03
2.177502e-02 4.818000e+00 4.028000e+00 2.882232e-01 7.344409e+00 2.130280e+00 9.605767e+11 1.231328e+06 -6.494696e-01 -1.052201e-03
2.205002e-02 4.818000e+00 4.028000e+00 3.909561e-01 7.345739e+00 2.034932e+00 9.507309e+11 1.218746e+06 -6.348712e-01 -1.114130e-03
2.232502e-02 4.818000e+00 4.028000e+00 4.457107e-01 7.346379e+00 2.118848e+00 9.447312e+11 1.211018e+06 -6.249810e-01 -1.187265e-03
2.260002e-02 4.818000e+00 4.028000e+00 5.276106e-01 7.346806e+00 2.002519e+00 9.333378e+11 1.196540e+06 -6.075444e-01 -1.253247e-03
2.287502e-02 4.818000e+00 4.028000e+00 5.820121e-01 7.347473e+00 1.975814e+00 9.247301e+11 1.185465e+06 -5.940037e-01 -1.294672e-03
2.315002e-02 4.818000e+00 4.028000e+00 6.157264e-01 7.348003e+00 2.061631e+00 9.185550e+11 1.177553e+06 -5.847959e-01 -1.253903e-03
2.342502e-02 4.818000e+00 4.028000e+00 7.664862e-01 7.348951e+00 2.137910e+00 8.875051e+11 1.137710e+06 -5.353951e-01 -1.274645e-03
2.370002e-02 4.818000e+00 4.028000e+00 8.981028e-01 7.349352e+00 2.057834e+00 8.545256e+11 1.095505e+06 -4.797097e-01 -1.269877e-03
2.397503e-02 4.818000e+00 4.028000e+00 1.017869e+00 7.349753e+00 1.996790e+00 8.199847e+11 1.051630e+06 -4.160263e-01 -1.316965e-03
2.425003e-02 4.818000e+00 4.028000e+00 1.084884e+00 7.349651e+00 2.065439e+00 7.992584e+11 1.024751e+06 -3.746719e-01 -1.287997e-03
2.452503e-02 4.818000e+00 4.028000e+00 1.031119e+00 7.349004e+00 2.006321e+00 8.166760e+11 1.046917e+06 -4.084972e-01 -1.313627e-03
2.480003e-02 4.818000e+00 4.028000e+00 1.018798e+00 7.348772e+00 2.029196e+00 8.205487e+11 1.052300e+06 -4.155691e-01 -1.211822e-03
2.507503e-02 4.818000e+00 4.028000e+00 1.081836e+00 7.348159e+00 2.080699e+00 8.012938e+11 1.027331e+06 -3.767546e-01 -1.207411e-03
2.535003e-02 4.818000e+00 4.028000e+00 1.192711e+00 7.348042e+00 2.033016e+00 7.636671e+11 9.787694e+05 -2.983307e-01 -1.259923e-03
2.562503e-02 4.818000e+00 4.028000e+00 1.340412e+00 7.347726e+00 2.120765e+00 7.074322e+11 9.070811e+05 -1.630422e-01 -1.239836e-03
2.590003e-02 4.818000e+00 4.028000e+00 1.468537e+00 7.346519e+00 2.038750e+00 6.543208e+11 8.385599e+05 -1.434761e-02 -1.211703e-03
2.617503e-02 4.818000e+00 4.028000e+00 1.580105e+00 7.346071e+00 2.054012e+00 6.041385e+11 7.741947e+05 1.483654e-01 -1.097679e-03
2.645003e-02 4.818000e+00 4.028000e+00 1.711635e+00 7.345800e+00 2.094059e+00 5.401821e+11 6.925628e+05 4.057298e-01 -9.635091e-04
2.672504e-02 4.818000e+00 4.028000e+00 1.816328e+00 7.344447e+00 2.120760e+00 4.858528e+11 6.227792e+05 6.690549e-01 -8.839965e-04
2.700004e-02 4.818000e+00 4.028000e+00 1.981056e+00 7.343686e+00 2.038747e+00 3.938749e+11 5.046434e+05 1.292407e+00 -8.873343e-04
2.727504e-02 4.818000e+00 4.028000e+00 2.109145e+00 7.342431e+00 1.979630e+00 3.169779e+11 4.059076e+05 2.092092e+00 -8.743405e-04
2.755004e-02 4.818000e+00 4.028000e+00 2.201752e+00 7.341190e+00 2.055916e+00 2.582516e+11 3.306266e+05 3.023625e+00 -7.620454e-04
2.782504e-02 4.818000e+00 4.028000e+00 2.220614e+00 7.340443e+00 1.985350e+00 2.462005e+11 3.149342e+05 3.267577e+00 -6.309748e-04
2.810004e-02 4.818000e+00 4.028000e+00 2.334092e+00 7.337935e+00 2.048296e+00 1.702646e+11 2.176167e+05 5.622383e+00 -2.639890e-04
2.837504e-02 4.818000e+00 4.028000e+00 2.355787e+00 7.334533e+00 2.023494e+00 1.555311e+11 1.986244e+05 6.346795e+00 -4.696846e-05
2.865004e-02 4.818000e+00 4.028000e+00 2.365628e+00 7.330499e+00 2.027302e+00 1.487756e+11 1.898860e+05 6.727055e+00 2.671480e-04
2.892504e-02 4.818000e+00 4.028000e+00 2.375315e+00 7.325840e+00 2.038753e+00 1.420002e+11 1.813240e+05 7.150875e+00 3.798008e-04
2.920004e-02 4.818000e+00 4.028000e+00 2.377005e+00 7.319628e+00 2.075002e+00 1.407771e+11 1.797555e+05 7.231977e+00 4.494190e-04
2.947504e-02 4.818000e+00 4.028000e+00 2.387616e+00 7.316196e+00 1.994886e+00 1.334772e+11 1.702954e+05 7.736242e+00 4.023314e-04
2.975005e-02 4.818000e+00 4.028000e+00 2.407264e+00 7.316209e+00 2.055916e+00 1.196339e+11 1.525611e+05 8.869183e+00 3.570318e-04
3.002505e-02 4.818000e+00 4.028000e+00 2.428606e+00 7.316218e+00 2.015864e+00 1.045714e+11 1.331562e+05 1.043462e+01 3.496408e-04
3.030005e-02 4.818000e+00 4.028000e+00 2.458018e+00 7.316204e+00 2.006327e+00 8.340944e+10 1.060547e+05 1.360127e+01 3.453493e-04
3.057505e-02 4.818000e+00 4.028000e+00 2.442052e+00 7.316310e+00 2.050196e+00 9.490979e+10 1.208122e+05 1.170550e+01 3.161430e-04
3.085005e-02 4.818000e+00 4.028000e+00 2.434651e+00 7.316422e+00 2.021590e+00 1.002777e+11 1.276226e+05 1.096926e+01 2.084970e-04
3.112505e-02 4.818000e+00 4.028000e+00 2.417994e+00 7.316764e+00 2.004419e+00 1.120382e+11 1.427744e+05 9.608076e+00 1.251698e-04
3.140005e-02 4.818000e+00 4.028000e+00 2.436165e+00 7.316782e+00 2.046378e+00 9.911084e+10 1.261564e+05 1.111121e+01 8.678436e-05
3.167505e-02 4.818000e+00 4.028000e+00 2.456050e+00 7.316846e+00 2.000603e+00 8.475408e+10 1.078086e+05 1.333988e+01 2.312660e-05
3.195005e-02 4.818000e+00 4.028000e+00 2.501351e+00 7.316814e+00 2.002517e+00 5.178259e+10 6.549637e+04 2.309986e+01 -2.199411e-05
3.222505e-02 4.818000e+00 4.028000e+00 2.497177e+00 7.316938e+00 2.027315e+00 5.485438e+10 6.943094e+04 2.169719e+01 -6.914139e-05
3.250000e-02 4.818000e+00 4.028000e+00 2.528321e+00 7.316973e+00 2.017764e+00 3.189866e+10 3.994910e+04 3.876662e+01 -1.086593e-04
3.277500e-02 4.818000e+00 4.028000e+00 2.539779e+00 7.317024e+00 1.992981e+00 2.339071e+10 2.901314e+04 5.358496e+01 -1.513362e-04
3.305000e-02 4.818000e+00 4.028000e+00 2.549447e+00 7.317120e+00 1.985349e+00 1.617120e+10 1.976032e+04 7.839561e+01 -2.229810e-04
3.332500e-02 4.818000e+00 4.028000e+00 2.552025e+00 7.317209e+00 1.968183e+00 1.423497e+10 1.725295e+04 8.939389e+01 -2.589822e-04
3.360000e-02 4.818000e+00 4.028000e+00 2.553265e+00 7.317241e+00 1.991071e+00 1.331184e+10 1.606363e+04 9.574997e+01 -3.474355e-04
3.387500e-02 4.818000e+00 4.028000e+00 2.553404e+00 7.317258e+00 1.985348e+00 1.321062e+10 1.595247e+04 9.646465e+01 -2.998114e-04
3.415000e-02 4.818000e+00 4.028000e+00 2.554036e+00 7.317281e+00 1.987250e+00 1.272700e+10 1.531504e+04 1.002613e+02 -3.525615e-04
3.442501e-02 4.818000e+00 4.028000e+00 2.554489e+00 7.317316e+00 1.970096e+00 1.237992e+10 1.483608e+04 1.031684e+02 -2.939701e-04
3.470001e-02 4.818000e+00 4.028000e+00 2.554409e+00 7.317368e+00 1.983448e+00 1.243686e+10 1.487230e+04 1.027791e+02 -2.585649e-04
3.497501e-02 4.818000e+00 4.028000e+00 2.555727e+00 7.317405e+00 1.983440e+00 1.143622e+10 1.358282e+04 1.117542e+02 -2.223849e-04
3.525001e-02 4.818000e+00 4.028000e+00 2.555334e+00 7.317469e+00 1.970092e+00 1.173584e+10 1.400304e+04 1.088846e+02 -2.028346e-04
3.552501e-02 4.818000e+00 4.028000e+00 2.555275e+00 7.317531e+00 1.977715e+00 1.178453e+10 1.404984e+04 1.083476e+02 -1.900792e-04
3.580001e-02 4.818000e+00 4.028000e+00 2.555412e+00 7.317563e+00 1.973902e+00 1.168204e+10 1.396144e+04 1.092220e+02 -2.288222e-04
3.607501e-02 4.818000e+00 4.028000e+00 2.554290e+00 7.317694e+00 1.979633e+00 1.253633e+10 1.507825e+04 1.016918e+02 -3.305674e-04
3.635001e-02 4.818000e+00 4.028000e+00 2.555471e+00 7.318441e+00 1.970087e+00 1.164142e+10 1.392447e+04 1.095005e+02 -4.338622e-04
3.662501e-02 4.818000e+00 4.028000e+00 2.554920e+00 7.319618e+00 1.985352e+00 1.205896e+10 1.448804e+04 1.057031e+02 -4.985332e-04
3.690001e-02 4.818000e+00 4.028000e+00 2.555805e+00 7.320856e+00 1.975814e+00 1.138678e+10 1.360349e+04 1.119479e+02 -6.253123e-04
3.717501e-02 4.818000e+00 4.028000e+00 2.555748e+00 7.321239e+00 1.970092e+00 1.143475e+10 1.368113e+04 1.114059e+02 -6.586313e-04
3.745002e-02 4.818000e+00 4.028000e+00 2.556357e+00 7.321486e+00 1.977723e+00 1.097522e+10 1.310924e+04 1.159762e+02 -7.939339e-04
3.772502e-02 4.818000e+00 4.028000e+00 2.556259e+00 7.321714e+00 1.975807e+00 1.105239e+10 1.323058e+04 1.150935e+02 -8.112192e-04
3.800002e-02 4.818000e+00 4.028000e+00 2.556574e+00 7.321931e+00 1.973910e+00 1.081929e+10 1.296211e+04 1.174183e+02 -7.781386e-04
3.827502e-02 4.818000e+00 4.028000e+00 2.556417e+00 7.322553e+00 1.966273e+00 1.094824e+10 1.313083e+04 1.158003e+02 -7.275343e-04
3.855002e-02 4.818000e+00 4.028000e+00 2.556987e+00 7.323118e+00 1.970095e+00 1.053107e+10 1.261608e+04 1.199924e+02 -7.528067e-04
3.882502e-02 4.818000e+00 4.028000e+00 2.556949e+00 7.324678e+00 1.958649e+00 1.057891e+10 1.273944e+04 1.190206e+02 -7.320046e-04
3.910002e-02 4.818000e+00 4.028000e+00 2.556556e+00 7.325392e+00 1.954839e+00 1.090382e+10 1.320243e+04 1.149875e+02 -7.082224e-04
3.937502e-02 4.818000e+00 4.028000e+00 2.556456e+00 7.324763e+00 1.958651e+00 1.100202e+10 1.339518e+04 1.134969e+02 -7.022023e-04
3.965002e-02 4.818000e+00 4.028000e+00 2.557381e+00 7.325170e+00 1.941480e+00 1.031188e+10 1.245131e+04 1.207450e+02 -7.417798e-04
3.992502e-02 4.818000e+00 4.028000e+00 2.557499e+00 7.325350e+00 1.947209e+00 1.023315e+10 1.241257e+04 1.214527e+02 -7.336140e-04
4.020002e-02 4.818000e+00 4.028000e+00 2.555296e+00 7.324479e+00 1.958656e+00 1.167202e+10 1.426260e+04 1.049056e+02 -7.072091e-04
4.047503e-02 4.818000e+00 4.028000e+00 2.554743e+00 7.325559e+00 1.952929e+00 1.236906e+10 1.523765e+04 9.992856e+01 -8.555651e-04
4.075003e-02 4.818000e+00 4.028000e+00 2.554998e+00 7.325582e+00 1.924321e+00 1.228257e+10 1.522538e+04 9.905814e+01 -8.712411e-04
4.102503e-02 4.818000e+00 4.028000e+00 2.556201e+00 7.325619e+00 1.891903e+00 1.150428e+10 1.425428e+04 1.037160e+02 -9.440184e-04
4.130003e-02 4.818000e+00 4.028000e+00 2.556122e+00 7.325673e+00 1.863297e+00 1.175931e+10 1.466130e+04 9.891938e+01 -1.042008e-03
4.157503e-02 4.818000e+00 4.028000e+00 2.552853e+00 7.325779e+00 1.853749e+00 1.442337e+10 1.810759e+04 7.957999e+01 -1.103222e-03
4.185003e-02 4.818000e+00 4.028000e+00 2.552715e+00 7.325854e+00 1.798453e+00 1.497859e+10 1.887980e+04 7.326306e+01 -1.197517e-03
4.212503e-02 4.818000e+00 4.028000e+00 2.551692e+00 7.325948e+00 1.733607e+00 1.647792e+10 2.085494e+04 6.265289e+01 -1.257360e-03
4.240003e-02 4.818000e+00 4.028000e+00 2.473287e+00 7.207901e+00 1.888095e+00 4.362381e+10 5.579603e+04 1.078069e+01 7.762194e-03
4.267503e-02 4.818000e+00 4.028000e+00 2.251862e+00 6.873667e+00 2.021566e+00 1.043031e+11 1.338540e+05 1.707607e+00 3.360999e-02
4.295003e-02 4.818000e+00 4.028000e+00 1.968560e+00 6.444201e+00 1.970112e+00 1.598159e+11 2.051879e+05 1.093305e-01 6.667125e-02
4.322504e-02 4.818000e+00 4.028000e+00 1.642292e+00 5.950592e+00 1.914790e+00 1.961477e+11 2.518018e+05 -3.968391e-01 1.029438e-01
4.350004e-02 4.818000e+00 4.028000e+00 1.412809e+00 5.604671e+00 2.027314e+00 2.099599e+11 2.695138e+05 -5.156168e-01 1.256961e-01
4.377504e-02 4.818000e+00 4.028000e+00 1.293670e+00 5.423824e+00 2.466016e+00 2.122478e+11 2.724294e+05 -5.404332e-01 1.360098e-01
4.405004e-02 4.818000e+00 4.028000e+00 1.265488e+00 5.380641e+00 2.412545e+00 2.133472e+11 2.736969e+05 -5.437989e-01 1.383272e-01
4.432504e-02 4.818000e+00 4.028000e+00 1.246258e+00 5.350882e+00 2.475464e+00 2.101233e+11 2.696491e+05 -5.390583e-01 1.398739e-01
4.460004e-02 4.818000e+00 4.028000e+00 1.228535e+00 5.322075e+00 2.298108e+00 2.107630e+11 2.704378e+05 -5.457788e-01 1.412625e-01
4.487504e-02 4.818000e+00 4.028000e+00 1.062993e+00 5.070422e+00 2.397288e+00 2.078729e+11 2.667011e+05 -5.200177e-01 1.519413e-01
4.515004e-02 4.818000e+00 4.028000e+00 9.249830e-01 4.861290e+00 2.338176e+00 1.983425e+11 2.542984e+05 -4.522339e-01 1.574789e-01
4.542504e-02 4.818000e+00 4.028000e+00 9.706667e-01 4.928788e+00 1.985341e+00 1.892914e+11 2.429276e+05 -4.491737e-01 1.561810e-01
4.570004e-02 4.818000e+00 4.028000e+00 1.125655e+00 5.162857e+00 2.378225e+00 1.935697e+11 2.483616e+05 -5.026317e-01 1.487851e-01
4.597504e-02 4.818000e+00 4.028000e+00 1.189715e+00 5.258496e+00 2.420216e+00 1.967050e+11 2.523420e+05 -5.244724e-01 1.447092e-01
4.625005e-02 4.818000e+00 4.028000e+00 1.246853e+00 5.347493e+00 1.987301e+00 2.045667e+11 2.625769e+05 -5.388390e-01 1.404814e-01
4.652505e-02 4.818000e+00 4.028000e+00 1.031528e+00 5.020631e+00 2.321000e+00 1.961959e+11 2.515855e+05 -4.872003e-01 1.541231e-01
4.680005e-02 4.818000e+00 4.028000e+00 8.168156e-01 4.692257e+00 2.454503e+00 1.739018e+11 2.229524e+05 -3.277377e-01 1.597292e-01
4.707505e-02 4.818000e+00 4.028000e+00 5.903763e-01 4.347688e+00 2.177978e+00 1.443283e+11 1.850523e+05 2.053738e-02 1.520544e-01
4.735005e-02 4.818000e+00 4.028000e+00 4.411587e-01 4.120628e+00 2.387760e+00 1.184171e+11 1.517505e+05 4.767774e-01 1.371471e-01
4.762505e-02 4.818000e+00 4.028000e+00 2.030439e-01 3.756362e+00 2.197042e+00 6.572263e+10 8.416505e+04 2.556495e+00 8.767867e-02
4.790005e-02 4.818000e+00 4.028000e+00 1.215657e-01 3.628296e+00 2.183700e+00 4.424644e+10 5.664581e+04 4.907851e+00 6.045544e-02
4.817505e-02 4.818000e+00 4.028000e+00 3.330597e-02 3.491475e+00 2.057814e+00 1.768796e+10 2.265043e+04 1.610708e+01 2.273130e-02
4.845005e-02 4.818000e+00 4.028000e+00 4.207481e-02 3.507113e+00 2.092145e+00 2.071022e+10 2.657541e+04 1.327103e+01 2.809227e-02
4.872505e-02 4.818000e+00 4.028000e+00 2.925084e-03 3.444412e+00 1.992983e+00 7.618968e+09 9.769147e+03 4.234747e+01 8.520365e-03
4.900005e-02 4.818000e+00 4.028000e+00 1.671185e-03 3.442418e+00 2.008221e+00 7.306716e+09 9.367972e+03 4.460341e+01 8.644819e-03
4.927506e-02 4.818000e+00 4.028000e+00 1.464467e-03 3.441711e+00 2.000597e+00 7.246179e+09 9.290411e+03 4.498983e+01 8.918047e-03
4.955006e-02 4.818000e+00 4.028000e+00 1.908549e-03 3.438795e+00 1.981539e+00 6.753337e+09 8.658836e+03 4.833877e+01 9.080291e-03
4.982506e-02 4.818000e+00 4.028000e+00 1.236377e-03 3.437750e+00 2.010139e+00 6.987301e+09 8.958399e+03 4.669594e+01 9.686470e-03
5.010006e-02 4.818000e+00 4.028000e+00 1.151993e-03 3.435064e+00 2.000621e+00 6.686192e+09 8.572240e+03 4.884398e+01 9.764075e-03
5.037506e-02 4.818000e+00 4.028000e+00 1.124569e-03 3.432861e+00 1.983448e+00 6.575484e+09 8.430396e+03 4.968344e+01 1.013088e-02
5.065006e-02 4.818000e+00 4.028000e+00 2.152774e-03 3.431277e+00 2.008244e+00 6.547138e+09 8.394554e+03 4.988975e+01 1.018548e-02
5.092506e-02 4.818000e+00 4.028000e+00 1.374041e-03 3.429363e+00 2.008236e+00 6.388161e+09 8.190228e+03 5.116624e+01 1.034772e-02
5.120006e-02 4.818000e+00 4.028000e+00 1.301406e-03 3.428904e+00 2.012048e+00 6.502674e+09 8.336862e+03 5.024576e+01 1.137662e-02
5.147506e-02 4.818000e+00 4.028000e+00 1.737236e-03 3.428893e+00 1.989172e+00 6.692543e+09 8.580549e+03 4.878640e+01 1.220798e-02
5.175006e-02 4.818000e+00 4.028000e+00 1.582348e-03 3.427141e+00 2.004414e+00 6.422053e+09 8.233802e+03 5.088764e+01 1.248276e-02
5.202506e-02 4.818000e+00 4.028000e+00 1.784667e-03 3.422485e+00 2.006326e+00 6.063294e+09 7.774015e+03 5.395498e+01 1.270211e-02
5.230007e-02 4.818000e+00 4.028000e+00 2.414772e-03 3.423326e+00 1.994893e+00 6.038836e+09 7.742890e+03 5.416019e+01 1.320028e-02
5.257507e-02 4.818000e+00 4.028000e+00 1.803531e-03 3.422164e+00 2.008232e+00 6.249943e+09 8.013072e+03 5.229605e+01 1.392829e-02
5.285007e-02 4.818000e+00 4.028000e+00 2.961839e-03 3.417298e+00 2.010136e+00 5.995390e+09 7.688211e+03 5.450473e+01 1.375139e-02
5.312507e-02 4.818000e+00 4.028000e+00 3.691692e-03 3.411488e+00 2.010132e+00 6.093031e+09 7.814554e+03 5.357546e+01 1.375151e-02
5.340007e-02 4.818000e+00 4.028000e+00 3.618423e-03 3.402331e+00 2.010150e+00 6.099134e+09 7.822254e+03 5.351660e+01 1.392603e-02
5.367507e-02 4.818000e+00 4.028000e+00 4.776507e-03 3.389348e+00 2.008232e+00 5.764040e+09 7.394331e+03 5.661353e+01 1.355636e-02
5.395007e-02 4.818000e+00 4.028000e+00 5.058056e-03 3.377114e+00 1.994873e+00 5.888336e+09 7.554245e+03 5.539594e+01 1.441598e-02
5.422507e-02 4.818000e+00 4.028000e+00 5.858619e-03 3.359228e+00 2.010149e+00 5.416553e+09 6.948731e+03 6.023682e+01 1.452708e-02
5.450007e-02 4.818000e+00 4.028000e+00 7.373407e-03 3.357694e+00 2.012048e+00 5.509559e+09 7.067209e+03 5.908567e+01 1.473939e-02
5.477507e-02 4.818000e+00 4.028000e+00 5.988265e-03 3.398968e+00 1.996798e+00 6.110034e+09 7.838552e+03 5.331231e+01 1.252925e-02
5.505008e-02 4.818000e+00 4.028000e+00 5.558700e-03 3.398283e+00 1.994885e+00 5.562096e+09 7.135431e+03 5.867936e+01 1.091921e-02
5.532508e-02 4.818000e+00 4.028000e+00 6.745198e-03 3.397997e+00 1.998707e+00 5.716785e+09 7.335231e+03 5.698747e+01 1.120532e-02
5.560008e-02 4.818000e+00 4.028000e+00 7.022480e-03 3.394453e+00 2.000595e+00 5.962589e+09 7.651463e+03 5.458629e+01 1.166558e-02
5.587508e-02 4.818000e+00 4.028000e+00 8.667767e-03 3.392946e+00 1.998690e+00 6.150576e+09 7.891558e+03 5.276339e+01 1.193523e-02
5.615008e-02 4.818000e+00 4.028000e+00 9.434397e-03 3.381757e+00 1.998689e+00 6.187011e+09 7.937539e+03 5.236767e+01 1.227701e-02
5.642508e-02 4.818000e+00 4.028000e+00 1.013969e-02 3.354223e+00 1.985346e+00 5.967310e+09 7.656139e+03 5.427670e+01 1.279819e-02
5.670008e-02 4.818000e+00 4.028000e+00 1.519138e-02 3.266498e+00 2.006334e+00 5.735039e+09 7.354398e+03 5.616806e+01 1.624179e-02
5.697508e-02 4.818000e+00 4.028000e+00 2.940997e-02 2.998128e+00 2.015861e+00 5.960871e+09 7.642656e+03 5.383270e+01 2.517474e-02
5.725008e-02 4.818000e+00 4.028000e+00 4.373709e-02 2.732827e+00 2.000612e+00 5.547861e+09 7.120800e+03 5.779008e+01 1.831746e-02
5.752508e-02 4.818000e+00 4.028000e+00 4.427030e-02 2.732257e+00 2.006326e+00 5.590376e+09 7.175564e+03 5.736391e+01 1.845789e-02
5.780008e-02 4.818000e+00 4.028000e+00 4.414222e-02 2.731544e+00 2.000608e+00 5.538153e+09 7.108873e+03 5.792592e+01 1.831865e-02
5.807509e-02 4.818000e+00 4.028000e+00 4.336229e-02 2.729370e+00 1.996792e+00 5.308970e+09 6.814241e+03 6.050292e+01 1.759756e-02
5.835009e-02 4.818000e+00 4.028000e+00 4.459286e-02 2.728590e+00 1.991072e+00 5.205107e+09 6.681693e+03 6.150392e+01 1.727247e-02
5.862509e-02 4.818000e+00 4.028000e+00 4.443707e-02 2.726489e+00 2.013959e+00 4.971546e+09 6.382143e+03 6.433884e+01 1.659214e-02
5.890009e-02 4.818000e+00 4.028000e+00 4.442745e-02 2.725490e+00 1.979631e+00 4.878743e+09 6.263154e+03 6.551833e+01 1.628971e-02
5.917509e-02 4.818000e+00 4.028000e+00 4.392612e-02 2.724510e+00 1.977720e+00 4.842043e+09 6.215759e+03 6.617728e+01 1.618671e-02
5.945009e-02 4.818000e+00 4.028000e+00 4.478838e-02 2.724335e+00 2.013959e+00 4.923127e+09 6.320125e+03 6.483982e+01 1.650000e-02
5.972509e-02 4.818000e+00 4.028000e+00 4.382973e-02 2.721616e+00 2.000616e+00 4.419612e+09 5.673572e+03 7.230811e+01 1.496637e-02
