#./underdamped_3d --dev=0 --amp=3.3 --omega=4.04 --force=0.1 --gam=0.08 --Dg=0 --block=1024 --paths=262144 --periods=200000 --trans=199800 --samples=20 --spp=200 --algorithm=predcorr --pav=1 --mode=moments --domain=3d --domainx=f:0:0.005:10:0 --domainy=a:3.3:3.3:1:0 --domainz=w:4.04:4.04:1:0 --q=2 --eps=0 --phi=0 --lambda=0 --Dp=0 --comp=0 --mean=0 >> ./data/3d-faw-D0-g0.08-a3.3-w4.04-spp200-part0.dat
#f a w <<v>> <<v^2>> qnu(q) mu_q Dx Gx EBx
0.000000e+00 3.300000e+00 4.040000e+00 -4.221301e-03 4.165966e+00 2.000800e+00 3.471024e+11 5.580224e+05 -6.662630e-01 -9.143353e-05
5.000000e-04 3.300000e+00 4.040000e+00 7.438584e-02 4.165967e+00 2.023710e+00 3.470683e+11 5.579740e+05 -6.642953e-01 -1.744628e-04
9.999999e-04 3.300000e+00 4.040000e+00 6.548790e-02 4.165965e+00 1.983644e+00 3.472921e+11 5.583609e+05 -6.647212e-01 -3.232360e-04
1.500000e-03 3.300000e+00 4.040000e+00 1.542894e-01 4.165972e+00 2.077104e+00 3.451182e+11 5.549081e+05 -6.576092e-01 -3.786683e-04
2.000000e-03 3.300000e+00 4.040000e+00 1.573740e-01 4.165969e+00 2.063749e+00 3.453336e+11 5.552331e+05 -6.573115e-01 -5.372167e-04
2.500000e-03 3.300000e+00 4.040000e+00 1.149309e-01 4.166015e+00 2.014155e+00 3.463872e+11 5.568329e+05 -6.615678e-01 -6.650090e-04
3.000000e-03 3.300000e+00 4.040000e+00 2.135445e-01 4.166046e+00 1.997017e+00 3.426177e+11 5.509055e+05 -6.495737e-01 -6.721020e-04
3.500000e-03 3.300000e+00 4.040000e+00 2.978199e-01 4.166037e+00 1.976023e+00 3.378996e+11 5.432743e+05 -6.335821e-01 -6.678104e-04
4.000000e-03 3.300000e+00 4.040000e+00 3.317316e-01 4.165967e+00 2.012254e+00 3.359566e+11 5.400747e+05 -6.255405e-01 -7.448196e-04
4.500000e-03 3.300000e+00 4.040000e+00 2.673420e-01 4.165835e+00 1.989372e+00 3.393955e+11 5.456679e+05 -6.400267e-01 -7.930994e-04
5.000000e-03 3.300000e+00 4.040000e+00 2.279992e-01 4.165755e+00 1.998908e+00 3.407855e+11 5.478956e+05 -6.472027e-01 -8.192062e-04
5.500000e-03 3.300000e+00 4.040000e+00 1.607570e-01 4.165629e+00 2.040854e+00 3.430942e+11 5.515803e+05 -6.567644e-01 -8.692741e-04
6.000000e-03 3.300000e+00 4.040000e+00 9.200642e-02 4.165494e+00 2.052302e+00 3.449920e+11 5.545639e+05 -6.631637e-01 -9.291172e-04
6.500000e-03 3.300000e+00 4.040000e+00 1.473768e-02 4.165392e+00 2.002734e+00 3.461241e+11 5.565342e+05 -6.660213e-01 -9.573698e-04
7.000000e-03 3.300000e+00 4.040000e+00 -5.139494e-02 4.165306e+00 1.985546e+00 3.460884e+11 5.564178e+05 -6.652259e-01 -1.003444e-03
7.500000e-03 3.300000e+00 4.040000e+00 -4.244567e-02 4.165298e+00 2.006528e+00 3.455714e+11 5.555688e+05 -6.655033e-01 -9.768605e-04
8.000000e-03 3.300000e+00 4.040000e+00 -2.001840e-02 4.165211e+00 2.008432e+00 3.450364e+11 5.546892e+05 -6.659442e-01 -8.564591e-04
8.500000e-03 3.300000e+00 4.040000e+00 1.481318e-02 4.165058e+00 2.021811e+00 3.447733e+11 5.543448e+05 -6.659147e-01 -7.789731e-04
9.000001e-03 3.300000e+00 4.040000e+00 -2.912343e-02 4.164839e+00 2.006526e+00 3.442768e+11 5.534914e+05 -6.657019e-01 -7.309914e-04
9.500001e-03 3.300000e+00 4.040000e+00 -9.480213e-02 4.164530e+00 2.059932e+00 3.425203e+11 5.505734e+05 -6.627759e-01 -7.714629e-04
1.000000e-02 3.300000e+00 4.040000e+00 -1.756985e-01 4.164289e+00 2.132409e+00 3.395010e+11 5.458074e+05 -6.546528e-01 -8.744001e-04
1.050000e-02 3.300000e+00 4.040000e+00 -2.590240e-01 4.163931e+00 2.090457e+00 3.359293e+11 5.400853e+05 -6.412831e-01 -5.289316e-04
1.100000e-02 3.300000e+00 4.040000e+00 -2.302816e-01 4.164122e+00 2.000804e+00 3.371754e+11 5.420884e+05 -6.464912e-01 -4.200935e-04
1.150000e-02 3.300000e+00 4.040000e+00 -2.806454e-01 4.165079e+00 2.130497e+00 3.345674e+11 5.378353e+05 -6.369475e-01 -4.606247e-04
1.200000e-02 3.300000e+00 4.040000e+00 -4.036429e-01 4.165501e+00 2.075191e+00 3.264187e+11 5.247934e+05 -6.045485e-01 -3.920794e-04
1.250000e-02 3.300000e+00 4.040000e+00 -3.752515e-01 4.166481e+00 2.050396e+00 3.284824e+11 5.281277e+05 -6.132031e-01 -3.157258e-04
1.300000e-02 3.300000e+00 4.040000e+00 -3.965802e-01 4.166749e+00 2.090456e+00 3.261878e+11 5.243856e+05 -6.068178e-01 -2.734661e-04
1.350000e-02 3.300000e+00 4.040000e+00 -4.069165e-01 4.166790e+00 2.063761e+00 3.247887e+11 5.221679e+05 -6.033735e-01 -2.084970e-04
1.400000e-02 3.300000e+00 4.040000e+00 -4.612811e-01 4.166712e+00 2.044677e+00 3.203811e+11 5.150905e+05 -5.846189e-01 -2.478361e-04
1.450000e-02 3.300000e+00 4.040000e+00 -4.770205e-01 4.166379e+00 2.014157e+00 3.189440e+11 5.127778e+05 -5.786914e-01 -3.127456e-04
1.500000e-02 3.300000e+00 4.040000e+00 -3.925846e-01 4.166672e+00 2.061836e+00 3.249778e+11 5.223785e+05 -6.079100e-01 -3.440380e-04
1.550000e-02 3.300000e+00 4.040000e+00 -3.322196e-01 4.167406e+00 2.042773e+00 3.273589e+11 5.262361e+05 -6.245699e-01 -3.558993e-04
1.600000e-02 3.300000e+00 4.040000e+00 -3.249177e-01 4.168082e+00 2.073281e+00 3.268022e+11 5.253914e+05 -6.261579e-01 -3.494024e-04
1.650000e-02 3.300000e+00 4.040000e+00 -2.422067e-01 4.169125e+00 2.080913e+00 3.312009e+11 5.324551e+05 -6.437871e-01 -3.294945e-04
1.700000e-02 3.300000e+00 4.040000e+00 -1.680586e-01 4.169913e+00 2.000802e+00 3.338793e+11 5.367551e+05 -6.549534e-01 -3.579259e-04
1.750000e-02 3.300000e+00 4.040000e+00 -1.082503e-01 4.168937e+00 2.061853e+00 3.348989e+11 5.384282e+05 -6.608121e-01 -2.899170e-04
1.800000e-02 3.300000e+00 4.040000e+00 -6.688925e-02 4.169080e+00 2.033233e+00 3.342718e+11 5.373916e+05 -6.632725e-01 -3.303885e-04
1.849999e-02 3.300000e+00 4.040000e+00 -8.087372e-04 4.169649e+00 2.105705e+00 3.328850e+11 5.351062e+05 -6.646588e-01 -2.881289e-04
1.899999e-02 3.300000e+00 4.040000e+00 -2.381456e-01 4.170803e+00 2.061850e+00 3.235868e+11 5.202049e+05 -6.433053e-01 -3.724098e-04
1.949999e-02 3.300000e+00 4.040000e+00 -9.090714e-01 4.170506e+00 2.117154e+00 2.479634e+11 3.986225e+05 -2.844167e-01 -5.939007e-04
2.000000e-02 3.300000e+00 4.040000e+00 -9.079732e-01 4.170751e+00 2.109517e+00 2.464139e+11 3.961489e+05 -2.852326e-01 -6.035566e-04
2.050000e-02 3.300000e+00 4.040000e+00 -9.651390e-01 4.170869e+00 2.132412e+00 2.358125e+11 3.790672e+05 -2.201636e-01 -5.909204e-04
2.100000e-02 3.300000e+00 4.040000e+00 -9.842177e-01 4.171048e+00 2.143853e+00 2.318369e+11 3.726932e+05 -1.961682e-01 -6.113648e-04
2.150000e-02 3.300000e+00 4.040000e+00 -1.056710e+00 4.171185e+00 2.149579e+00 2.169820e+11 3.488260e+05 -9.510154e-02 -6.203651e-04
2.200000e-02 3.300000e+00 4.040000e+00 -1.075279e+00 4.171586e+00 2.166746e+00 2.115935e+11 3.401395e+05 -6.675702e-02 -5.553365e-04
2.250000e-02 3.300000e+00 4.040000e+00 -1.071243e+00 4.172047e+00 2.147669e+00 2.110852e+11 3.393357e+05 -7.317358e-02 -5.538464e-04
2.300001e-02 3.300000e+00 4.040000e+00 -1.102326e+00 4.172082e+00 2.166745e+00 2.054167e+11 3.302193e+05 -2.268350e-02 -5.131364e-04
2.350001e-02 3.300000e+00 4.040000e+00 -1.102547e+00 4.172245e+00 2.159112e+00 2.044547e+11 3.286838e+05 -2.247036e-02 -4.582405e-04
2.400001e-02 3.300000e+00 4.040000e+00 -1.154554e+00 4.172051e+00 2.157207e+00 1.948992e+11 3.133194e+05 7.203090e-02 -4.695654e-04
2.450001e-02 3.300000e+00 4.040000e+00 -1.059993e+00 4.172490e+00 2.153391e+00 2.094689e+11 3.367402e+05 -9.151870e-02 -4.183650e-04
2.500000e-02 3.300000e+00 4.040000e+00 -8.957528e-01 4.173462e+00 2.199166e+00 2.327332e+11 3.741353e+05 -2.964401e-01 -3.202558e-04
2.550000e-02 3.300000e+00 4.040000e+00 -7.650989e-01 4.175859e+00 2.187725e+00 2.489291e+11 4.001498e+05 -4.105376e-01 -2.868176e-04
2.600000e-02 3.300000e+00 4.040000e+00 -6.359311e-01 4.177881e+00 2.201072e+00 2.615847e+11 4.204840e+05 -4.941188e-01 -2.083182e-04
2.650000e-02 3.300000e+00 4.040000e+00 -6.037837e-01 4.180136e+00 2.216335e+00 2.635052e+11 4.235778e+05 -5.110490e-01 -1.482964e-04
2.700000e-02 3.300000e+00 4.040000e+00 -5.429789e-01 4.182230e+00 2.227780e+00 2.640087e+11 4.243847e+05 -5.382298e-01 -3.969669e-05
2.750000e-02 3.300000e+00 4.040000e+00 -5.265992e-01 4.183021e+00 2.222053e+00 2.631465e+11 4.230021e+05 -5.444149e-01 1.478195e-05
2.800000e-02 3.300000e+00 4.040000e+00 -4.164654e-01 4.183617e+00 2.248753e+00 2.697411e+11 4.336066e+05 -5.847509e-01 1.435280e-04
2.849999e-02 3.300000e+00 4.040000e+00 -1.437968e-01 4.185454e+00 2.244940e+00 2.780594e+11 4.469712e+05 -6.390320e-01 2.480745e-04
2.899999e-02 3.300000e+00 4.040000e+00 -3.855406e-02 4.186668e+00 2.246848e+00 2.786258e+11 4.478895e+05 -6.448865e-01 3.875494e-04
2.949999e-02 3.300000e+00 4.040000e+00 1.719727e-01 4.186522e+00 2.283095e+00 2.692201e+11 4.327713e+05 -6.300878e-01 6.959438e-04
3.000000e-02 3.300000e+00 4.040000e+00 7.272495e-01 4.180927e+00 2.304073e+00 2.205878e+11 3.545832e+05 -4.182483e-01 1.823425e-03
3.050000e-02 3.300000e+00 4.040000e+00 9.385904e-01 4.180042e+00 2.311704e+00 1.956647e+11 3.145348e+05 -2.383949e-01 2.110243e-03
3.100000e-02 3.300000e+00 4.040000e+00 9.889626e-01 4.182484e+00 2.285000e+00 1.924241e+11 3.093228e+05 -1.818029e-01 1.946807e-03
3.150000e-02 3.300000e+00 4.040000e+00 9.781651e-01 4.184676e+00 2.279274e+00 1.969541e+11 3.166038e+05 -1.963102e-01 1.530886e-03
3.200000e-02 3.300000e+00 4.040000e+00 9.853457e-01 4.184922e+00 2.284999e+00 1.973856e+11 3.173038e+05 -1.878787e-01 1.444936e-03
3.250000e-02 3.300000e+00 4.040000e+00 9.146336e-01 4.185489e+00 2.258295e+00 2.075302e+11 3.336105e+05 -2.668024e-01 1.269698e-03
3.300000e-02 3.300000e+00 4.040000e+00 8.022749e-01 4.184885e+00 2.290724e+00 2.192878e+11 3.525044e+05 -3.680348e-01 1.388669e-03
3.350000e-02 3.300000e+00 4.040000e+00 7.568722e-01 4.183422e+00 2.288809e+00 2.206598e+11 3.547069e+05 -3.997226e-01 1.541615e-03
3.400001e-02 3.300000e+00 4.040000e+00 7.836764e-01 4.182416e+00 2.296441e+00 2.163389e+11 3.477584e+05 -3.793291e-01 1.745462e-03
3.450001e-02 3.300000e+00 4.040000e+00 6.130383e-01 4.175447e+00 2.344133e+00 2.222969e+11 3.573393e+05 -4.782534e-01 2.647400e-03
3.500000e-02 3.300000e+00 4.040000e+00 3.781534e-01 4.157682e+00 2.408979e+00 2.219824e+11 3.568287e+05 -5.539836e-01 5.106926e-03
3.550000e-02 3.300000e+00 4.040000e+00 -3.853633e-01 4.075466e+00 2.481456e+00 1.899921e+11 3.054022e+05 -5.159940e-01 1.614559e-02
3.600000e-02 3.300000e+00 4.040000e+00 -6.513937e-01 4.021240e+00 2.510064e+00 1.635544e+11 2.628422e+05 -3.991121e-01 2.360904e-02
3.650000e-02 3.300000e+00 4.040000e+00 -6.260262e-01 4.015931e+00 2.504341e+00 1.640601e+11 2.636902e+05 -4.097754e-01 2.438664e-02
3.700000e-02 3.300000e+00 4.040000e+00 -6.712463e-01 3.971350e+00 2.527235e+00 1.531379e+11 2.460838e+05 -3.724002e-01 3.071558e-02
3.750001e-02 3.300000e+00 4.040000e+00 -1.538436e+00 3.737193e+00 1.621245e+00 4.729709e+10 7.596448e+04 -4.598964e-01 6.347120e-02
3.800001e-02 3.300000e+00 4.040000e+00 -1.516243e+00 3.711169e+00 1.661296e+00 4.790365e+10 7.692987e+04 -4.722401e-01 6.726778e-02
3.850001e-02 3.300000e+00 4.040000e+00 -1.475392e+00 3.664140e+00 1.720425e+00 4.879635e+10 7.834930e+04 -4.890119e-01 7.406211e-02
3.900001e-02 3.300000e+00 4.040000e+00 -1.457405e+00 3.643834e+00 1.747129e+00 4.917144e+10 7.893491e+04 -4.948846e-01 7.701683e-02
3.950001e-02 3.300000e+00 4.040000e+00 -1.412529e+00 3.592439e+00 1.827242e+00 4.991348e+10 8.012012e+04 -5.060461e-01 8.444238e-02
4.000000e-02 3.300000e+00 4.040000e+00 -1.346092e+00 3.515097e+00 1.926424e+00 5.056975e+10 8.118265e+04 -5.123848e-01 9.537172e-02
4.050000e-02 3.300000e+00 4.040000e+00 -1.308187e+00 3.470499e+00 1.953122e+00 5.063849e+10 8.129679e+04 -5.104136e-01 1.016673e-01
4.100000e-02 3.300000e+00 4.040000e+00 -1.255465e+00 3.409848e+00 2.035139e+00 5.092244e+10 8.176358e+04 -5.060796e-01 1.099887e-01
4.150000e-02 3.300000e+00 4.040000e+00 -1.258623e+00 3.413611e+00 2.056126e+00 5.082935e+10 8.161063e+04 -5.057214e-01 1.097757e-01
4.200000e-02 3.300000e+00 4.040000e+00 -1.261765e+00 3.418586e+00 2.019881e+00 5.078625e+10 8.154927e+04 -5.045883e-01 1.091578e-01
4.250000e-02 3.300000e+00 4.040000e+00 -1.244165e+00 3.398236e+00 2.017973e+00 5.088491e+10 8.172502e+04 -5.021876e-01 1.120061e-01
4.300001e-02 3.300000e+00 4.040000e+00 -1.140753e+00 3.277115e+00 2.140042e+00 5.031654e+10 8.085934e+04 -4.729189e-01 1.280117e-01
4.350001e-02 3.300000e+00 4.040000e+00 -1.044544e+00 3.164175e+00 2.229686e+00 4.908172e+10 7.893250e+04 -4.253055e-01 1.422312e-01
4.400001e-02 3.300000e+00 4.040000e+00 -9.553636e-01 3.060165e+00 2.336498e+00 4.742497e+10 7.631191e+04 -3.602524e-01 1.543242e-01
4.450001e-02 3.300000e+00 4.040000e+00 -9.516793e-01 3.056745e+00 2.433770e+00 4.736507e+10 7.622666e+04 -3.573352e-01 1.548046e-01
4.500000e-02 3.300000e+00 4.040000e+00 -8.217224e-01 2.905021e+00 2.540581e+00 4.402980e+10 7.085761e+04 -2.276992e-01 1.700947e-01
4.550000e-02 3.300000e+00 4.040000e+00 -7.334799e-01 2.802937e+00 2.372735e+00 4.144193e+10 6.669492e+04 -1.036399e-01 1.784247e-01
4.600000e-02 3.300000e+00 4.040000e+00 -6.883948e-01 2.751732e+00 2.418510e+00 3.996012e+10 6.431151e+04 -3.648001e-02 1.817453e-01
4.650000e-02 3.300000e+00 4.040000e+00 -5.445004e-01 2.584369e+00 2.702708e+00 3.425183e+10 5.508666e+04 2.967130e-01 1.882162e-01
4.700001e-02 3.300000e+00 4.040000e+00 -4.028861e-01 2.420433e+00 2.664559e+00 2.816309e+10 4.528859e+04 8.058387e-01 1.847237e-01
4.750001e-02 3.300000e+00 4.040000e+00 -2.777488e-01 2.275082e+00 2.857204e+00 2.197024e+10 3.530862e+04 1.607419e+00 1.702889e-01
4.800001e-02 3.300000e+00 4.040000e+00 -7.613029e-02 2.040940e+00 2.931585e+00 1.065972e+10 1.711681e+04 5.490631e+00 1.104068e-01
4.850001e-02 3.300000e+00 4.040000e+00 -4.578569e-02 2.006136e+00 2.950661e+00 8.826415e+09 1.418016e+04 7.048280e+00 9.636366e-02
4.900001e-02 3.300000e+00 4.040000e+00 -1.689075e-02 1.973821e+00 2.946846e+00 7.118965e+09 1.145132e+04 9.232159e+00 8.132112e-02
4.950001e-02 3.300000e+00 4.040000e+00 -1.621469e-02 1.973608e+00 2.927772e+00 7.216195e+09 1.160813e+04 9.216537e+00 8.137703e-02
5.000000e-02 3.300000e+00 4.040000e+00 4.096019e-02 1.907731e+00 2.920145e+00 3.641928e+09 5.857668e+03 2.028833e+01 4.596698e-02
5.050000e-02 3.300000e+00 4.040000e+00 2.314079e-02 1.929094e+00 2.902979e+00 4.808969e+09 7.730479e+03 1.485940e+01 5.843592e-02
5.100000e-02 3.300000e+00 4.040000e+00 7.979423e-02 1.862881e+00 2.847666e+00 1.232978e+09 1.983725e+03 6.882423e+01 1.739609e-02
5.150000e-02 3.300000e+00 4.040000e+00 9.412372e-02 1.846654e+00 2.590177e+00 2.959443e+08 4.761605e+02 3.393956e+02 6.091833e-03
5.200000e-02 3.300000e+00 4.040000e+00 9.750558e-02 1.843590e+00 1.991270e+00 1.204571e+08 1.937803e+02 1.092172e+03 3.855586e-03
5.250001e-02 3.300000e+00 4.040000e+00 9.825105e-02 1.843899e+00 1.998899e+00 1.341904e+08 2.158500e+02 9.813059e+02 3.909349e-03
5.300001e-02 3.300000e+00 4.040000e+00 9.878640e-02 1.843918e+00 1.987458e+00 1.190943e+08 1.915992e+02 1.105860e+03 3.792644e-03
5.350001e-02 3.300000e+00 4.040000e+00 9.919006e-02 1.844039e+00 1.991270e+00 1.039659e+08 1.672457e+02 1.266429e+03 3.731608e-03
5.400001e-02 3.300000e+00 4.040000e+00 9.982168e-02 1.844717e+00 1.974109e+00 1.191868e+08 1.917614e+02 1.106011e+03 3.799796e-03
5.450001e-02 3.300000e+00 4.040000e+00 1.000061e-01 1.844944e+00 1.991273e+00 1.070783e+08 1.722276e+02 1.230746e+03 3.737330e-03
5.500000e-02 3.300000e+00 4.040000e+00 1.003057e-01 1.845398e+00 1.993179e+00 1.375015e+08 2.211698e+02 9.597753e+02 3.870010e-03
5.550000e-02 3.300000e+00 4.040000e+00 1.007801e-01 1.845057e+00 1.993180e+00 1.056392e+08 1.699828e+02 1.248456e+03 3.736734e-03
5.600000e-02 3.300000e+00 4.040000e+00 1.013082e-01 1.845568e+00 1.991270e+00 9.351037e+07 1.504224e+02 1.409770e+03 3.685474e-03
5.650000e-02 3.300000e+00 4.040000e+00 1.017988e-01 1.846323e+00 1.987456e+00 1.072264e+08 1.725362e+02 1.230984e+03 3.746986e-03
5.700000e-02 3.300000e+00 4.040000e+00 1.017047e-01 1.846603e+00 1.991270e+00 1.057348e+08 1.701045e+02 1.248659e+03 3.714442e-03
5.750000e-02 3.300000e+00 4.040000e+00 1.024453e-01 1.846736e+00 1.993176e+00 9.056040e+07 1.457039e+02 1.457133e+03 3.625274e-03
5.800001e-02 3.300000e+00 4.040000e+00 1.023756e-01 1.846440e+00 1.987455e+00 8.602677e+07 1.383739e+02 1.533614e+03 3.627300e-03
5.850001e-02 3.300000e+00 4.040000e+00 1.033463e-01 1.846743e+00 1.993178e+00 9.522959e+07 1.531972e+02 1.387474e+03 3.654361e-03
5.900001e-02 3.300000e+00 4.040000e+00 1.036605e-01 1.847740e+00 1.996994e+00 1.577775e+08 2.537996e+02 8.398411e+02 3.965259e-03
5.950001e-02 3.300000e+00 4.040000e+00 1.044012e-01 1.848098e+00 1.998901e+00 1.578647e+08 2.539671e+02 8.399634e+02 3.963947e-03
6.000000e-02 3.300000e+00 4.040000e+00 1.046813e-01 1.848348e+00 1.996994e+00 1.762451e+08 2.835408e+02 7.529986e+02 4.052639e-03
6.050000e-02 3.300000e+00 4.040000e+00 1.050915e-01 1.848905e+00 1.995085e+00 2.160318e+08 3.475803e+02 6.147898e+02 4.233003e-03
6.100000e-02 3.300000e+00 4.040000e+00 1.045582e-01 1.849973e+00 1.998899e+00 4.160330e+08 6.693657e+02 3.189997e+02 5.154133e-03
6.150000e-02 3.300000e+00 4.040000e+00 1.048594e-01 1.851436e+00 1.996994e+00 5.658650e+08 9.105174e+02 2.343186e+02 5.806804e-03
6.200000e-02 3.300000e+00 4.040000e+00 1.049314e-01 1.852305e+00 1.991269e+00 6.302150e+08 1.014114e+03 2.103541e+02 6.098390e-03
6.250000e-02 3.300000e+00 4.040000e+00 1.053987e-01 1.853362e+00 2.000808e+00 6.762684e+08 1.088202e+03 1.960040e+02 6.280184e-03
6.300000e-02 3.300000e+00 4.040000e+00 1.061600e-01 1.852876e+00 1.987460e+00 6.141471e+08 9.882054e+02 2.161314e+02 5.996943e-03
6.350000e-02 3.300000e+00 4.040000e+00 1.068256e-01 1.853939e+00 1.996994e+00 6.773100e+08 1.089880e+03 1.959974e+02 6.295681e-03
6.400000e-02 3.300000e+00 4.040000e+00 1.073842e-01 1.854303e+00 2.004622e+00 6.594212e+08 1.061095e+03 2.015051e+02 6.219983e-03
6.450000e-02 3.300000e+00 4.040000e+00 1.079573e-01 1.854682e+00 1.993175e+00 7.103878e+08 1.143094e+03 1.870596e+02 6.422281e-03
6.500000e-02 3.300000e+00 4.040000e+00 1.090437e-01 1.855397e+00 1.998903e+00 7.095084e+08 1.141736e+03 1.874710e+02 6.426454e-03
6.550000e-02 3.300000e+00 4.040000e+00 1.100869e-01 1.855487e+00 2.004622e+00 6.657466e+08 1.071281e+03 2.000789e+02 6.208897e-03
6.600000e-02 3.300000e+00 4.040000e+00 1.105364e-01 1.856100e+00 1.993179e+00 6.953865e+08 1.119016e+03 1.916341e+02 6.363034e-03
6.650000e-02 3.300000e+00 4.040000e+00 1.115007e-01 1.856641e+00 1.996996e+00 7.328819e+08 1.179363e+03 1.819072e+02 6.562352e-03
6.700000e-02 3.300000e+00 4.040000e+00 1.125281e-01 1.857436e+00 1.996997e+00 7.566407e+08 1.217652e+03 1.763213e+02 6.645560e-03
6.750000e-02 3.300000e+00 4.040000e+00 1.141884e-01 1.857142e+00 2.002717e+00 6.267541e+08 1.008438e+03 2.134411e+02 6.078482e-03
6.800000e-02 3.300000e+00 4.040000e+00 1.150488e-01 1.857751e+00 1.998904e+00 6.457878e+08 1.039116e+03 2.072877e+02 6.204367e-03
6.850000e-02 3.300000e+00 4.040000e+00 1.152353e-01 1.857889e+00 2.006531e+00 6.692829e+08 1.077062e+03 2.001111e+02 6.248355e-03
6.900001e-02 3.300000e+00 4.040000e+00 1.165310e-01 1.858576e+00 2.000804e+00 6.884598e+08 1.107846e+03 1.946788e+02 6.389380e-03
6.950001e-02 3.300000e+00 4.040000e+00 1.176894e-01 1.858905e+00 2.002716e+00 6.828127e+08 1.098838e+03 1.964622e+02 6.357312e-03
7.000000e-02 3.300000e+00 4.040000e+00 1.183271e-01 1.858926e+00 2.004622e+00 6.694401e+08 1.077227e+03 2.005474e+02 6.214738e-03
7.050000e-02 3.300000e+00 4.040000e+00 1.188018e-01 1.859294e+00 2.004623e+00 6.636794e+08 1.067905e+03 2.024197e+02 6.237030e-03
7.100000e-02 3.300000e+00 4.040000e+00 1.195135e-01 1.859324e+00 1.995087e+00 6.302497e+08 1.014017e+03 2.134162e+02 6.029725e-03
7.150000e-02 3.300000e+00 4.040000e+00 1.209674e-01 1.859964e+00 1.989368e+00 5.950740e+08 9.575265e+02 2.263141e+02 5.936623e-03
7.200000e-02 3.300000e+00 4.040000e+00 1.214490e-01 1.860166e+00 2.004620e+00 6.032694e+08 9.707457e+02 2.233861e+02 5.987525e-03
7.250001e-02 3.300000e+00 4.040000e+00 1.222624e-01 1.860840e+00 2.004620e+00 6.363372e+08 1.023871e+03 2.118691e+02 6.114006e-03
7.300001e-02 3.300000e+00 4.040000e+00 1.224055e-01 1.860688e+00 1.998898e+00 6.256255e+08 1.006677e+03 2.155839e+02 6.006002e-03
7.350001e-02 3.300000e+00 4.040000e+00 1.228603e-01 1.860673e+00 1.993177e+00 6.336666e+08 1.019557e+03 2.129151e+02 6.070733e-03
7.400001e-02 3.300000e+00 4.040000e+00 1.240785e-01 1.861043e+00 1.996999e+00 5.532531e+08 8.900697e+02 2.441845e+02 5.742431e-03
7.450001e-02 3.300000e+00 4.040000e+00 1.231294e-01 1.861327e+00 2.000809e+00 6.090991e+08 9.800643e+02 2.214784e+02 5.956650e-03
7.500000e-02 3.300000e+00 4.040000e+00 -5.300430e-01 2.009061e+00 1.461031e+00 6.828603e+09 1.097736e+04 1.753175e-01 3.363252e-03
7.550000e-02 3.300000e+00 4.040000e+00 -5.554119e-01 2.014728e+00 1.319886e+00 6.362429e+09 1.022730e+04 3.521128e-01 2.969384e-03
7.600001e-02 3.300000e+00 4.040000e+00 -5.640635e-01 2.016340e+00 1.270298e+00 6.123434e+09 9.843059e+03 3.515612e-01 2.463222e-03
7.650001e-02 3.300000e+00 4.040000e+00 -5.553274e-01 2.014384e+00 1.321794e+00 6.339553e+09 1.019052e+04 3.084023e-01 2.530694e-03
7.700001e-02 3.300000e+00 4.040000e+00 -5.694398e-01 2.017671e+00 1.226421e+00 6.030077e+09 9.692210e+03 4.577436e-01 2.429366e-03
7.750001e-02 3.300000e+00 4.040000e+00 -5.894957e-01 2.021639e+00 1.068117e+00 5.341477e+09 8.585854e+03 5.908738e-01 1.742840e-03
7.800001e-02 3.300000e+00 4.040000e+00 -6.111795e-01 2.026913e+00 8.640293e-01 4.548451e+09 7.309792e+03 1.141364e+00 1.671791e-03
7.850001e-02 3.300000e+00 4.040000e+00 -6.405160e-01 2.033298e+00 4.081711e-01 2.012589e+09 3.234559e+03 4.930836e+00 1.302004e-03
7.900001e-02 3.300000e+00 4.040000e+00 -6.421664e-01 2.033153e+00 3.852836e-01 1.593728e+09 2.560622e+03 7.330329e+00 1.018405e-03
7.950001e-02 3.300000e+00 4.040000e+00 -6.430368e-01 2.033787e+00 4.501321e-01 1.400594e+09 2.249313e+03 1.039527e+01 1.278520e-03
8.000000e-02 3.300000e+00 4.040000e+00 -6.431951e-01 2.033539e+00 4.711164e-01 1.168640e+09 1.876507e+03 1.306455e+01 9.911060e-04
8.050000e-02 3.300000e+00 4.040000e+00 -6.432662e-01 2.033308e+00 5.092584e-01 1.115150e+09 1.790343e+03 1.469378e+01 8.468628e-04
8.100000e-02 3.300000e+00 4.040000e+00 -6.434326e-01 2.033074e+00 5.092602e-01 1.166312e+09 1.874380e+03 1.438519e+01 9.032488e-04
8.150000e-02 3.300000e+00 4.040000e+00 -6.431884e-01 2.031692e+00 4.673006e-01 1.109690e+09 1.781787e+03 1.400665e+01 6.332397e-04
8.200000e-02 3.300000e+00 4.040000e+00 -6.432607e-01 2.031749e+00 4.959117e-01 1.066673e+09 1.712567e+03 1.529537e+01 6.968975e-04
8.250000e-02 3.300000e+00 4.040000e+00 -6.432579e-01 2.031624e+00 5.092600e-01 1.002733e+09 1.610147e+03 1.661641e+01 5.794764e-04
8.300000e-02 3.300000e+00 4.040000e+00 -6.434302e-01 2.031802e+00 5.874610e-01 9.106892e+08 1.461783e+03 2.071047e+01 6.042719e-04
8.350001e-02 3.300000e+00 4.040000e+00 -6.432569e-01 2.031407e+00 5.798342e-01 8.264302e+08 1.325576e+03 2.251350e+01 4.645586e-04
8.400001e-02 3.300000e+00 4.040000e+00 -6.434889e-01 2.031724e+00 6.332423e-01 8.540211e+08 1.368551e+03 2.367048e+01 7.531643e-04
8.450001e-02 3.300000e+00 4.040000e+00 -6.433600e-01 2.031398e+00 6.122562e-01 8.471547e+08 1.356712e+03 2.278742e+01 6.830692e-04
8.500000e-02 3.300000e+00 4.040000e+00 -6.432934e-01 2.031226e+00 5.798364e-01 8.399031e+08 1.347224e+03 2.222814e+01 5.658865e-04
8.550000e-02 3.300000e+00 4.040000e+00 -6.433366e-01 2.031292e+00 5.874588e-01 8.584105e+08 1.377163e+03 2.194357e+01 7.563829e-04
8.600000e-02 3.300000e+00 4.040000e+00 -6.431965e-01 2.030770e+00 5.588496e-01 8.229178e+08 1.321006e+03 2.197271e+01 6.809235e-04
8.650000e-02 3.300000e+00 4.040000e+00 -6.432019e-01 2.030464e+00 5.550377e-01 8.264002e+08 1.325138e+03 2.173741e+01 7.042885e-04
8.700000e-02 3.300000e+00 4.040000e+00 -6.431849e-01 2.029980e+00 5.531288e-01 8.288417e+08 1.329869e+03 2.159848e+01 1.083732e-03
8.750001e-02 3.300000e+00 4.040000e+00 -6.430213e-01 2.028802e+00 5.149847e-01 8.467075e+08 1.357601e+03 1.942854e+01 8.714199e-04
8.800001e-02 3.300000e+00 4.040000e+00 -6.429901e-01 2.026654e+00 4.825560e-01 8.935554e+08 1.434807e+03 1.750113e+01 6.812811e-04
8.850001e-02 3.300000e+00 4.040000e+00 -6.428865e-01 2.023746e+00 4.672992e-01 8.430099e+08 1.352966e+03 1.794191e+01 5.370378e-04
8.900001e-02 3.300000e+00 4.040000e+00 -6.428099e-01 2.019867e+00 4.272456e-01 9.458390e+08 1.518268e+03 1.493583e+01 4.428625e-04
8.950001e-02 3.300000e+00 4.040000e+00 -6.427727e-01 2.019522e+00 3.948201e-01 1.015996e+09 1.630828e+03 1.294439e+01 3.485680e-04
9.000000e-02 3.300000e+00 4.040000e+00 -6.426065e-01 2.019196e+00 3.585818e-01 1.138784e+09 1.827919e+03 1.036264e+01 2.390146e-04
9.050000e-02 3.300000e+00 4.040000e+00 -6.423730e-01 2.018454e+00 3.299720e-01 1.222563e+09 1.963405e+03 8.753679e+00 1.618862e-04
9.100001e-02 3.300000e+00 4.040000e+00 -6.422858e-01 2.018023e+00 3.299708e-01 1.286617e+09 2.065947e+03 8.213573e+00 2.722740e-04
9.150001e-02 3.300000e+00 4.040000e+00 -6.418275e-01 2.016946e+00 2.765650e-01 1.358234e+09 2.181308e+03 6.288286e+00 4.577637e-05
9.200001e-02 3.300000e+00 4.040000e+00 -6.414320e-01 2.015182e+00 2.899172e-01 1.519392e+09 2.440767e+03 5.400293e+00 2.548695e-04
9.250001e-02 3.300000e+00 4.040000e+00 -6.408514e-01 2.014791e+00 2.803794e-01 1.676636e+09 2.692665e+03 4.350488e+00 2.080202e-04
9.300001e-02 3.300000e+00 4.040000e+00 -6.399356e-01 2.014144e+00 2.803808e-01 1.866348e+09 2.999208e+03 3.394761e+00 2.647638e-04
9.350001e-02 3.300000e+00 4.040000e+00 -6.393998e-01 2.013237e+00 3.070822e-01 1.966306e+09 3.159611e+03 3.190397e+00 5.478859e-04
9.400001e-02 3.300000e+00 4.040000e+00 -6.388632e-01 2.012038e+00 3.032684e-01 2.060500e+09 3.311192e+03 2.748361e+00 7.523298e-04
9.450001e-02 3.300000e+00 4.040000e+00 -6.388726e-01 2.009340e+00 2.822887e-01 2.002858e+09 3.219139e+03 2.523085e+00 9.469986e-04
9.500000e-02 3.300000e+00 4.040000e+00 -6.395126e-01 2.006133e+00 2.632138e-01 1.877023e+09 3.015750e+03 2.793591e+00 1.312971e-03
9.500000e-02 3.300000e+00 4.040000e+00 -6.409125e-01 2.009940e+00 2.670290e-01 1.892861e+09 3.042584e+03 2.903057e+00 6.228685e-04
9.600000e-02 3.300000e+00 4.040000e+00 -6.411512e-01 2.007833e+00 2.212524e-01 1.756324e+09 2.823269e+03 2.563716e+00 3.602505e-04
9.700000e-02 3.300000e+00 4.040000e+00 -6.402605e-01 2.005187e+00 2.593991e-01 1.932638e+09 3.106895e+03 2.309534e+00 4.364252e-04
9.800000e-02 3.300000e+00 4.040000e+00 -6.392060e-01 2.002304e+00 2.555845e-01 2.082121e+09 3.346911e+03 1.538859e+00 2.012253e-04
9.900001e-02 3.300000e+00 4.040000e+00 -6.387995e-01 1.999484e+00 2.574912e-01 2.148090e+09 3.452831e+03 1.368215e+00 1.438856e-04
1.000000e-01 3.300000e+00 4.040000e+00 -6.379635e-01 1.996782e+00 2.689359e-01 2.280334e+09 3.665967e+03 1.018646e+00 7.152557e-07
1.010000e-01 3.300000e+00 4.040000e+00 -6.407841e-01 1.995994e+00 1.525873e-01 1.702354e+09 2.736759e+03 1.372779e+00 -1.055002e-05
1.020000e-01 3.300000e+00 4.040000e+00 -6.424966e-01 1.994421e+00 4.196182e-02 1.066185e+09 1.714684e+03 1.713166e+00 5.757809e-05
1.030000e-01 3.300000e+00 4.040000e+00 -6.428107e-01 1.981743e+00 1.906862e-03 2.773560e+08 4.466738e+02 2.026803e+00 2.968311e-05
1.040000e-01 3.300000e+00 4.040000e+00 -6.428141e-01 1.983816e+00 1.906953e-03 2.348051e+08 3.773358e+02 1.972617e+00 6.568432e-05
1.050000e-01 3.300000e+00 4.040000e+00 -6.428148e-01 1.985455e+00 2.809737e-06 2.552548e+08 4.099966e+02 1.961291e+00 8.738041e-05
1.060000e-01 3.300000e+00 4.040000e+00 -6.428148e-01 1.983859e+00 -1.907105e-03 2.625662e+08 4.223387e+02 2.014694e+00 1.318455e-04
1.070000e-01 3.300000e+00 4.040000e+00 -6.428130e-01 1.981829e+00 5.214437e-07 2.487026e+08 4.007755e+02 1.968388e+00 1.361370e-04
1.080000e-01 3.300000e+00 4.040000e+00 -6.428148e-01 1.978661e+00 1.027382e-06 2.622611e+08 4.217823e+02 2.045651e+00 1.384020e-04
1.090000e-01 3.300000e+00 4.040000e+00 -6.428143e-01 1.975523e+00 -3.814517e-03 2.485282e+08 3.999887e+02 1.868804e+00 1.014471e-04
1.100000e-01 3.300000e+00 4.040000e+00 -6.428177e-01 1.971976e+00 -3.813521e-03 2.053992e+08 3.302557e+02 2.349205e+00 1.074076e-04
1.110000e-01 3.300000e+00 4.040000e+00 -6.428162e-01 1.970543e+00 -1.908593e-03 2.123504e+08 3.421006e+02 1.991684e+00 1.409054e-04
1.120000e-01 3.300000e+00 4.040000e+00 -6.428171e-01 1.966620e+00 7.714314e-07 2.173624e+08 3.499918e+02 2.264885e+00 1.642704e-04
1.130000e-01 3.300000e+00 4.040000e+00 -6.428148e-01 1.963105e+00 1.467246e-06 2.426825e+08 3.904515e+02 1.909686e+00 1.177788e-04
1.140000e-01 3.300000e+00 4.040000e+00 -6.428190e-01 1.959206e+00 6.847229e-07 3.025125e+08 4.861262e+02 2.034275e+00 8.380413e-05
1.150000e-01 3.300000e+00 4.040000e+00 -6.428204e-01 1.957432e+00 -1.093696e-07 3.613985e+08 5.800132e+02 1.877840e+00 1.063347e-04
1.160000e-01 3.300000e+00 4.040000e+00 -6.428169e-01 1.952599e+00 -1.907625e-03 4.844727e+08 7.795862e+02 2.003006e+00 1.553297e-04
1.170000e-01 3.300000e+00 4.040000e+00 -6.427714e-01 1.948201e+00 1.144404e-02 7.053752e+08 1.134447e+03 2.008956e+00 1.474619e-04
1.180000e-01 3.300000e+00 4.040000e+00 -6.424966e-01 1.944622e+00 4.196223e-02 1.083592e+09 1.741531e+03 1.795179e+00 1.107454e-04
1.190000e-01 3.300000e+00 4.040000e+00 -6.397501e-01 1.937930e+00 2.021788e-01 2.018946e+09 3.245508e+03 1.242499e+00 1.134872e-04
1.200000e-01 3.300000e+00 4.040000e+00 -6.156543e-01 1.931623e+00 7.076249e-01 4.444177e+09 7.143775e+03 2.607964e-01 1.293421e-04
1.210000e-01 3.300000e+00 4.040000e+00 -3.622606e-01 1.917275e+00 2.017971e+00 8.754505e+09 1.407256e+04 -5.040733e-01 1.190782e-03
1.220000e-01 3.300000e+00 4.040000e+00 1.942912e-01 1.914659e+00 6.999824e-01 8.871406e+05 1.424651e+00 4.083037e-03 3.780365e-03
1.230000e-01 3.300000e+00 4.040000e+00 1.957071e-01 1.916420e+00 1.297016e+00 8.887606e+05 1.473209e+00 -5.434752e-04 3.810287e-03
1.240000e-01 3.300000e+00 4.040000e+00 1.968909e-01 1.918475e+00 7.591395e-01 8.837916e+05 1.385146e+00 3.828049e-03 3.807664e-03
1.250000e-01 3.300000e+00 4.040000e+00 1.976426e-01 1.918848e+00 1.228232e+00 8.837250e+05 1.431647e+00 9.014606e-04 3.876209e-03
1.260000e-01 3.300000e+00 4.040000e+00 1.992944e-01 1.920605e+00 6.513541e-01 8.813718e+05 1.430412e+00 9.034872e-04 3.826141e-03
1.270000e-01 3.300000e+00 4.040000e+00 2.012710e-01 1.921920e+00 1.049933e+00 8.919944e+05 1.476090e+00 6.091118e-03 3.834844e-03
1.280000e-01 3.300000e+00 4.040000e+00 2.027371e-01 1.923527e+00 1.229229e+00 8.775601e+05 1.470740e+00 6.580710e-03 3.802180e-03
1.290000e-01 3.300000e+00 4.040000e+00 2.046947e-01 1.924777e+00 1.186458e+00 8.735202e+05 1.430001e+00 -1.956403e-03 3.891230e-03
1.297499e-01 3.300000e+00 4.040000e+00 2.051304e-01 1.926404e+00 9.373671e-01 4.393234e+05 1.475884e+00 2.360702e-03 7.550716e-04
1.304999e-01 3.300000e+00 4.040000e+00 2.062135e-01 1.927491e+00 9.771862e-01 4.402404e+05 1.478559e+00 5.363703e-03 7.603168e-04
1.312499e-01 3.300000e+00 4.040000e+00 2.069721e-01 1.928416e+00 9.222021e-01 4.375027e+05 1.482263e+00 1.927614e-03 8.006096e-04
1.319999e-01 3.300000e+00 4.040000e+00 2.081090e-01 1.929703e+00 9.205458e-01 4.367434e+05 1.414775e+00 9.409189e-04 7.629395e-04
1.327499e-01 3.300000e+00 4.040000e+00 2.083104e-01 1.930153e+00 1.012044e+00 4.366682e+05 1.391936e+00 1.078010e-03 7.767677e-04
1.334999e-01 3.300000e+00 4.040000e+00 2.085625e-01 1.930426e+00 1.052315e+00 4.338063e+05 1.459630e+00 -3.683567e-04 7.812977e-04
1.342499e-01 3.300000e+00 4.040000e+00 2.095614e-01 1.931409e+00 9.499033e-01 4.345821e+05 1.431853e+00 -2.089202e-03 7.795095e-04
1.349999e-01 3.300000e+00 4.040000e+00 2.098517e-01 1.932181e+00 9.924686e-01 4.347733e+05 1.427120e+00 1.835585e-03 7.771254e-04
1.357499e-01 3.300000e+00 4.040000e+00 2.105851e-01 1.933345e+00 9.738651e-01 4.344316e+05 1.382883e+00 -3.829002e-04 7.525682e-04
1.364999e-01 3.300000e+00 4.040000e+00 2.113384e-01 1.934021e+00 9.739426e-01 4.334317e+05 1.486789e+00 3.820300e-03 7.522106e-04
1.372499e-01 3.300000e+00 4.040000e+00 2.122520e-01 1.935262e+00 9.725232e-01 4.333650e+05 1.404899e+00 -9.167194e-04 7.436275e-04
1.380000e-01 3.300000e+00 4.040000e+00 2.131765e-01 1.936463e+00 9.431552e-01 4.338172e+05 1.338234e+00 -3.750324e-04 7.847548e-04
1.387500e-01 3.300000e+00 4.040000e+00 2.144534e-01 1.937719e+00 9.821397e-01 4.365514e+05 1.589256e+00 -2.174377e-04 7.724762e-04
1.395000e-01 3.300000e+00 4.040000e+00 2.162430e-01 1.939019e+00 1.015747e+00 4.339071e+05 1.425474e+00 2.566457e-03 7.550716e-04
1.402500e-01 3.300000e+00 4.040000e+00 2.174353e-01 1.940313e+00 9.745954e-01 4.347936e+05 1.428766e+00 6.016493e-04 7.852316e-04
1.410000e-01 3.300000e+00 4.040000e+00 2.186305e-01 1.941248e+00 1.043103e+00 4.359647e+05 1.430824e+00 5.109310e-04 7.516146e-04
1.417500e-01 3.300000e+00 4.040000e+00 2.196233e-01 1.941684e+00 1.027477e+00 4.348794e+05 1.435350e+00 -1.736283e-04 7.663965e-04
1.425000e-01 3.300000e+00 4.040000e+00 2.205364e-01 1.942444e+00 9.990619e-01 4.368139e+05 1.383911e+00 3.581882e-03 7.760525e-04
1.432500e-01 3.300000e+00 4.040000e+00 2.218013e-01 1.943246e+00 1.005734e+00 4.383198e+05 1.370743e+00 -1.073480e-04 7.785559e-04
1.440000e-01 3.300000e+00 4.040000e+00 2.228152e-01 1.943863e+00 1.019903e+00 4.389540e+05 1.413540e+00 5.482674e-03 7.715225e-04
1.447500e-01 3.300000e+00 4.040000e+00 2.237046e-01 1.944618e+00 9.137962e-01 4.378580e+05 1.509011e+00 8.742809e-04 7.792711e-04
1.455000e-01 3.300000e+00 4.040000e+00 2.246078e-01 1.945213e+00 9.953801e-01 4.372222e+05 1.371566e+00 -3.464818e-04 7.368326e-04
1.462500e-01 3.300000e+00 4.040000e+00 2.256449e-01 1.946406e+00 1.045117e+00 4.408158e+05 1.457983e+00 -2.894044e-03 7.761717e-04
1.470000e-01 3.300000e+00 4.040000e+00 2.262645e-01 1.947307e+00 9.817105e-01 4.364484e+05 1.476502e+00 -4.533350e-03 7.542372e-04
1.477500e-01 3.300000e+00 4.040000e+00 2.272846e-01 1.948250e+00 1.109075e+00 4.373579e+05 1.467860e+00 1.810789e-04 7.576942e-04
1.485000e-01 3.300000e+00 4.040000e+00 2.278639e-01 1.948784e+00 9.235312e-01 4.315500e+05 1.425886e+00 -9.277463e-04 7.275343e-04
1.492500e-01 3.300000e+00 4.040000e+00 2.286424e-01 1.949618e+00 1.056848e+00 4.305545e+05 1.410660e+00 2.000451e-03 7.705688e-04
