#./underdamped_3d_long --dev=0 --amp=3.3 --omega=4.04 --force=0.004 --gam=0.08 --Dg=0.1 --block=1024 --paths=65536 --periods=2000000 --trans=1998000 --samples=20 --spp=200 --algorithm=predcorr --pav=1 --mode=moments --domain=3d --domainx=D:-6:-5:50:1 --domainy=a:3.3:3.3:1:0 --domainz=w:4.04:4.04:1:0 --q=2 --eps=0 --phi=0 --lambda=0 --Dp=0 --comp=0 --mean=0 >> ./temp/3d-Daw-f0.004-g0.08-a3.3-w4.04-part0.dat
#D a w <<v>> <<v^2>> qnu(q) mu_q Dx Gx EBx
1.000000e-06 3.300000e+00 4.040000e+00 2.952914e-01 4.164559e+00 0.000000e+00 6.184692e+14 3.976730e+06 -6.346508e-01 -nan
1.047129e-06 3.300000e+00 4.040000e+00 3.101301e-01 4.164552e+00 0.000000e+00 6.168883e+14 3.966902e+06 -6.312511e-01 -nan
1.096478e-06 3.300000e+00 4.040000e+00 2.797523e-01 4.164506e+00 0.000000e+00 6.199323e+14 3.986510e+06 -6.379187e-01 -nan
1.148154e-06 3.300000e+00 4.040000e+00 2.677420e-01 4.164480e+00 0.000000e+00 6.210637e+14 3.993705e+06 -6.404144e-01 -nan
1.202264e-06 3.300000e+00 4.040000e+00 3.061365e-01 4.164485e+00 0.000000e+00 6.173636e+14 3.969602e+06 -6.321980e-01 -nan
1.258925e-06 3.300000e+00 4.040000e+00 2.955408e-01 4.164460e+00 0.000000e+00 6.184354e+14 3.976578e+06 -6.346363e-01 -nan
1.318256e-06 3.300000e+00 4.040000e+00 2.296020e-01 4.164369e+00 0.000000e+00 6.242966e+14 4.013891e+06 -6.474695e-01 8.358234e+03
1.380384e-06 3.300000e+00 4.040000e+00 2.785931e-01 4.164383e+00 0.000000e+00 6.199840e+14 3.986449e+06 -6.381196e-01 8.890712e+03
1.445439e-06 3.300000e+00 4.040000e+00 2.823635e-01 4.164359e+00 0.000000e+00 6.195890e+14 3.983788e+06 -6.373471e-01 3.315071e+03
1.513561e-06 3.300000e+00 4.040000e+00 2.602274e-01 4.164306e+00 0.000000e+00 6.215693e+14 3.996155e+06 -6.416482e-01 2.313656e+03
1.584893e-06 3.300000e+00 4.040000e+00 2.100695e-01 4.164236e+00 -3.814739e-02 6.227817e+14 4.004445e+06 -6.480618e-01 2.314702e+02
1.659586e-06 3.300000e+00 4.040000e+00 1.992344e-01 4.164209e+00 0.000000e+00 6.221040e+14 4.000376e+06 -6.483479e-01 1.703997e+02
1.737800e-06 3.300000e+00 4.040000e+00 -1.388881e-02 4.163992e+00 3.814629e-02 6.232024e+14 4.006865e+06 -6.621863e-01 5.396376e+01
1.819700e-06 3.300000e+00 4.040000e+00 -2.397191e-01 4.163777e+00 3.814666e-02 6.124470e+14 3.938183e+06 -6.496507e-01 3.309171e+01
1.905459e-06 3.300000e+00 4.040000e+00 -6.207720e-01 4.163401e+00 -1.907316e-01 5.632786e+14 3.621554e+06 -5.543906e-01 2.038388e+01
1.995263e-06 3.300000e+00 4.040000e+00 -1.045626e+00 4.161989e+00 -1.365682e+01 4.617740e+14 2.970840e+06 -2.683423e-01 1.607052e+01
2.089297e-06 3.300000e+00 4.040000e+00 -1.545013e+00 4.161791e+00 3.814867e-01 2.640026e+14 1.696685e+06 9.039693e-01 1.496935e+01
2.187762e-06 3.300000e+00 4.040000e+00 -1.842938e+00 4.161730e+00 -2.479478e+00 7.898933e+13 5.082542e+05 7.099233e+00 2.890380e+01
2.290868e-06 3.300000e+00 4.040000e+00 -1.916179e+00 4.161698e+00 -5.054320e+00 1.568713e+13 1.008080e+05 3.851883e+01 7.953864e+01
2.398834e-06 3.300000e+00 4.040000e+00 -1.928138e+00 4.161685e+00 -7.991552e+00 7.625587e+11 4.906161e+03 7.316066e+02 7.637198e+02
2.511887e-06 3.300000e+00 4.040000e+00 -1.928448e+00 4.161678e+00 -1.077619e+01 2.705480e+10 1.743262e+02 1.217167e+04 3.005710e+04
2.630268e-06 3.300000e+00 4.040000e+00 -1.928421e+00 4.161670e+00 -nan 0.000000e+00 0.000000e+00 -nan -nan
2.754229e-06 3.300000e+00 4.040000e+00 -1.928371e+00 4.161663e+00 -nan 0.000000e+00 0.000000e+00 -nan -nan
2.884032e-06 3.300000e+00 4.040000e+00 -1.928328e+00 4.161655e+00 -nan 0.000000e+00 0.000000e+00 -nan -nan
3.019952e-06 3.300000e+00 4.040000e+00 -1.928067e+00 4.161644e+00 -nan 0.000000e+00 0.000000e+00 -nan -nan
3.162278e-06 3.300000e+00 4.040000e+00 -1.928004e+00 4.161644e+00 -nan 0.000000e+00 0.000000e+00 -nan -nan
3.311311e-06 3.300000e+00 4.040000e+00 -1.927563e+00 4.161526e+00 -nan 0.000000e+00 0.000000e+00 -nan -nan
3.467368e-06 3.300000e+00 4.040000e+00 -1.926661e+00 4.161575e+00 -nan 0.000000e+00 0.000000e+00 -nan -nan
3.630780e-06 3.300000e+00 4.040000e+00 -1.924184e+00 4.161448e+00 -nan 0.000000e+00 0.000000e+00 -nan -nan
3.801893e-06 3.300000e+00 4.040000e+00 -1.923784e+00 4.161310e+00 -nan 0.000000e+00 0.000000e+00 -nan -nan
3.981071e-06 3.300000e+00 4.040000e+00 -1.922079e+00 4.161122e+00 -nan 0.000000e+00 0.000000e+00 -nan -nan
4.168693e-06 3.300000e+00 4.040000e+00 -1.920029e+00 4.160662e+00 -nan 0.000000e+00 0.000000e+00 -nan -nan
4.365157e-06 3.300000e+00 4.040000e+00 -1.915794e+00 4.159638e+00 -nan 0.000000e+00 0.000000e+00 -nan -nan
4.570880e-06 3.300000e+00 4.040000e+00 -1.911388e+00 4.158288e+00 -nan 0.000000e+00 0.000000e+00 -nan -nan
4.786299e-06 3.300000e+00 4.040000e+00 -1.904897e+00 4.155478e+00 -nan 0.000000e+00 0.000000e+00 -nan -nan
5.011865e-06 3.300000e+00 4.040000e+00 -1.894979e+00 4.148937e+00 5.948244e-01 4.864355e+10 7.598792e+03 1.389255e+00 1.685143e-03
5.248066e-06 3.300000e+00 4.040000e+00 -1.883246e+00 4.142601e+00 7.759427e-01 4.410363e+10 6.987949e+03 1.036316e+00 2.082109e-03
5.495400e-06 3.300000e+00 4.040000e+00 -1.871738e+00 4.135258e+00 9.189349e-01 4.201171e+10 6.630950e+03 7.797078e-01 2.517581e-03
5.754390e-06 3.300000e+00 4.040000e+00 -1.849363e+00 4.119998e+00 8.026313e-01 4.364808e+10 7.004805e+03 4.829606e-01 3.455043e-03
6.025586e-06 3.300000e+00 4.040000e+00 -1.822808e+00 4.103400e+00 9.589624e-01 4.691869e+10 7.492939e+03 3.282801e-01 4.380703e-03
6.309562e-06 3.300000e+00 4.040000e+00 -1.789623e+00 4.075281e+00 9.818369e-01 5.055041e+10 8.165474e+03 2.043581e-01 6.096125e-03
6.606922e-06 3.300000e+00 4.040000e+00 -1.744291e+00 4.037054e+00 1.002811e+00 5.651560e+10 9.067917e+03 1.339933e-01 8.350134e-03
6.918297e-06 3.300000e+00 4.040000e+00 -1.695542e+00 3.989977e+00 7.930993e-01 6.105016e+10 9.804502e+03 9.199047e-02 1.108456e-02
7.244346e-06 3.300000e+00 4.040000e+00 -1.620148e+00 3.926273e+00 8.712588e-01 6.521625e+10 1.046962e+04 3.887510e-02 1.484215e-02
7.585761e-06 3.300000e+00 4.040000e+00 -1.546841e+00 3.851993e+00 8.483884e-01 7.114807e+10 1.141218e+04 1.759231e-02 2.051377e-02
7.943267e-06 3.300000e+00 4.040000e+00 -1.449800e+00 3.752670e+00 8.865278e-01 7.405447e+10 1.190604e+04 1.333857e-02 3.564560e-02
8.317621e-06 3.300000e+00 4.040000e+00 -1.347742e+00 3.644037e+00 1.044767e+00 7.530920e+10 1.210949e+04 -3.487647e-03 6.694114e-02
8.709618e-06 3.300000e+00 4.040000e+00 -1.238453e+00 3.524100e+00 1.002816e+00 7.325050e+10 1.177525e+04 -8.174777e-04 6.939161e-02
9.120089e-06 3.300000e+00 4.040000e+00 -1.109824e+00 3.378650e+00 1.082870e+00 6.857594e+10 1.103462e+04 -1.256168e-02 7.233357e-02
9.549905e-06 3.300000e+00 4.040000e+00 -9.864722e-01 3.237888e+00 8.807831e-01 6.108762e+10 9.832145e+03 -2.154410e-03 8.199108e-02
1.000000e-05 3.300000e+00 4.040000e+00 -8.760535e-01 3.109585e+00 9.456171e-01 5.431769e+10 8.716479e+03 -8.090734e-04 8.943439e-02
1.047129e-05 3.300000e+00 4.040000e+00 -7.488859e-01 2.960220e+00 9.723077e-01 4.571156e+10 7.338459e+03 -5.889714e-03 9.952044e-02
1.096478e-05 3.300000e+00 4.040000e+00 -6.533335e-01 2.838441e+00 1.090512e+00 3.768987e+10 6.056641e+03 -3.903806e-03 1.149608e-01
1.148153e-05 3.300000e+00 4.040000e+00 -5.636327e-01 2.725949e+00 9.723028e-01 3.015319e+10 4.838748e+03 -3.823400e-03 1.197675e-01
1.202264e-05 3.300000e+00 4.040000e+00 -4.707881e-01 2.611194e+00 8.255143e-01 2.349971e+10 3.774302e+03 -2.111495e-03 1.182309e-01
1.258925e-05 3.300000e+00 4.040000e+00 -4.013428e-01 2.515134e+00 9.856729e-01 1.813389e+10 2.915642e+03 1.328778e-02 1.143243e-01
1.318256e-05 3.300000e+00 4.040000e+00 -3.357987e-01 2.432257e+00 1.077131e+00 1.399117e+10 2.247932e+03 -7.021666e-03 1.106136e-01
1.380384e-05 3.300000e+00 4.040000e+00 -2.863369e-01 2.359195e+00 9.380091e-01 1.075065e+10 1.727814e+03 6.911159e-03 1.040957e-01
1.445439e-05 3.300000e+00 4.040000e+00 -2.338453e-01 2.290672e+00 1.027599e+00 8.173775e+09 1.313928e+03 4.127383e-03 9.441602e-02
1.513561e-05 3.300000e+00 4.040000e+00 -2.034399e-01 2.243443e+00 9.704307e-01 6.203305e+09 9.969969e+02 5.717635e-03 8.508122e-02
1.584893e-05 3.300000e+00 4.040000e+00 -1.668168e-01 2.188300e+00 6.328833e-01 4.698253e+09 7.555184e+02 2.100468e-03 7.410491e-02
1.659586e-05 3.300000e+00 4.040000e+00 -1.404285e-01 2.151245e+00 6.920627e-01 3.635238e+09 5.844747e+02 1.332319e-02 6.537127e-02
1.737800e-05 3.300000e+00 4.040000e+00 -1.169972e-01 2.115682e+00 6.367498e-01 2.806137e+09 4.512096e+02 -1.627803e-03 5.611837e-02
1.819700e-05 3.300000e+00 4.040000e+00 -9.880796e-02 2.084034e+00 8.655846e-01 2.162277e+09 3.475589e+02 5.191088e-03 4.789710e-02
1.905460e-05 3.300000e+00 4.040000e+00 -8.094040e-02 2.055930e+00 1.018052e+00 1.699071e+09 2.732137e+02 3.415346e-03 4.045701e-02
1.995261e-05 3.300000e+00 4.040000e+00 -7.192939e-02 2.037782e+00 1.109609e+00 1.335773e+09 2.147409e+02 -5.815864e-03 3.525066e-02
2.089295e-05 3.300000e+00 4.040000e+00 -5.686878e-02 2.016088e+00 1.060108e+00 1.070529e+09 1.720880e+02 1.932859e-03 2.924621e-02
2.187760e-05 3.300000e+00 4.040000e+00 -4.820126e-02 2.000250e+00 1.266059e+00 8.493802e+08 1.365706e+02 6.071806e-03 2.498257e-02
2.290866e-05 3.300000e+00 4.040000e+00 -4.116493e-02 1.985552e+00 8.999203e-01 6.832892e+08 1.098163e+02 2.081156e-03 2.155447e-02
2.398831e-05 3.300000e+00 4.040000e+00 -3.391685e-02 1.973130e+00 9.226969e-01 5.638301e+08 9.063579e+01 1.091599e-02 1.823056e-02
2.511884e-05 3.300000e+00 4.040000e+00 -2.929700e-02 1.960940e+00 1.159259e+00 4.599675e+08 7.394441e+01 1.511919e-02 1.556516e-02
2.630266e-05 3.300000e+00 4.040000e+00 -2.319867e-02 1.950793e+00 1.059953e+00 3.810195e+08 6.124987e+01 8.792400e-03 1.312554e-02
2.754226e-05 3.300000e+00 4.040000e+00 -1.987411e-02 1.942793e+00 6.806656e-01 3.197087e+08 5.138785e+01 -1.339316e-04 1.144934e-02
2.884029e-05 3.300000e+00 4.040000e+00 -1.462522e-02 1.934210e+00 1.366804e+00 2.704155e+08 4.346642e+01 7.991672e-03 9.760141e-03
3.019949e-05 3.300000e+00 4.040000e+00 -1.304363e-02 1.928098e+00 8.941553e-01 2.272951e+08 3.654006e+01 -4.141390e-03 8.615255e-03
3.162274e-05 3.300000e+00 4.040000e+00 -1.030781e-02 1.921849e+00 1.187838e+00 1.957447e+08 3.146498e+01 -2.342463e-03 7.472992e-03
3.311308e-05 3.300000e+00 4.040000e+00 -7.604186e-03 1.916556e+00 1.365028e+00 1.688987e+08 2.714911e+01 7.045627e-03 6.545186e-03
3.467365e-05 3.300000e+00 4.040000e+00 -5.344193e-03 1.910467e+00 1.298219e+00 1.448118e+08 2.327785e+01 3.527164e-03 5.777478e-03
3.630776e-05 3.300000e+00 4.040000e+00 -3.962617e-03 1.907051e+00 1.107773e+00 1.260717e+08 2.026512e+01 1.697648e-02 5.156875e-03
3.801889e-05 3.300000e+00 4.040000e+00 -2.551120e-03 1.902743e+00 1.260217e+00 1.105376e+08 1.776829e+01 1.411200e-03 4.627824e-03
3.981066e-05 3.300000e+00 4.040000e+00 -1.757954e-03 1.899412e+00 1.203023e+00 9.791690e+07 1.573968e+01 -1.067299e-02 4.097462e-03
4.168688e-05 3.300000e+00 4.040000e+00 -7.161133e-04 1.895120e+00 9.475648e-01 8.721719e+07 1.401995e+01 7.033467e-03 3.661752e-03
4.365152e-05 3.300000e+00 4.040000e+00 6.230121e-04 1.892280e+00 1.260057e+00 7.793766e+07 1.252824e+01 -1.055539e-03 3.319621e-03
4.570875e-05 3.300000e+00 4.040000e+00 1.689076e-03 1.889277e+00 8.121905e-01 7.038683e+07 1.131449e+01 5.930543e-03 3.036261e-03
4.786294e-05 3.300000e+00 4.040000e+00 3.032934e-03 1.886308e+00 9.037800e-01 6.291280e+07 1.011302e+01 2.521634e-03 2.682686e-03
5.011865e-05 3.300000e+00 4.040000e+00 3.598818e-03 1.884275e+00 1.058096e+00 5.732682e+07 9.215313e+00 -4.082143e-03 2.483249e-03
5.248066e-05 3.300000e+00 4.040000e+00 3.322803e-03 1.882522e+00 9.209108e-01 5.194442e+07 8.349990e+00 -2.715409e-03 2.349734e-03
5.495400e-05 3.300000e+00 4.040000e+00 4.131058e-03 1.880155e+00 5.528429e-01 4.781191e+07 7.685629e+00 4.530191e-03 2.117276e-03
5.754390e-05 3.300000e+00 4.040000e+00 4.359383e-03 1.878623e+00 6.711030e-01 4.423126e+07 7.110270e+00 -3.882647e-03 1.994729e-03
6.025585e-05 3.300000e+00 4.040000e+00 4.690573e-03 1.876595e+00 8.769184e-01 4.031871e+07 6.481661e+00 -4.762709e-03 1.854420e-03
6.309562e-05 3.300000e+00 4.040000e+00 5.296002e-03 1.875095e+00 8.922575e-01 3.804424e+07 6.115881e+00 -1.125687e-02 1.739502e-03
6.606922e-05 3.300000e+00 4.040000e+00 5.646966e-03 1.873583e+00 9.322788e-01 3.520490e+07 5.659444e+00 1.340151e-02 1.619577e-03
6.918297e-05 3.300000e+00 4.040000e+00 6.199896e-03 1.872041e+00 5.014739e-01 3.285457e+07 5.282196e+00 1.628518e-03 1.505136e-03
7.244346e-05 3.300000e+00 4.040000e+00 6.731484e-03 1.869984e+00 1.288855e+00 3.078957e+07 4.949161e+00 -6.400347e-04 1.414776e-03
7.585761e-05 3.300000e+00 4.040000e+00 6.720668e-03 1.868859e+00 6.844895e-01 2.879108e+07 4.628902e+00 -4.042447e-03 1.344681e-03
7.943267e-05 3.300000e+00 4.040000e+00 6.584456e-03 1.867569e+00 1.050445e+00 2.772439e+07 4.457389e+00 -9.272099e-04 1.282811e-03
8.317621e-05 3.300000e+00 4.040000e+00 6.595416e-03 1.866840e+00 8.768927e-01 2.599401e+07 4.178349e+00 4.617333e-03 1.212239e-03
8.709618e-05 3.300000e+00 4.040000e+00 6.769873e-03 1.865827e+00 1.252595e+00 2.474460e+07 3.979162e+00 2.112389e-04 1.155496e-03
9.120089e-05 3.300000e+00 4.040000e+00 6.850987e-03 1.865213e+00 1.056174e+00 2.327842e+07 3.741494e+00 -2.069592e-03 1.112580e-03
9.549905e-05 3.300000e+00 4.040000e+00 6.993736e-03 1.863916e+00 1.327002e+00 2.232608e+07 3.588777e+00 -3.771365e-03 1.065731e-03
1.000000e-04 3.300000e+00 4.040000e+00 7.003950e-03 1.862785e+00 6.653315e-01 2.142841e+07 3.444954e+00 8.463502e-03 9.932518e-04
1.047129e-04 3.300000e+00 4.040000e+00 7.286033e-03 1.862072e+00 7.606812e-01 2.053130e+07 3.301028e+00 3.633738e-03 9.672642e-04
1.096478e-04 3.300000e+00 4.040000e+00 7.181014e-03 1.861464e+00 9.647228e-01 2.007244e+07 3.227434e+00 2.261400e-04 9.324551e-04
1.148153e-04 3.300000e+00 4.040000e+00 7.139670e-03 1.860403e+00 1.119126e+00 1.906872e+07 3.065891e+00 -8.085370e-03 9.037256e-04
1.202264e-04 3.300000e+00 4.040000e+00 7.364578e-03 1.859794e+00 8.637422e-01 1.817716e+07 2.921533e+00 -7.763505e-04 8.859634e-04
1.258925e-04 3.300000e+00 4.040000e+00 7.449396e-03 1.858904e+00 5.870746e-01 1.752018e+07 2.815784e+00 6.787539e-03 8.578300e-04
1.318256e-04 3.300000e+00 4.040000e+00 7.580458e-03 1.858392e+00 1.204954e+00 1.710357e+07 2.749922e+00 5.769014e-03 8.369684e-04
1.380384e-04 3.300000e+00 4.040000e+00 7.815173e-03 1.857800e+00 1.042972e+00 1.653943e+07 2.659379e+00 1.756787e-03 8.115768e-04
1.445439e-04 3.300000e+00 4.040000e+00 7.380439e-03 1.857136e+00 1.464222e+00 1.602309e+07 2.575586e+00 -6.367624e-03 7.686615e-04
1.513561e-04 3.300000e+00 4.040000e+00 7.694350e-03 1.856527e+00 1.080991e+00 1.542218e+07 2.477780e+00 -9.207308e-03 7.617474e-04
1.584892e-04 3.300000e+00 4.040000e+00 7.940279e-03 1.855477e+00 1.109627e+00 1.490124e+07 2.396064e+00 9.494901e-03 7.441044e-04
1.659586e-04 3.300000e+00 4.040000e+00 7.885338e-03 1.855381e+00 1.080945e+00 1.480355e+07 2.378698e+00 2.990484e-03 7.302761e-04
1.737800e-04 3.300000e+00 4.040000e+00 7.870648e-03 1.854926e+00 1.241032e+00 1.440514e+07 2.316179e+00 2.136588e-03 7.171631e-04
1.819700e-04 3.300000e+00 4.040000e+00 7.835729e-03 1.853965e+00 9.857174e-01 1.400360e+07 2.251829e+00 3.287792e-04 6.970167e-04
1.905460e-04 3.300000e+00 4.040000e+00 7.672044e-03 1.853394e+00 7.397714e-01 1.366776e+07 2.196666e+00 1.901388e-03 6.636381e-04
1.995261e-04 3.300000e+00 4.040000e+00 8.049750e-03 1.853205e+00 8.980358e-01 1.332500e+07 2.140546e+00 -6.575108e-03 6.617308e-04
2.089295e-04 3.300000e+00 4.040000e+00 7.908467e-03 1.852497e+00 8.293282e-01 1.321282e+07 2.124374e+00 -6.821215e-03 6.321669e-04
2.187760e-04 3.300000e+00 4.040000e+00 7.795809e-03 1.852323e+00 5.622901e-01 1.288916e+07 2.070703e+00 1.288545e-02 6.277561e-04
2.290866e-04 3.300000e+00 4.040000e+00 7.903325e-03 1.851960e+00 8.635696e-01 1.265572e+07 2.035097e+00 -9.244978e-03 6.217957e-04
2.398831e-04 3.300000e+00 4.040000e+00 7.728214e-03 1.851328e+00 1.075180e+00 1.247988e+07 2.006240e+00 -5.193591e-03 6.229877e-04
2.511884e-04 3.300000e+00 4.040000e+00 8.083886e-03 1.850747e+00 7.987982e-01 1.213067e+07 1.950274e+00 9.009719e-03 5.992651e-04
2.630266e-04 3.300000e+00 4.040000e+00 7.697694e-03 1.850236e+00 6.710998e-01 1.197033e+07 1.925151e+00 -1.558840e-03 5.909204e-04
2.754226e-04 3.300000e+00 4.040000e+00 7.960888e-03 1.850097e+00 1.039047e+00 1.180654e+07 1.897652e+00 -6.294966e-03 5.924702e-04
2.884029e-04 3.300000e+00 4.040000e+00 7.807294e-03 1.849207e+00 8.750393e-01 1.163329e+07 1.869690e+00 7.498503e-03 5.781651e-04
3.019948e-04 3.300000e+00 4.040000e+00 7.828374e-03 1.849155e+00 1.147723e+00 1.150783e+07 1.850874e+00 -5.322576e-03 5.778074e-04
3.162274e-04 3.300000e+00 4.040000e+00 7.882213e-03 1.848631e+00 1.305899e+00 1.120363e+07 1.802943e+00 -9.336054e-03 5.375147e-04
3.311308e-04 3.300000e+00 4.040000e+00 7.781752e-03 1.848234e+00 9.495482e-01 1.113340e+07 1.790700e+00 3.984690e-03 5.284548e-04
3.467364e-04 3.300000e+00 4.040000e+00 7.678447e-03 1.847731e+00 9.569592e-01 1.094280e+07 1.759919e+00 6.565571e-03 5.372763e-04
3.630776e-04 3.300000e+00 4.040000e+00 8.174776e-03 1.847110e+00 1.119112e+00 1.096076e+07 1.761010e+00 3.000259e-03 5.452633e-04
3.801889e-04 3.300000e+00 4.040000e+00 7.852807e-03 1.846947e+00 8.044779e-01 1.074701e+07 1.726608e+00 5.710721e-03 5.134344e-04
3.981066e-04 3.300000e+00 4.040000e+00 7.892266e-03 1.846488e+00 5.320299e-01 1.052398e+07 1.692246e+00 3.960848e-03 5.185604e-04
4.168688e-04 3.300000e+00 4.040000e+00 8.123319e-03 1.845986e+00 9.189755e-01 1.043008e+07 1.676691e+00 -3.943861e-03 5.071163e-04
4.365152e-04 3.300000e+00 4.040000e+00 8.092667e-03 1.845983e+00 1.080924e+00 1.036735e+07 1.666681e+00 -3.737211e-05 5.164146e-04
4.570875e-04 3.300000e+00 4.040000e+00 7.799019e-03 1.845541e+00 8.255718e-01 1.018365e+07 1.637845e+00 1.501203e-03 4.954338e-04
4.786294e-04 3.300000e+00 4.040000e+00 7.828702e-03 1.844991e+00 1.073244e+00 1.015232e+07 1.631734e+00 7.802367e-03 4.963875e-04
5.011865e-04 3.300000e+00 4.040000e+00 8.025118e-03 1.844929e+00 8.197285e-01 9.981444e+06 1.605469e+00 -1.014113e-03 4.749298e-04
5.248066e-04 3.300000e+00 4.040000e+00 7.917857e-03 1.844338e+00 1.574827e+00 9.941077e+06 1.599553e+00 -5.573034e-04 4.879236e-04
5.495400e-04 3.300000e+00 4.040000e+00 7.966112e-03 1.844022e+00 1.426042e+00 1.002628e+07 1.613216e+00 1.553404e-02 4.832745e-04
5.754390e-04 3.300000e+00 4.040000e+00 7.779199e-03 1.843536e+00 1.021800e+00 9.798209e+06 1.576344e+00 -6.127536e-03 4.731417e-04
6.025585e-04 3.300000e+00 4.040000e+00 7.992025e-03 1.843206e+00 1.225917e+00 9.674620e+06 1.555244e+00 5.317450e-03 4.724264e-04
6.309563e-04 3.300000e+00 4.040000e+00 7.888271e-03 1.843089e+00 1.010418e+00 9.678347e+06 1.557189e+00 -8.109391e-03 4.928112e-04
6.606923e-04 3.300000e+00 4.040000e+00 7.895182e-03 1.842615e+00 4.727544e-01 9.512138e+06 1.530564e+00 1.478374e-02 4.597902e-04
6.918297e-04 3.300000e+00 4.040000e+00 8.097071e-03 1.842450e+00 8.847153e-01 9.375051e+06 1.507540e+00 -3.745019e-03 4.568100e-04
7.244346e-04 3.300000e+00 4.040000e+00 7.807631e-03 1.841990e+00 7.036408e-01 9.346737e+06 1.502067e+00 -1.997173e-03 4.476309e-04
7.585761e-04 3.300000e+00 4.040000e+00 8.005859e-03 1.841799e+00 1.143083e-01 9.293236e+06 1.494711e+00 1.076710e-02 4.494190e-04
7.943267e-04 3.300000e+00 4.040000e+00 8.032559e-03 1.841278e+00 1.246915e+00 9.191961e+06 1.477232e+00 -9.340703e-03 4.352331e-04
8.317621e-04 3.300000e+00 4.040000e+00 8.148774e-03 1.840805e+00 1.206771e+00 9.213238e+06 1.481594e+00 -3.571570e-03 4.389286e-04
8.709618e-04 3.300000e+00 4.040000e+00 7.982755e-03 1.840770e+00 1.275459e+00 9.076602e+06 1.458230e+00 5.153656e-03 4.230738e-04
9.120089e-04 3.300000e+00 4.040000e+00 8.186151e-03 1.840421e+00 1.185686e+00 9.051494e+06 1.454393e+00 4.969239e-03 4.501343e-04
9.549905e-04 3.300000e+00 4.040000e+00 7.967945e-03 1.840122e+00 7.683516e-01 9.044152e+06 1.453992e+00 -4.824519e-03 4.293919e-04
1.000000e-03 3.300000e+00 4.040000e+00 7.912848e-03 1.839850e+00 8.141440e-01 8.872796e+06 1.425947e+00 9.670138e-03 4.154444e-04
1.047128e-03 3.300000e+00 4.040000e+00 8.130700e-03 1.839593e+00 1.033129e+00 8.913767e+06 1.433529e+00 -9.801924e-03 4.237890e-04
1.096478e-03 3.300000e+00 4.040000e+00 7.979127e-03 1.839496e+00 1.283064e+00 8.839552e+06 1.421431e+00 -6.244063e-03 4.171133e-04
1.148153e-03 3.300000e+00 4.040000e+00 7.957615e-03 1.838763e+00 8.703738e-01 8.694710e+06 1.396288e+00 -9.912848e-04 4.160404e-04
1.202264e-03 3.300000e+00 4.040000e+00 7.984973e-03 1.838795e+00 1.084843e+00 8.795142e+06 1.414662e+00 -6.419063e-03 4.198551e-04
1.258925e-03 3.300000e+00 4.040000e+00 8.336496e-03 1.838405e+00 1.017959e+00 8.755906e+06 1.408911e+00 -3.495693e-03 4.143715e-04
1.318256e-03 3.300000e+00 4.040000e+00 7.977243e-03 1.838030e+00 1.035232e+00 8.677670e+06 1.394292e+00 -1.493615e-02 4.103184e-04
1.380384e-03 3.300000e+00 4.040000e+00 8.092375e-03 1.837949e+00 1.275416e+00 8.602737e+06 1.382842e+00 8.994102e-03 3.975630e-04
1.445439e-03 3.300000e+00 4.040000e+00 7.986243e-03 1.837443e+00 6.854766e-01 8.523573e+06 1.369828e+00 8.734584e-03 4.041195e-04
1.513561e-03 3.300000e+00 4.040000e+00 8.090709e-03 1.837317e+00 9.371260e-01 8.567835e+06 1.376165e+00 1.963019e-03 4.043579e-04
1.584893e-03 3.300000e+00 4.040000e+00 8.326825e-03 1.837171e+00 7.302999e-01 8.451588e+06 1.359725e+00 7.872939e-03 3.952980e-04
1.659586e-03 3.300000e+00 4.040000e+00 8.268232e-03 1.836930e+00 7.464383e-01 8.559405e+06 1.376062e+00 2.781630e-03 3.944635e-04
1.737800e-03 3.300000e+00 4.040000e+00 8.117447e-03 1.836823e+00 6.882762e-01 8.409523e+06 1.352657e+00 -1.494169e-03 3.855228e-04
1.819700e-03 3.300000e+00 4.040000e+00 8.077396e-03 1.836688e+00 6.939898e-01 8.459912e+06 1.361515e+00 7.117152e-03 3.869534e-04
1.905460e-03 3.300000e+00 4.040000e+00 8.108596e-03 1.836430e+00 9.398671e-01 8.338871e+06 1.339530e+00 7.284403e-03 3.989935e-04
1.995261e-03 3.300000e+00 4.040000e+00 7.967304e-03 1.836284e+00 1.031358e+00 8.374821e+06 1.346886e+00 6.666899e-03 3.774166e-04
2.089295e-03 3.300000e+00 4.040000e+00 8.057622e-03 1.836233e+00 6.996408e-01 8.295266e+06 1.333789e+00 -3.602862e-03 3.999472e-04
2.187760e-03 3.300000e+00 4.040000e+00 7.801062e-03 1.836011e+00 1.175345e+00 8.356116e+06 1.343470e+00 3.416538e-03 3.725290e-04
2.290866e-03 3.300000e+00 4.040000e+00 8.130840e-03 1.836054e+00 9.151757e-01 8.321145e+06 1.338388e+00 6.742477e-04 3.906488e-04
2.398831e-03 3.300000e+00 4.040000e+00 8.098410e-03 1.835779e+00 1.568043e+00 8.229524e+06 1.322565e+00 6.950378e-03 3.781319e-04
2.511884e-03 3.300000e+00 4.040000e+00 7.973494e-03 1.835712e+00 1.034237e+00 8.161786e+06 1.313533e+00 -3.777981e-03 3.868341e-04
2.630266e-03 3.300000e+00 4.040000e+00 8.033700e-03 1.835337e+00 1.023753e+00 8.126764e+06 1.306969e+00 -6.476641e-03 3.697872e-04
2.754226e-03 3.300000e+00 4.040000e+00 8.016434e-03 1.835537e+00 1.009366e+00 8.175653e+06 1.313903e+00 -4.018784e-03 3.719330e-04
2.884028e-03 3.300000e+00 4.040000e+00 8.094315e-03 1.835222e+00 8.826252e-01 8.016128e+06 1.288122e+00 7.137775e-03 3.637075e-04
3.019948e-03 3.300000e+00 4.040000e+00 8.054649e-03 1.835190e+00 9.971091e-01 8.115720e+06 1.304819e+00 -1.680911e-03 3.749132e-04
3.162274e-03 3.300000e+00 4.040000e+00 8.085519e-03 1.834871e+00 1.034208e+00 8.100261e+06 1.301650e+00 1.806021e-03 3.716946e-04
3.311307e-03 3.300000e+00 4.040000e+00 7.848786e-03 1.835053e+00 1.200101e+00 8.013864e+06 1.287916e+00 -1.373053e-03 3.702641e-04
3.467364e-03 3.300000e+00 4.040000e+00 7.889559e-03 1.834989e+00 7.768680e-01 8.030447e+06 1.290612e+00 2.504706e-03 3.608465e-04
3.630776e-03 3.300000e+00 4.040000e+00 7.761545e-03 1.834940e+00 7.950322e-01 8.042576e+06 1.293502e+00 -1.729190e-03 3.610849e-04
3.801889e-03 3.300000e+00 4.040000e+00 7.793050e-03 1.835009e+00 8.301606e-01 8.023204e+06 1.290632e+00 -2.679527e-03 3.443956e-04
3.981066e-03 3.300000e+00 4.040000e+00 7.930552e-03 1.834694e+00 1.432672e+00 8.037232e+06 1.293091e+00 -1.414537e-03 3.633499e-04
4.168688e-03 3.300000e+00 4.040000e+00 7.858840e-03 1.834812e+00 1.102793e+00 7.936744e+06 1.276096e+00 -1.380146e-03 3.635883e-04
4.365152e-03 3.300000e+00 4.040000e+00 7.740252e-03 1.834525e+00 1.161076e+00 7.991132e+06 1.285108e+00 -3.531814e-03 3.715754e-04
4.570875e-03 3.300000e+00 4.040000e+00 7.657674e-03 1.834635e+00 7.997317e-01 7.984254e+06 1.282793e+00 1.063740e-02 3.479719e-04
4.786294e-03 3.300000e+00 4.040000e+00 7.734362e-03 1.834445e+00 8.132320e-01 7.959714e+06 1.280591e+00 1.280916e-02 3.497601e-04
5.011864e-03 3.300000e+00 4.040000e+00 7.710344e-03 1.834484e+00 1.095246e+00 8.020112e+06 1.289480e+00 1.337290e-03 3.461838e-04
5.248067e-03 3.300000e+00 4.040000e+00 7.696884e-03 1.834652e+00 1.003631e+00 7.872429e+06 1.266044e+00 2.853394e-03 3.476143e-04
5.495400e-03 3.300000e+00 4.040000e+00 7.816553e-03 1.834408e+00 7.683231e-01 7.899804e+06 1.271178e+00 -6.497502e-03 3.499985e-04
5.754390e-03 3.300000e+00 4.040000e+00 7.632179e-03 1.834582e+00 9.217355e-01 7.786091e+06 1.252557e+00 -2.373159e-03 3.390312e-04
6.025585e-03 3.300000e+00 4.040000e+00 7.654409e-03 1.834445e+00 1.132417e+00 7.919024e+06 1.271867e+00 4.748106e-04 3.477335e-04
6.309562e-03 3.300000e+00 4.040000e+00 7.897094e-03 1.834767e+00 1.253526e+00 7.834330e+06 1.260335e+00 1.211905e-02 3.385544e-04
6.606922e-03 3.300000e+00 4.040000e+00 7.588794e-03 1.834710e+00 8.645806e-01 7.799863e+06 1.253884e+00 6.246209e-03 3.422499e-04
6.918297e-03 3.300000e+00 4.040000e+00 7.547475e-03 1.834741e+00 1.081920e+00 7.792208e+06 1.253277e+00 2.800107e-03 3.538132e-04
7.244346e-03 3.300000e+00 4.040000e+00 7.498602e-03 1.834843e+00 1.080955e+00 7.776504e+06 1.250325e+00 1.064777e-03 3.523827e-04
7.585761e-03 3.300000e+00 4.040000e+00 7.532601e-03 1.834816e+00 8.198093e-01 7.679962e+06 1.233885e+00 -7.719338e-03 3.404617e-04
7.943267e-03 3.300000e+00 4.040000e+00 7.517485e-03 1.835077e+00 1.346945e+00 7.776782e+06 1.250170e+00 -1.010460e-02 3.323555e-04
8.317620e-03 3.300000e+00 4.040000e+00 7.480221e-03 1.835204e+00 1.183993e+00 7.663844e+06 1.232619e+00 5.872011e-03 3.546476e-04
8.709618e-03 3.300000e+00 4.040000e+00 7.467828e-03 1.835422e+00 1.292636e+00 7.647854e+06 1.229250e+00 -7.151902e-03 3.365278e-04
9.120089e-03 3.300000e+00 4.040000e+00 7.327034e-03 1.835299e+00 6.502095e-01 7.695404e+06 1.237686e+00 1.072884e-05 3.396273e-04
9.549906e-03 3.300000e+00 4.040000e+00 7.312488e-03 1.835403e+00 9.274884e-01 7.658381e+06 1.231678e+00 3.124118e-03 3.455877e-04
