#./underdamped_3d --dev=0 --amp=4.818 --omega=4.028 --force=0.1 --gam=0.022 --Dg=0 --block=1024 --paths=262144 --periods=250000 --trans=249750 --samples=20 --spp=200 --algorithm=predcorr --pav=1 --mode=moments --domain=3d --domainx=f:0.02:0.025:10:0 --domainy=a:4.818:4.818:1:0 --domainz=w:4.028:4.028:1:0 --q=2 --eps=0 --phi=0 --lambda=0 --Dp=0 --comp=0 --mean=0 >> ./data/3d-faw-D0-g0.022-a4.818-w4.028-spp200-part2.dat
#f a w <<v>> <<v^2>> qnu(q) mu_q Dx Gx EBx
0.000000e+00 4.818000e+00 4.028000e+00 -2.169099e-03 6.110317e+00 2.063743e+00 4.320487e+11 6.923713e+05 -5.155602e-01 8.807051e-02
5.000000e-04 4.818000e+00 4.028000e+00 2.367721e-02 6.123413e+00 2.052303e+00 4.342367e+11 6.957564e+05 -5.180569e-01 8.706582e-02
9.999999e-04 4.818000e+00 4.028000e+00 4.034201e-02 6.175340e+00 2.025605e+00 4.425085e+11 7.090811e+05 -5.271395e-01 8.340633e-02
1.500000e-03 4.818000e+00 4.028000e+00 6.453228e-02 6.228240e+00 2.010353e+00 4.504973e+11 7.219978e+05 -5.353232e-01 7.976925e-02
2.000000e-03 4.818000e+00 4.028000e+00 7.711782e-02 6.364790e+00 1.996983e+00 4.721346e+11 7.565958e+05 -5.567586e-01 6.998372e-02
2.500000e-03 4.818000e+00 4.028000e+00 8.789972e-02 6.434280e+00 2.111438e+00 4.826777e+11 7.737268e+05 -5.662673e-01 6.510627e-02
3.000000e-03 4.818000e+00 4.028000e+00 1.120420e-01 6.449668e+00 1.939767e+00 4.845571e+11 7.766442e+05 -5.674068e-01 6.410551e-02
3.500000e-03 4.818000e+00 4.028000e+00 1.241615e-01 6.487601e+00 2.075224e+00 4.900991e+11 7.856748e+05 -5.719005e-01 6.148028e-02
4.000000e-03 4.818000e+00 4.028000e+00 1.300884e-01 6.549162e+00 1.895899e+00 4.996094e+11 8.008699e+05 -5.799971e-01 5.712032e-02
4.500000e-03 4.818000e+00 4.028000e+00 1.352499e-01 6.617857e+00 1.979819e+00 5.101325e+11 8.177611e+05 -5.885489e-01 5.229247e-02
5.000000e-03 4.818000e+00 4.028000e+00 1.453892e-01 6.745818e+00 1.932132e+00 5.298138e+11 8.493145e+05 -6.036012e-01 4.292023e-02
5.500000e-03 4.818000e+00 4.028000e+00 1.506353e-01 6.795370e+00 1.943578e+00 5.373002e+11 8.611256e+05 -6.090933e-01 3.929830e-02
6.000001e-03 4.818000e+00 4.028000e+00 1.468696e-01 6.901114e+00 1.914979e+00 5.535638e+11 8.872611e+05 -6.209666e-01 3.148234e-02
6.500001e-03 4.818000e+00 4.028000e+00 1.544421e-01 6.947465e+00 2.180079e+00 5.606331e+11 8.983653e+05 -6.255250e-01 2.804339e-02
7.000001e-03 4.818000e+00 4.028000e+00 1.492555e-01 6.996171e+00 1.914972e+00 5.682489e+11 9.107294e+05 -6.307782e-01 2.447033e-02
7.500001e-03 4.818000e+00 4.028000e+00 1.519909e-01 7.064762e+00 1.987473e+00 5.788320e+11 9.275447e+05 -6.375435e-01 1.935327e-02
8.000000e-03 4.818000e+00 4.028000e+00 1.577351e-01 7.122109e+00 2.162918e+00 5.876317e+11 9.415559e+05 -6.427650e-01 1.509714e-02
8.500000e-03 4.818000e+00 4.028000e+00 1.576150e-01 7.172569e+00 2.174369e+00 5.952813e+11 9.537882e+05 -6.475049e-01 1.133060e-02
9.000001e-03 4.818000e+00 4.028000e+00 1.433784e-01 7.217895e+00 1.922601e+00 6.028494e+11 9.661959e+05 -6.524313e-01 7.814527e-03
9.500001e-03 4.818000e+00 4.028000e+00 1.398548e-01 7.262428e+00 2.092351e+00 6.096091e+11 9.769302e+05 -6.566995e-01 4.372239e-03
1.000000e-02 4.818000e+00 4.028000e+00 1.389893e-01 7.302470e+00 2.082817e+00 6.156404e+11 9.865961e+05 -6.602434e-01 1.311183e-03
1.050000e-02 4.818000e+00 4.028000e+00 1.104701e-01 7.327400e+00 1.945497e+00 6.202310e+11 9.938702e+05 -6.639097e-01 -6.235242e-04
1.100000e-02 4.818000e+00 4.028000e+00 1.306145e-01 7.327992e+00 1.966469e+00 6.196939e+11 9.930138e+05 -6.629010e-01 -6.332397e-04
1.150000e-02 4.818000e+00 4.028000e+00 1.345469e-01 7.328384e+00 1.928320e+00 6.194791e+11 9.927761e+05 -6.625710e-01 -6.247163e-04
1.200000e-02 4.818000e+00 4.028000e+00 1.389792e-01 7.328693e+00 2.078999e+00 6.194304e+11 9.926536e+05 -6.623989e-01 -6.330013e-04
1.250000e-02 4.818000e+00 4.028000e+00 1.535787e-01 7.329191e+00 2.143860e+00 6.191361e+11 9.919502e+05 -6.616485e-01 -6.648302e-04
1.300000e-02 4.818000e+00 4.028000e+00 1.764557e-01 7.329744e+00 2.054216e+00 6.182206e+11 9.906969e+05 -6.599872e-01 -7.450581e-04
1.350000e-02 4.818000e+00 4.028000e+00 1.751287e-01 7.329846e+00 2.029410e+00 6.181507e+11 9.906181e+05 -6.600647e-01 -7.587671e-04
1.400000e-02 4.818000e+00 4.028000e+00 1.705915e-01 7.330298e+00 2.071381e+00 6.182416e+11 9.907358e+05 -6.603364e-01 -8.220673e-04
1.450000e-02 4.818000e+00 4.028000e+00 2.180226e-01 7.331298e+00 1.979845e+00 6.161918e+11 9.875246e+05 -6.565616e-01 -9.127259e-04
1.500000e-02 4.818000e+00 4.028000e+00 2.131741e-01 7.331873e+00 2.037047e+00 6.163982e+11 9.877975e+05 -6.570299e-01 -9.384751e-04
1.550000e-02 4.818000e+00 4.028000e+00 2.400190e-01 7.332788e+00 2.017968e+00 6.150539e+11 9.856320e+05 -6.545157e-01 -1.012266e-03
1.600000e-02 4.818000e+00 4.028000e+00 2.795852e-01 7.333931e+00 2.008442e+00 6.129479e+11 9.822938e+05 -6.502398e-01 -1.075327e-03
1.650000e-02 4.818000e+00 4.028000e+00 3.076394e-01 7.334043e+00 2.069463e+00 6.113796e+11 9.795962e+05 -6.468651e-01 -1.067758e-03
1.700000e-02 4.818000e+00 4.028000e+00 3.350656e-01 7.334149e+00 1.947402e+00 6.094394e+11 9.767101e+05 -6.429882e-01 -1.145840e-03
1.750000e-02 4.818000e+00 4.028000e+00 3.560395e-01 7.334820e+00 1.926415e+00 6.078679e+11 9.741705e+05 -6.399456e-01 -1.206756e-03
1.800000e-02 4.818000e+00 4.028000e+00 3.511410e-01 7.335120e+00 2.107605e+00 6.081820e+11 9.744499e+05 -6.408798e-01 -1.205444e-03
1.850000e-02 4.818000e+00 4.028000e+00 3.471538e-01 7.335251e+00 2.134313e+00 6.079433e+11 9.739947e+05 -6.415167e-01 -1.262903e-03
1.900000e-02 4.818000e+00 4.028000e+00 3.616685e-01 7.335131e+00 2.048483e+00 6.065149e+11 9.719412e+05 -6.391295e-01 -1.219511e-03
1.949999e-02 4.818000e+00 4.028000e+00 3.955383e-01 7.335846e+00 2.056134e+00 6.035725e+11 9.672764e+05 -6.336732e-01 -1.275539e-03
2.000000e-02 4.818000e+00 4.028000e+00 3.546629e-01 7.345226e+00 1.889982e+00 9.536697e+11 1.222918e+06 -6.403193e-01 -1.145065e-03
2.050000e-02 4.818000e+00 4.028000e+00 3.456940e-01 7.345325e+00 2.160806e+00 9.539956e+11 1.223155e+06 -6.416653e-01 -1.166046e-03
2.100000e-02 4.818000e+00 4.028000e+00 3.519695e-01 7.346191e+00 1.916683e+00 9.524307e+11 1.221357e+06 -6.407059e-01 -1.275957e-03
2.150000e-02 4.818000e+00 4.028000e+00 3.570029e-01 7.346492e+00 1.910976e+00 9.516098e+11 1.220227e+06 -6.399549e-01 -1.303911e-03
2.200000e-02 4.818000e+00 4.028000e+00 3.560470e-01 7.346298e+00 1.926234e+00 9.505573e+11 1.218893e+06 -6.400728e-01 -1.336753e-03
2.250000e-02 4.818000e+00 4.028000e+00 3.680107e-01 7.346450e+00 2.158887e+00 9.481572e+11 1.215498e+06 -6.383647e-01 -1.272798e-03
2.300001e-02 4.818000e+00 4.028000e+00 4.313793e-01 7.347570e+00 1.928130e+00 9.387624e+11 1.203844e+06 -6.272991e-01 -1.308024e-03
2.350001e-02 4.818000e+00 4.028000e+00 4.973072e-01 7.348441e+00 2.078805e+00 9.281071e+11 1.189888e+06 -6.141362e-01 -1.280129e-03
2.400001e-02 4.818000e+00 4.028000e+00 5.324870e-01 7.349354e+00 2.044468e+00 9.210271e+11 1.180933e+06 -6.059892e-01 -1.262963e-03
2.450001e-02 4.818000e+00 4.028000e+00 5.804621e-01 7.350079e+00 1.998692e+00 9.119441e+11 1.169140e+06 -5.941250e-01 -1.213193e-03
2.500000e-02 4.818000e+00 4.028000e+00 5.874640e-01 7.350281e+00 2.033023e+00 9.101516e+11 1.166890e+06 -5.921760e-01 -1.190603e-03
2.550000e-02 4.818000e+00 4.028000e+00 5.312408e-01 7.349412e+00 2.050189e+00 9.194381e+11 1.178835e+06 -6.062834e-01 -1.213849e-03
2.600000e-02 4.818000e+00 4.028000e+00 4.834423e-01 7.348987e+00 2.158900e+00 9.260813e+11 1.187443e+06 -6.168916e-01 -1.286328e-03
2.650000e-02 4.818000e+00 4.028000e+00 4.615262e-01 7.348814e+00 2.044472e+00 9.283055e+11 1.190346e+06 -6.213405e-01 -1.245856e-03
2.700000e-02 4.818000e+00 4.028000e+00 5.057675e-01 7.349308e+00 2.092151e+00 9.209526e+11 1.180709e+06 -6.120876e-01 -1.177967e-03
2.750000e-02 4.818000e+00 4.028000e+00 5.962518e-01 7.349951e+00 2.137924e+00 9.039646e+11 1.159067e+06 -5.896204e-01 -1.167715e-03
2.800000e-02 4.818000e+00 4.028000e+00 7.321293e-01 7.350957e+00 1.983443e+00 8.747278e+11 1.121516e+06 -5.473133e-01 -1.090944e-03
2.849999e-02 4.818000e+00 4.028000e+00 8.000951e-01 7.351349e+00 2.000607e+00 8.563592e+11 1.097878e+06 -5.217444e-01 -1.093328e-03
2.899999e-02 4.818000e+00 4.028000e+00 9.176745e-01 7.351980e+00 2.097866e+00 8.244500e+11 1.057144e+06 -4.693867e-01 -1.123309e-03
2.949999e-02 4.818000e+00 4.028000e+00 9.904472e-01 7.352714e+00 2.071175e+00 8.011341e+11 1.027278e+06 -4.309483e-01 -1.142263e-03
3.000000e-02 4.818000e+00 4.028000e+00 9.977512e-01 7.352410e+00 2.059731e+00 7.984941e+11 1.023867e+06 -4.268855e-01 -1.116872e-03
3.050000e-02 4.818000e+00 4.028000e+00 1.074845e+00 7.352995e+00 2.031121e+00 7.726750e+11 9.907684e+05 -3.805546e-01 -1.091480e-03
3.100000e-02 4.818000e+00 4.028000e+00 1.168653e+00 7.353818e+00 2.031118e+00 7.406674e+11 9.495346e+05 -3.148941e-01 -1.151979e-03
3.150000e-02 4.818000e+00 4.028000e+00 1.314106e+00 7.355151e+00 2.073072e+00 6.870773e+11 8.809614e+05 -1.892835e-01 -1.194239e-03
3.200000e-02 4.818000e+00 4.028000e+00 1.461521e+00 7.356098e+00 2.044467e+00 6.271657e+11 8.041218e+05 -2.318370e-02 -1.249611e-03
3.250000e-02 4.818000e+00 4.028000e+00 1.583588e+00 7.356789e+00 2.044474e+00 5.727843e+11 7.343166e+05 1.544237e-01 -1.322091e-03
3.300000e-02 4.818000e+00 4.028000e+00 1.795261e+00 7.358066e+00 2.076888e+00 4.711246e+11 6.040034e+05 6.080256e-01 -1.309812e-03
3.350000e-02 4.818000e+00 4.028000e+00 1.822723e+00 7.358300e+00 2.107404e+00 4.574387e+11 5.864056e+05 6.848075e-01 -1.322329e-03
3.400001e-02 4.818000e+00 4.028000e+00 1.877252e+00 7.357012e+00 2.071167e+00 4.292990e+11 5.502822e+05 8.598324e-01 -1.175821e-03
3.450001e-02 4.818000e+00 4.028000e+00 2.046027e+00 7.355494e+00 2.099784e+00 3.359079e+11 4.305420e+05 1.638287e+00 -9.237528e-04
3.500000e-02 4.818000e+00 4.028000e+00 2.107355e+00 7.360935e+00 2.095970e+00 3.007345e+11 3.854317e+05 2.057193e+00 -1.375854e-03
3.550000e-02 4.818000e+00 4.028000e+00 2.103022e+00 7.360608e+00 2.073076e+00 3.029238e+11 3.882278e+05 2.023011e+00 -1.378894e-03
3.600000e-02 4.818000e+00 4.028000e+00 2.111294e+00 7.360695e+00 2.054005e+00 2.977347e+11 3.815804e+05 2.087353e+00 -1.331508e-03
3.650000e-02 4.818000e+00 4.028000e+00 2.125252e+00 7.360522e+00 2.059731e+00 2.893205e+11 3.707362e+05 2.199668e+00 -1.336277e-03
3.700000e-02 4.818000e+00 4.028000e+00 2.133483e+00 7.360762e+00 2.078805e+00 2.841455e+11 3.641244e+05 2.269902e+00 -1.347482e-03
3.750001e-02 4.818000e+00 4.028000e+00 2.115299e+00 7.360974e+00 2.082623e+00 2.945396e+11 3.774997e+05 2.116699e+00 -1.315653e-03
3.800001e-02 4.818000e+00 4.028000e+00 2.134650e+00 7.361454e+00 2.099785e+00 2.831546e+11 3.628674e+05 2.278410e+00 -1.304030e-03
3.850001e-02 4.818000e+00 4.028000e+00 2.154643e+00 7.361925e+00 2.063543e+00 2.713111e+11 3.476715e+05 2.461910e+00 -1.253963e-03
3.900001e-02 4.818000e+00 4.028000e+00 2.181507e+00 7.363188e+00 2.063544e+00 2.555597e+11 3.274545e+05 2.740375e+00 -1.248598e-03
3.950001e-02 4.818000e+00 4.028000e+00 2.226514e+00 7.364000e+00 2.086433e+00 2.284573e+11 2.927151e+05 3.300913e+00 -1.220942e-03
4.000000e-02 4.818000e+00 4.028000e+00 2.304728e+00 7.364842e+00 2.078798e+00 1.799185e+11 2.304812e+05 4.719892e+00 -1.176655e-03
4.050000e-02 4.818000e+00 4.028000e+00 2.302572e+00 7.364892e+00 2.080710e+00 1.816304e+11 2.326539e+05 4.669698e+00 -1.218438e-03
4.100000e-02 4.818000e+00 4.028000e+00 2.282715e+00 7.364621e+00 2.069270e+00 1.939876e+11 2.484900e+05 4.244351e+00 -1.273811e-03
4.150000e-02 4.818000e+00 4.028000e+00 2.271882e+00 7.365031e+00 2.055914e+00 2.009536e+11 2.574802e+05 4.035857e+00 -1.263320e-03
4.200000e-02 4.818000e+00 4.028000e+00 2.216723e+00 7.364778e+00 2.059730e+00 2.350888e+11 3.011941e+05 3.166415e+00 -1.262307e-03
4.250000e-02 4.818000e+00 4.028000e+00 2.258842e+00 7.365568e+00 2.061641e+00 2.093506e+11 2.682307e+05 3.800934e+00 -1.239657e-03
4.300001e-02 4.818000e+00 4.028000e+00 2.304459e+00 7.366240e+00 2.082613e+00 1.805503e+11 2.312738e+05 4.710537e+00 -1.191258e-03
4.350001e-02 4.818000e+00 4.028000e+00 2.322062e+00 7.366530e+00 2.067361e+00 1.692706e+11 2.168368e+05 5.147571e+00 -1.216292e-03
4.400001e-02 4.818000e+00 4.028000e+00 2.359106e+00 7.366774e+00 2.061633e+00 1.455662e+11 1.863785e+05 6.303994e+00 -1.238167e-03
4.450001e-02 4.818000e+00 4.028000e+00 2.449120e+00 7.367622e+00 2.044473e+00 8.630819e+10 1.104174e+05 1.190964e+01 -1.181662e-03
4.500000e-02 4.818000e+00 4.028000e+00 2.448264e+00 7.367946e+00 2.044474e+00 8.682229e+10 1.110768e+05 1.179381e+01 -1.109898e-03
4.550000e-02 4.818000e+00 4.028000e+00 2.468819e+00 7.368508e+00 2.036848e+00 7.298787e+10 9.331817e+04 1.433566e+01 -1.014411e-03
4.600000e-02 4.818000e+00 4.028000e+00 2.509254e+00 7.368865e+00 2.000602e+00 4.554982e+10 5.814148e+04 2.381823e+01 -9.608865e-04
4.650000e-02 4.818000e+00 4.028000e+00 2.525242e+00 7.369218e+00 1.962469e+00 3.466084e+10 4.415163e+04 3.163734e+01 -8.525252e-04
4.700001e-02 4.818000e+00 4.028000e+00 2.545196e+00 7.369507e+00 1.849939e+00 2.103296e+10 2.666475e+04 5.100180e+01 -6.670356e-04
4.750001e-02 4.818000e+00 4.028000e+00 2.541650e+00 7.368205e+00 1.853758e+00 2.361555e+10 3.001869e+04 4.475317e+01 -6.398559e-04
4.800001e-02 4.818000e+00 4.028000e+00 2.549954e+00 7.368436e+00 1.760311e+00 1.819546e+10 2.309040e+04 5.631327e+01 -5.684495e-04
4.850001e-02 4.818000e+00 4.028000e+00 2.556867e+00 7.368814e+00 1.651591e+00 1.332917e+10 1.683315e+04 7.438593e+01 -5.324483e-04
4.900001e-02 4.818000e+00 4.028000e+00 2.557553e+00 7.368951e+00 1.619179e+00 1.303289e+10 1.647024e+04 7.477097e+01 -4.606247e-04
4.950001e-02 4.818000e+00 4.028000e+00 2.557015e+00 7.369107e+00 1.619175e+00 1.361742e+10 1.720623e+04 7.110860e+01 -4.218221e-04
5.000000e-02 4.818000e+00 4.028000e+00 2.556997e+00 7.369229e+00 1.596280e+00 1.390500e+10 1.758746e+04 6.802654e+01 -4.355907e-04
5.050000e-02 4.818000e+00 4.028000e+00 2.557740e+00 7.369131e+00 1.529546e+00 1.368893e+10 1.732505e+04 6.618115e+01 -4.045963e-04
5.100000e-02 4.818000e+00 4.028000e+00 2.557972e+00 7.369345e+00 1.474242e+00 1.397940e+10 1.772233e+04 6.219058e+01 -3.151298e-04
5.150000e-02 4.818000e+00 4.028000e+00 2.557262e+00 7.369909e+00 1.470417e+00 1.474181e+10 1.872225e+04 5.905845e+01 -2.632737e-04
5.200000e-02 4.818000e+00 4.028000e+00 2.558651e+00 7.369520e+00 1.441812e+00 1.386951e+10 1.756730e+04 6.017492e+01 -2.307296e-04
5.250001e-02 4.818000e+00 4.028000e+00 2.558442e+00 7.369308e+00 1.445626e+00 1.414825e+10 1.794315e+04 5.903144e+01 -1.267791e-04
5.300001e-02 4.818000e+00 4.028000e+00 2.557348e+00 7.369359e+00 1.462788e+00 1.502692e+10 1.905685e+04 5.677253e+01 -8.815527e-05
5.350001e-02 4.818000e+00 4.028000e+00 2.559142e+00 7.369482e+00 1.375063e+00 1.390740e+10 1.764561e+04 5.849807e+01 -6.181002e-05
5.400001e-02 4.818000e+00 4.028000e+00 2.559018e+00 7.369986e+00 1.411299e+00 1.410333e+10 1.787164e+04 5.764436e+01 -1.889467e-05
5.450001e-02 4.818000e+00 4.028000e+00 2.559784e+00 7.370254e+00 1.384599e+00 1.360459e+10 1.727867e+04 5.860841e+01 3.659725e-05
5.500000e-02 4.818000e+00 4.028000e+00 2.559377e+00 7.370335e+00 1.399861e+00 1.384708e+10 1.756461e+04 5.837930e+01 2.384186e-06
5.550000e-02 4.818000e+00 4.028000e+00 2.559217e+00 7.371745e+00 1.428454e+00 1.403664e+10 1.781459e+04 5.838134e+01 1.289845e-04
5.600000e-02 4.818000e+00 4.028000e+00 2.561303e+00 7.372981e+00 1.338824e+00 1.271105e+10 1.609724e+04 6.151741e+01 2.366304e-04
5.650000e-02 4.818000e+00 4.028000e+00 2.559997e+00 7.372268e+00 1.390321e+00 1.352031e+10 1.711481e+04 6.016002e+01 2.186298e-04
5.700000e-02 4.818000e+00 4.028000e+00 2.560301e+00 7.373107e+00 1.396030e+00 1.338581e+10 1.694953e+04 6.064316e+01 2.402067e-04
5.750000e-02 4.818000e+00 4.028000e+00 2.561300e+00 7.373628e+00 1.376973e+00 1.273746e+10 1.613195e+04 6.228917e+01 2.281666e-04
5.800001e-02 4.818000e+00 4.028000e+00 2.561122e+00 7.374966e+00 1.396049e+00 1.302248e+10 1.650326e+04 6.177262e+01 2.607107e-04
5.850001e-02 4.818000e+00 4.028000e+00 2.561264e+00 7.376802e+00 1.407470e+00 1.311435e+10 1.662712e+04 6.144250e+01 2.933741e-04
5.900001e-02 4.818000e+00 4.028000e+00 2.560977e+00 7.377249e+00 1.394129e+00 1.332027e+10 1.692180e+04 6.146100e+01 3.024340e-04
5.950001e-02 4.818000e+00 4.028000e+00 2.562748e+00 7.379500e+00 1.342633e+00 1.236460e+10 1.565602e+04 6.359062e+01 4.191399e-04
6.000000e-02 4.818000e+00 4.028000e+00 2.562775e+00 7.379849e+00 1.403665e+00 1.237520e+10 1.568316e+04 6.373592e+01 4.460812e-04
6.050000e-02 4.818000e+00 4.028000e+00 2.563160e+00 7.381361e+00 1.384587e+00 1.232922e+10 1.562047e+04 6.358451e+01 5.052090e-04
6.100000e-02 4.818000e+00 4.028000e+00 2.563143e+00 7.382285e+00 1.369343e+00 1.243431e+10 1.573946e+04 6.364735e+01 5.203485e-04
6.150000e-02 4.818000e+00 4.028000e+00 2.564464e+00 7.384724e+00 1.327391e+00 1.173470e+10 1.482726e+04 6.568905e+01 6.164312e-04
6.200000e-02 4.818000e+00 4.028000e+00 2.564590e+00 7.386745e+00 1.367433e+00 1.184334e+10 1.498304e+04 6.597683e+01 7.100105e-04
6.250000e-02 4.818000e+00 4.028000e+00 2.565972e+00 7.389385e+00 1.365539e+00 1.115618e+10 1.409437e+04 6.789983e+01 8.962154e-04
6.300000e-02 4.818000e+00 4.028000e+00 2.582348e+00 7.488263e+00 1.499010e+00 1.176886e+10 1.487776e+04 6.443136e+01 3.930092e-03
6.350000e-02 4.818000e+00 4.028000e+00 2.717878e+00 8.291990e+00 1.874744e+00 1.212466e+10 1.536024e+04 6.639294e+01 1.197100e-02
6.400000e-02 4.818000e+00 4.028000e+00 2.801044e+00 8.786394e+00 1.920507e+00 1.051646e+10 1.361928e+04 9.763393e+01 6.898284e-03
6.450000e-02 4.818000e+00 4.028000e+00 2.831845e+00 8.970847e+00 1.924350e+00 9.747170e+09 1.310470e+04 1.222368e+02 3.750443e-03
6.500000e-02 4.818000e+00 4.028000e+00 2.844602e+00 9.048664e+00 2.200850e+00 9.568387e+09 1.305546e+04 1.340524e+02 2.274513e-03
6.550000e-02 4.818000e+00 4.028000e+00 2.850052e+00 9.079722e+00 1.500910e+00 9.210663e+09 1.242912e+04 1.430544e+02 1.753926e-03
6.600000e-02 4.818000e+00 4.028000e+00 2.875469e+00 9.210460e+00 2.004430e+00 9.589805e+09 1.285312e+04 1.379107e+02 2.215266e-03
6.650000e-02 4.818000e+00 4.028000e+00 2.903283e+00 9.357944e+00 2.057836e+00 9.752162e+09 1.131072e+04 1.337065e+02 4.138470e-03
6.700000e-02 4.818000e+00 4.028000e+00 2.925680e+00 9.496510e+00 1.979664e+00 9.405321e+09 1.270221e+04 1.376101e+02 3.215075e-03
6.750000e-02 4.818000e+00 4.028000e+00 2.951725e+00 9.627428e+00 1.971995e+00 9.628479e+09 1.199538e+04 1.326305e+02 5.323768e-03
6.800000e-02 4.818000e+00 4.028000e+00 2.974126e+00 9.789463e+00 2.013962e+00 1.010733e+10 1.716304e+04 1.257553e+02 2.825022e-03
6.850000e-02 4.818000e+00 4.028000e+00 3.012550e+00 9.996757e+00 2.004411e+00 9.882080e+09 1.555796e+04 1.257908e+02 5.865812e-03
6.900001e-02 4.818000e+00 4.028000e+00 3.051997e+00 1.021842e+01 2.231397e+00 9.851246e+09 1.584331e+04 1.240128e+02 7.098317e-03
6.950001e-02 4.818000e+00 4.028000e+00 3.127736e+00 1.066349e+01 1.962478e+00 1.145698e+10 1.741210e+04 1.003274e+02 7.921100e-03
7.000000e-02 4.818000e+00 4.028000e+00 3.134912e+00 1.070487e+01 2.471513e+00 1.122313e+10 1.714422e+04 1.046364e+02 7.488370e-03
7.100000e-02 4.818000e+00 4.028000e+00 3.148541e+00 1.077978e+01 2.437170e+00 1.014894e+10 1.583256e+04 1.194168e+02 6.562829e-03
7.200000e-02 4.818000e+00 4.028000e+00 3.154472e+00 1.082569e+01 1.933895e+00 1.176439e+10 1.798617e+04 1.123934e+02 5.951643e-03
7.300001e-02 4.818000e+00 4.028000e+00 3.161667e+00 1.086809e+01 1.800503e+00 1.157024e+10 1.774518e+04 1.184791e+02 5.240202e-03
7.400001e-02 4.818000e+00 4.028000e+00 3.186988e+00 1.104010e+01 2.002527e+00 1.385793e+10 2.009324e+04 1.015307e+02 5.548954e-03
7.500001e-02 4.818000e+00 4.028000e+00 3.222601e+00 1.131515e+01 2.286607e+00 1.490674e+10 2.287638e+04 9.196754e+01 6.025553e-03
7.600001e-02 4.818000e+00 4.028000e+00 3.279012e+00 1.163344e+01 5.698773e-01 1.749023e+10 2.168757e+04 7.707182e+01 7.728338e-03
7.700001e-02 4.818000e+00 4.028000e+00 3.317186e+00 1.191368e+01 2.088313e+00 1.899741e+10 2.335164e+04 6.868436e+01 1.099634e-02
7.800002e-02 4.818000e+00 4.028000e+00 3.365145e+00 1.227464e+01 1.968145e+00 2.133874e+10 2.536056e+04 6.019973e+01 1.063049e-02
7.900002e-02 4.818000e+00 4.028000e+00 3.421887e+00 1.259166e+01 2.694670e+00 2.178732e+10 2.950428e+04 5.762967e+01 1.121926e-02
8.000000e-02 4.818000e+00 4.028000e+00 3.462555e+00 1.293680e+01 2.290420e+00 2.287266e+10 3.085308e+04 5.395892e+01 1.099145e-02
8.100000e-02 4.818000e+00 4.028000e+00 3.521426e+00 1.329669e+01 8.075058e-02 2.365048e+10 2.080512e+04 5.175842e+01 1.583576e-02
8.200000e-02 4.818000e+00 4.028000e+00 3.557993e+00 1.365472e+01 2.519536e+00 2.421123e+10 4.006245e+04 4.899871e+01 1.907110e-02
8.300000e-02 4.818000e+00 4.028000e+00 3.619149e+00 1.398766e+01 1.979751e+00 2.520330e+10 2.385664e+04 4.601875e+01 1.170993e-02
8.400001e-02 4.818000e+00 4.028000e+00 3.663105e+00 1.438192e+01 2.666265e+00 2.607982e+10 4.892900e+04 4.425456e+01 1.885641e-02
8.500001e-02 4.818000e+00 4.028000e+00 3.716983e+00 1.472328e+01 -8.512866e-01 2.813838e+10 1.859335e+04 4.252176e+01 1.467693e-02
8.600001e-02 4.818000e+00 4.028000e+00 3.733531e+00 1.483262e+01 4.477305e-01 2.526594e+10 1.756974e+04 4.594271e+01 1.413488e-02
8.700001e-02 4.818000e+00 4.028000e+00 3.783560e+00 1.525451e+01 3.326177e+00 2.548001e+10 1.482575e+04 4.423540e+01 1.477122e-02
8.800001e-02 4.818000e+00 4.028000e+00 3.847071e+00 1.570472e+01 1.975755e+00 2.606468e+10 3.376613e+04 4.140039e+01 2.101707e-02
8.900002e-02 4.818000e+00 4.028000e+00 3.895516e+00 1.619972e+01 2.254152e+00 2.764673e+10 3.047025e+04 3.995799e+01 1.396167e-02
8.000000e-02 4.818000e+00 4.028000e+00 3.462555e+00 1.293680e+01 2.290420e+00 2.287266e+10 3.085308e+04 5.395892e+01 1.099145e-02
8.100000e-02 4.818000e+00 4.028000e+00 3.521426e+00 1.329669e+01 8.075058e-02 2.365048e+10 2.080512e+04 5.175842e+01 1.583576e-02
8.200000e-02 4.818000e+00 4.028000e+00 3.557993e+00 1.365472e+01 2.519536e+00 2.421123e+10 4.006245e+04 4.899871e+01 1.907110e-02
8.300000e-02 4.818000e+00 4.028000e+00 3.619149e+00 1.398766e+01 1.979751e+00 2.520330e+10 2.385664e+04 4.601875e+01 1.170993e-02
8.400001e-02 4.818000e+00 4.028000e+00 3.663105e+00 1.438192e+01 2.666265e+00 2.607982e+10 4.892900e+04 4.425456e+01 1.885641e-02
8.500001e-02 4.818000e+00 4.028000e+00 3.716983e+00 1.472328e+01 -8.512866e-01 2.813838e+10 1.859335e+04 4.252176e+01 1.467693e-02
8.600001e-02 4.818000e+00 4.028000e+00 3.733531e+00 1.483262e+01 4.477305e-01 2.526594e+10 1.756974e+04 4.594271e+01 1.413488e-02
8.700001e-02 4.818000e+00 4.028000e+00 3.783560e+00 1.525451e+01 3.326177e+00 2.548001e+10 1.482575e+04 4.423540e+01 1.477122e-02
8.800001e-02 4.818000e+00 4.028000e+00 3.847071e+00 1.570472e+01 1.975755e+00 2.606468e+10 3.376613e+04 4.140039e+01 2.101707e-02
8.900002e-02 4.818000e+00 4.028000e+00 3.895516e+00 1.619972e+01 2.254152e+00 2.764673e+10 3.047025e+04 3.995799e+01 1.396167e-02
9.000000e-02 4.818000e+00 4.028000e+00 3.963430e+00 1.665402e+01 6.256707e-01 2.781091e+10 4.574739e+04 3.912993e+01 1.929390e-02
9.100001e-02 4.818000e+00 4.028000e+00 4.007514e+00 1.704502e+01 7.610916e-02 2.794441e+10 3.662709e+04 3.896328e+01 1.027405e-02
9.200001e-02 4.818000e+00 4.028000e+00 4.070164e+00 1.741431e+01 1.694379e+00 2.889119e+10 2.223492e+04 3.871638e+01 1.483405e-02
9.300001e-02 4.818000e+00 4.028000e+00 4.102186e+00 1.781946e+01 6.426743e-01 2.897419e+10 3.758432e+04 3.794148e+01 2.409673e-02
9.400001e-02 4.818000e+00 4.028000e+00 4.162222e+00 1.829889e+01 1.889979e+00 2.935397e+10 2.231055e+04 3.748689e+01 1.402736e-02
9.500001e-02 4.818000e+00 4.028000e+00 4.192023e+00 1.866359e+01 1.146012e+00 3.007167e+10 5.758614e+04 3.597195e+01 1.755488e-02
9.600002e-02 4.818000e+00 4.028000e+00 4.249282e+00 1.906556e+01 1.585170e+00 3.097985e+10 4.249218e+04 3.611013e+01 1.887619e-02
9.700002e-02 4.818000e+00 4.028000e+00 4.308352e+00 1.942601e+01 2.735317e+00 3.171728e+10 4.982842e+04 3.518029e+01 2.257192e-02
9.800002e-02 4.818000e+00 4.028000e+00 4.339679e+00 1.982846e+01 2.461973e+00 3.263105e+10 3.016607e+04 3.542554e+01 1.232457e-02
9.900002e-02 4.818000e+00 4.028000e+00 4.412979e+00 2.035973e+01 4.526476e+00 3.211796e+10 6.244761e+04 3.530878e+01 8.763790e-03
