#./underdamped_3d --dev=0 --amp=4.818 --omega=4.028 --force=0.1 --gam=0.022 --Dg=3e-05 --block=1024 --paths=65536 --periods=500000 --trans=499500 --samples=20 --spp=200 --algorithm=predcorr --pav=1 --mode=moments --domain=3d --domainx=f:0.07:0.075:10:0 --domainy=a:4.818:4.818:1:0 --domainz=w:4.028:4.028:1:0 --q=2 --eps=0 --phi=0 --lambda=0 --Dp=0 --comp=0 --mean=0 >> ./data/3d-faw-D3e-05-g0.022-a4.818-w4.028-spp200-part3.dat
#f a w <<v>> <<v^2>> qnu(q) mu_q Dx Gx EBx
0.000000e+00 4.818000e+00 4.028000e+00 5.477329e-04 7.302352e+00 2.165799e+00 6.199195e+13 9.935803e+06 -6.650787e-01 1.140046e-02
5.000000e-04 4.818000e+00 4.028000e+00 1.549330e-02 7.302353e+00 2.129570e+00 6.267589e+13 1.004546e+07 -6.659849e-01 1.139927e-02
9.999999e-04 4.818000e+00 4.028000e+00 1.815183e-02 7.302371e+00 2.009448e+00 6.334391e+13 1.015302e+07 -6.664653e-01 1.141798e-02
1.500000e-03 4.818000e+00 4.028000e+00 3.333148e-02 7.302401e+00 2.251593e+00 6.361469e+13 1.019532e+07 -6.664623e-01 1.139951e-02
2.000000e-03 4.818000e+00 4.028000e+00 7.049786e-02 7.302444e+00 2.024694e+00 6.367017e+13 1.020513e+07 -6.656682e-01 1.134539e-02
2.500000e-03 4.818000e+00 4.028000e+00 7.941619e-02 7.302526e+00 1.868396e+00 6.369077e+13 1.020949e+07 -6.653197e-01 1.137173e-02
3.000000e-03 4.818000e+00 4.028000e+00 8.659882e-02 7.340578e+00 0.000000e+00 6.329735e+14 4.055766e+06 -6.656313e-01 -nan
3.500000e-03 4.818000e+00 4.028000e+00 9.807447e-02 7.340758e+00 0.000000e+00 6.326237e+14 4.054473e+06 -6.652095e-01 3.276700e+04
4.000000e-03 4.818000e+00 4.028000e+00 1.219231e-01 7.341018e+00 0.000000e+00 6.316834e+14 4.051457e+06 -6.634215e-01 2.359196e+04
4.500000e-03 4.818000e+00 4.028000e+00 1.208440e-01 7.341315e+00 0.000000e+00 6.316501e+14 4.049786e+06 -6.637087e-01 2.091579e+03
5.000000e-03 4.818000e+00 4.028000e+00 1.309959e-01 7.341630e+00 0.000000e+00 6.316746e+14 4.047293e+06 -6.634581e-01 1.225210e+03
5.500000e-03 4.818000e+00 4.028000e+00 1.175886e-01 7.341825e+00 -3.812068e-03 6.311490e+14 4.046599e+06 -6.635008e-01 6.764045e+02
6.000000e-03 4.818000e+00 4.028000e+00 8.226768e-02 7.341746e+00 7.623112e-03 6.307412e+14 4.042754e+06 -6.645736e-01 3.003555e+02
6.500000e-03 4.818000e+00 4.028000e+00 -1.199526e-01 7.341299e+00 1.904520e-02 6.274557e+14 4.021696e+06 -6.631936e-01 9.894137e+01
7.000000e-03 4.818000e+00 4.028000e+00 -3.884347e-01 7.340848e+00 -9.535013e-02 6.131270e+14 3.932599e+06 -6.418298e-01 4.991693e+01
7.500000e-03 4.818000e+00 4.028000e+00 -1.019378e+00 7.340051e+00 -4.840757e-01 5.407583e+14 3.467054e+06 -4.805028e-01 2.727009e+01
8.000000e-03 4.818000e+00 4.028000e+00 -1.774822e+00 7.339644e+00 -1.590041e+00 3.681397e+14 2.361631e+06 1.826099e-01 2.140692e+01
8.500000e-03 4.818000e+00 4.028000e+00 -2.405142e+00 7.339449e+00 -2.428699e+00 1.327951e+14 8.517654e+05 3.798898e+00 3.166991e+01
9.000001e-03 4.818000e+00 4.028000e+00 -2.610476e+00 7.339476e+00 -4.236032e+00 2.691010e+13 1.726352e+05 2.460963e+01 8.149706e+01
9.500001e-03 4.818000e+00 4.028000e+00 -2.647244e+00 7.339490e+00 -7.722796e+00 1.363585e+12 8.747210e+03 4.539180e+02 7.538055e+02
1.000000e-02 4.818000e+00 4.028000e+00 -2.648538e+00 7.339447e+00 -2.867892e+01 2.923072e+09 1.892963e+01 2.184377e+04 6.553500e+04
1.050000e-02 4.818000e+00 4.028000e+00 -2.648539e+00 7.339410e+00 -nan 0.000000e+00 0.000000e+00 -nan -nan
1.100000e-02 4.818000e+00 4.028000e+00 -2.648543e+00 7.339377e+00 -nan 0.000000e+00 0.000000e+00 -nan -nan
1.150000e-02 4.818000e+00 4.028000e+00 -2.648548e+00 7.339345e+00 -nan 0.000000e+00 0.000000e+00 -nan -nan
1.200000e-02 4.818000e+00 4.028000e+00 -2.648553e+00 7.339325e+00 -nan 0.000000e+00 0.000000e+00 -nan -nan
1.250000e-02 4.818000e+00 4.028000e+00 -2.648557e+00 7.339291e+00 -nan 0.000000e+00 0.000000e+00 -nan -nan
1.300000e-02 4.818000e+00 4.028000e+00 -2.559505e+00 7.305277e+00 7.435419e-02 4.205607e+12 6.739527e+05 2.731395e+00 1.323962e-02
1.350000e-02 4.818000e+00 4.028000e+00 -2.562391e+00 7.305440e+00 3.357102e-07 2.168599e+12 3.473123e+05 2.915912e+00 1.240444e-02
1.400000e-02 4.818000e+00 4.028000e+00 -2.562469e+00 7.305480e+00 1.334757e-02 1.055709e+12 1.692252e+05 2.937748e+00 1.180470e-02
1.450000e-02 4.818000e+00 4.028000e+00 -2.562469e+00 7.305735e+00 9.530343e-03 5.813963e+11 9.297904e+04 2.679331e+00 1.157248e-02
1.500000e-02 4.818000e+00 4.028000e+00 -2.562469e+00 7.306900e+00 -9.535510e-03 3.113492e+11 4.979985e+04 3.065832e+00 1.145554e-02
1.550000e-02 4.818000e+00 4.028000e+00 -2.562470e+00 7.309122e+00 3.813738e-03 1.803885e+11 2.863644e+04 3.219807e+00 1.146746e-02
1.600000e-02 4.818000e+00 4.028000e+00 -2.562471e+00 7.312098e+00 -1.078850e-06 1.050111e+11 1.668980e+04 2.804649e+00 1.145673e-02
1.650000e-02 4.818000e+00 4.028000e+00 -2.562470e+00 7.314844e+00 -9.538787e-03 6.410619e+10 1.016190e+04 2.889028e+00 1.142812e-02
1.700000e-02 4.818000e+00 4.028000e+00 -2.562471e+00 7.316439e+00 -9.538324e-03 4.194755e+10 6.538655e+03 2.865957e+00 1.148999e-02
1.750000e-02 4.818000e+00 4.028000e+00 -2.562471e+00 7.317122e+00 -1.906772e-02 2.757603e+10 4.145562e+03 2.818881e+00 1.149845e-02
1.800000e-02 4.818000e+00 4.028000e+00 -2.562472e+00 7.317263e+00 -2.097473e-02 1.883906e+10 2.908011e+03 2.702981e+00 1.147532e-02
1.850000e-02 4.818000e+00 4.028000e+00 -2.562473e+00 7.317307e+00 -2.860320e-02 1.369126e+10 1.888930e+03 2.697423e+00 1.147497e-02
1.900000e-02 4.818000e+00 4.028000e+00 -2.562473e+00 7.317349e+00 -4.384786e-02 1.021748e+10 1.467450e+03 2.537968e+00 1.149738e-02
1.949999e-02 4.818000e+00 4.028000e+00 -2.562473e+00 7.317436e+00 -4.576408e-02 7.989610e+09 9.841257e+02 2.529843e+00 1.146948e-02
2.000000e-02 4.818000e+00 4.028000e+00 -2.562285e+00 7.315958e+00 -1.406379e-06 6.691267e+09 4.268074e+03 2.694497e+00 7.653236e-05
2.050000e-02 4.818000e+00 4.028000e+00 -2.562280e+00 7.316742e+00 -1.546978e-06 5.497225e+09 3.473009e+03 2.379030e+00 9.214878e-05
2.100000e-02 4.818000e+00 4.028000e+00 -2.562281e+00 7.317356e+00 -1.144337e-02 4.782416e+09 3.062957e+03 2.337168e+00 8.320808e-05
2.150000e-02 4.818000e+00 4.028000e+00 -2.562281e+00 7.317507e+00 3.813221e-03 4.351688e+09 2.795246e+03 2.174128e+00 7.879734e-05
2.200000e-02 4.818000e+00 4.028000e+00 -2.562284e+00 7.317583e+00 1.905560e-03 4.131015e+09 2.601480e+03 2.164050e+00 8.141994e-05
2.250000e-02 4.818000e+00 4.028000e+00 -2.562280e+00 7.317635e+00 -5.719894e-03 4.153099e+09 2.614420e+03 2.144576e+00 8.141994e-05
2.299999e-02 4.818000e+00 4.028000e+00 -2.562284e+00 7.317686e+00 -7.630944e-03 4.208553e+09 2.666685e+03 2.073638e+00 7.975101e-05
2.349999e-02 4.818000e+00 4.028000e+00 -2.562284e+00 7.317753e+00 -1.935201e-06 4.441976e+09 2.818606e+03 1.950321e+00 8.726120e-05
2.399999e-02 4.818000e+00 4.028000e+00 -2.562282e+00 7.317847e+00 9.533293e-03 4.775491e+09 3.047328e+03 2.045189e+00 7.534027e-05
2.449999e-02 4.818000e+00 4.028000e+00 -2.562284e+00 7.317941e+00 7.627729e-03 4.895486e+09 3.121944e+03 2.217227e+00 7.498264e-05
2.499999e-02 4.818000e+00 4.028000e+00 -2.562281e+00 7.318146e+00 7.628964e-03 4.993709e+09 3.186813e+03 2.389156e+00 6.747246e-05
2.549999e-02 4.818000e+00 4.028000e+00 -2.562283e+00 7.318552e+00 1.908579e-03 4.883159e+09 3.117742e+03 2.030404e+00 7.033348e-05
2.599999e-02 4.818000e+00 4.028000e+00 -2.562284e+00 7.318893e+00 7.626400e-03 4.753246e+09 3.020607e+03 2.000751e+00 7.843971e-05
2.649999e-02 4.818000e+00 4.028000e+00 -2.562280e+00 7.319025e+00 1.090840e-06 4.871294e+09 3.104634e+03 2.229992e+00 7.998943e-05
2.699999e-02 4.818000e+00 4.028000e+00 -2.562281e+00 7.319127e+00 -5.623988e-07 5.169222e+09 3.316887e+03 1.926598e+00 7.307529e-05
2.749999e-02 4.818000e+00 4.028000e+00 -2.562282e+00 7.319286e+00 1.906486e-03 6.233189e+09 4.005573e+03 2.256434e+00 7.629395e-05
2.799999e-02 4.818000e+00 4.028000e+00 -2.562283e+00 7.319600e+00 -3.811315e-03 7.234425e+09 4.649557e+03 1.684454e+00 7.307529e-05
2.849999e-02 4.818000e+00 4.028000e+00 -2.562283e+00 7.319840e+00 9.767579e-08 9.067315e+09 5.807115e+03 1.950516e+00 8.344650e-05
2.899998e-02 4.818000e+00 4.028000e+00 -2.562283e+00 7.320032e+00 3.815189e-03 1.127966e+10 7.194738e+03 2.089274e+00 7.259846e-05
2.949998e-02 4.818000e+00 4.028000e+00 -2.562279e+00 7.320205e+00 -3.813354e-03 1.338980e+10 8.601017e+03 1.938824e+00 7.176399e-05
2.999998e-02 4.818000e+00 4.028000e+00 -2.562282e+00 7.320316e+00 1.819402e-06 1.619021e+10 1.037147e+04 1.958266e+00 5.972385e-05
3.049998e-02 4.818000e+00 4.028000e+00 -2.562284e+00 7.320372e+00 -1.533815e-07 1.919551e+10 1.229922e+04 2.008765e+00 7.963181e-05
3.099998e-02 4.818000e+00 4.028000e+00 -2.562280e+00 7.320430e+00 3.814477e-03 2.346300e+10 1.504035e+04 1.907914e+00 8.690357e-05
3.149998e-02 4.818000e+00 4.028000e+00 -2.562231e+00 7.320453e+00 3.813208e-03 3.007457e+10 1.928473e+04 2.131932e+00 8.976460e-05
3.199998e-02 4.818000e+00 4.028000e+00 -2.562236e+00 7.320556e+00 5.719435e-03 4.050847e+10 2.596741e+04 1.893160e+00 1.003742e-04
3.249998e-02 4.818000e+00 4.028000e+00 -2.561953e+00 7.320312e+00 1.906776e-02 5.610580e+10 3.598613e+04 1.899119e+00 1.374483e-04
3.299998e-02 4.818000e+00 4.028000e+00 -2.560946e+00 7.319871e+00 5.148283e-02 7.944927e+10 5.092985e+04 1.780423e+00 2.695322e-04
3.349999e-02 4.818000e+00 4.028000e+00 -2.558079e+00 7.317609e+00 1.144069e-01 1.080706e+11 6.928827e+04 1.607204e+00 5.811453e-04
3.399999e-02 4.818000e+00 4.028000e+00 -2.553443e+00 7.311736e+00 1.735170e-01 1.440407e+11 9.235690e+04 1.253470e+00 1.131773e-03
3.449999e-02 4.818000e+00 4.028000e+00 -2.539453e+00 7.291610e+00 3.260576e-01 1.922266e+11 1.232449e+05 9.634736e-01 2.786160e-03
3.499999e-02 4.818000e+00 4.028000e+00 -2.523542e+00 7.269510e+00 4.347444e-01 2.371013e+11 1.520268e+05 6.716264e-01 4.616976e-03
3.549999e-02 4.818000e+00 4.028000e+00 -2.503690e+00 7.242242e+00 5.548713e-01 2.733394e+11 1.752166e+05 4.809115e-01 6.932020e-03
3.599999e-02 4.818000e+00 4.028000e+00 -2.491455e+00 7.224355e+00 6.063545e-01 2.969117e+11 1.903613e+05 3.641353e-01 8.491158e-03
3.649999e-02 4.818000e+00 4.028000e+00 -2.475738e+00 7.203610e+00 6.826245e-01 3.169684e+11 2.031850e+05 2.926311e-01 1.017904e-02
3.699999e-02 4.818000e+00 4.028000e+00 -2.473733e+00 7.200377e+00 6.845327e-01 3.214894e+11 2.060926e+05 2.588772e-01 1.045203e-02
3.749999e-02 4.818000e+00 4.028000e+00 -2.460362e+00 7.182695e+00 7.474555e-01 3.354296e+11 2.150180e+05 2.210153e-01 1.192462e-02
3.800000e-02 4.818000e+00 4.028000e+00 -2.448840e+00 7.164926e+00 7.894062e-01 3.509020e+11 2.249705e+05 1.622548e-01 1.339066e-02
3.850000e-02 4.818000e+00 4.028000e+00 -2.423464e+00 7.128552e+00 8.637686e-01 3.800658e+11 2.436591e+05 5.619097e-02 1.635170e-02
3.900000e-02 4.818000e+00 4.028000e+00 -2.376718e+00 7.061686e+00 9.991500e-01 4.221532e+11 2.706290e+05 -6.737250e-02 2.179110e-02
3.950000e-02 4.818000e+00 4.028000e+00 -2.319174e+00 6.977448e+00 1.126905e+00 4.658499e+11 2.986615e+05 -1.887460e-01 2.874804e-02
4.000000e-02 4.818000e+00 4.028000e+00 -2.256240e+00 6.888796e+00 1.258467e+00 5.104505e+11 3.272364e+05 -2.481443e-01 3.624833e-02
4.050000e-02 4.818000e+00 4.028000e+00 -2.216811e+00 6.835774e+00 1.342368e+00 5.299837e+11 3.397538e+05 -2.624922e-01 4.073370e-02
4.100000e-02 4.818000e+00 4.028000e+00 -2.227820e+00 6.854513e+00 1.332834e+00 5.229595e+11 3.352611e+05 -2.345803e-01 3.919899e-02
4.150000e-02 4.818000e+00 4.028000e+00 -2.265585e+00 6.908483e+00 1.247030e+00 5.048157e+11 3.236258e+05 -1.786513e-01 3.478003e-02
4.200000e-02 4.818000e+00 4.028000e+00 -2.281513e+00 6.935372e+00 1.220338e+00 4.986554e+11 3.196795e+05 -1.016595e-01 3.272080e-02
4.250000e-02 4.818000e+00 4.028000e+00 -2.273130e+00 6.924349e+00 1.245126e+00 5.021237e+11 3.219016e+05 -1.138300e-01 3.368175e-02
4.300001e-02 4.818000e+00 4.028000e+00 -2.209395e+00 6.834509e+00 1.346185e+00 5.412311e+11 3.469810e+05 -2.047534e-01 4.109633e-02
4.350001e-02 4.818000e+00 4.028000e+00 -2.081615e+00 6.653541e+00 1.554023e+00 5.886782e+11 3.773914e+05 -3.245765e-01 5.600715e-02
4.400001e-02 4.818000e+00 4.028000e+00 -1.899896e+00 6.394170e+00 1.754228e+00 6.343965e+11 4.066939e+05 -4.303425e-01 7.720375e-02
4.450001e-02 4.818000e+00 4.028000e+00 -1.639368e+00 6.019701e+00 1.996386e+00 6.580333e+11 4.218460e+05 -4.399604e-01 1.081420e-01
4.500001e-02 4.818000e+00 4.028000e+00 -1.369355e+00 5.638308e+00 2.206136e+00 6.430962e+11 4.122709e+05 -3.973229e-01 1.372900e-01
4.550001e-02 4.818000e+00 4.028000e+00 -1.080327e+00 5.232675e+00 2.383473e+00 5.889532e+11 3.775612e+05 -2.511896e-01 1.647124e-01
4.600001e-02 4.818000e+00 4.028000e+00 -7.120509e-01 4.709092e+00 2.545547e+00 4.951536e+11 3.174284e+05 1.213180e-01 1.896946e-01
4.650001e-02 4.818000e+00 4.028000e+00 -3.652694e-01 4.238562e+00 2.705711e+00 3.606645e+11 2.312123e+05 9.628710e-01 1.904919e-01
4.700001e-02 4.818000e+00 4.028000e+00 -9.339070e-02 3.865753e+00 2.778171e+00 2.387574e+11 1.530612e+05 2.541328e+00 1.639540e-01
4.750001e-02 4.818000e+00 4.028000e+00 9.013584e-02 3.625198e+00 2.774360e+00 1.512510e+11 9.696347e+04 5.523743e+00 1.270528e-01
4.800002e-02 4.818000e+00 4.028000e+00 1.983181e-01 3.477293e+00 2.717154e+00 9.199855e+10 5.897892e+04 1.108192e+01 9.147465e-02
4.850002e-02 4.818000e+00 4.028000e+00 2.722976e-01 3.380901e+00 2.541731e+00 5.167548e+10 3.312821e+04 2.392900e+01 6.407166e-02
4.900002e-02 4.818000e+00 4.028000e+00 3.104341e-01 3.335253e+00 2.276686e+00 3.188516e+10 2.044292e+04 4.564213e+01 4.755294e-02
4.950002e-02 4.818000e+00 4.028000e+00 3.234984e-01 3.321150e+00 2.068852e+00 2.495542e+10 1.600014e+04 6.431092e+01 4.089105e-02
5.000002e-02 4.818000e+00 4.028000e+00 3.339779e-01 3.324501e+00 2.009739e+00 2.199985e+10 1.410516e+04 7.530835e+01 4.144371e-02
5.050002e-02 4.818000e+00 4.028000e+00 3.325557e-01 3.319225e+00 1.998300e+00 2.248836e+10 1.441896e+04 7.390475e+01 4.108298e-02
5.100002e-02 4.818000e+00 4.028000e+00 3.334380e-01 3.323774e+00 2.000207e+00 2.515188e+10 1.612605e+04 6.605441e+01 4.094291e-02
5.150002e-02 4.818000e+00 4.028000e+00 3.351820e-01 3.320421e+00 1.994487e+00 2.259814e+10 1.448917e+04 7.363318e+01 3.901911e-02
5.200002e-02 4.818000e+00 4.028000e+00 3.363915e-01 3.323065e+00 1.996393e+00 2.361255e+10 1.514027e+04 7.045979e+01 3.919685e-02
5.250002e-02 4.818000e+00 4.028000e+00 3.385855e-01 3.323520e+00 1.994484e+00 2.349101e+10 1.506150e+04 7.074725e+01 4.095149e-02
5.300003e-02 4.818000e+00 4.028000e+00 3.429406e-01 3.321313e+00 1.998298e+00 2.073102e+10 1.329261e+04 8.006944e+01 4.047191e-02
5.350003e-02 4.818000e+00 4.028000e+00 3.412548e-01 3.326430e+00 2.000206e+00 2.499057e+10 1.602322e+04 6.652779e+01 4.061723e-02
5.400003e-02 4.818000e+00 4.028000e+00 3.449213e-01 3.328997e+00 1.998301e+00 2.334653e+10 1.496959e+04 7.123302e+01 4.014111e-02
5.450003e-02 4.818000e+00 4.028000e+00 3.482894e-01 3.333532e+00 2.000204e+00 2.561738e+10 1.642557e+04 6.473199e+01 4.269516e-02
5.500003e-02 4.818000e+00 4.028000e+00 3.516425e-01 3.338094e+00 1.998302e+00 2.575795e+10 1.651539e+04 6.434510e+01 4.330337e-02
5.550003e-02 4.818000e+00 4.028000e+00 3.525749e-01 3.335003e+00 1.994483e+00 2.339094e+10 1.499790e+04 7.102668e+01 4.064751e-02
5.600003e-02 4.818000e+00 4.028000e+00 3.549916e-01 3.339705e+00 1.994489e+00 2.454884e+10 1.574002e+04 6.763917e+01 4.114878e-02
5.650003e-02 4.818000e+00 4.028000e+00 3.595327e-01 3.347289e+00 2.000205e+00 2.602426e+10 1.668760e+04 6.359144e+01 4.398847e-02
5.700003e-02 4.818000e+00 4.028000e+00 3.617816e-01 3.350887e+00 1.996395e+00 2.622866e+10 1.681761e+04 6.321603e+01 4.241908e-02
5.750003e-02 4.818000e+00 4.028000e+00 3.643271e-01 3.351244e+00 2.002111e+00 2.402904e+10 1.540744e+04 6.896540e+01 4.151773e-02
5.800004e-02 4.818000e+00 4.028000e+00 3.702717e-01 3.361915e+00 1.988763e+00 2.625744e+10 1.683650e+04 6.283648e+01 4.423010e-02
5.850004e-02 4.818000e+00 4.028000e+00 3.722129e-01 3.365028e+00 1.962072e+00 2.872459e+10 1.841771e+04 5.649327e+01 4.562593e-02
5.900004e-02 4.818000e+00 4.028000e+00 3.796147e-01 3.377594e+00 1.906775e+00 3.085731e+10 1.978487e+04 5.055531e+01 4.810584e-02
5.950004e-02 4.818000e+00 4.028000e+00 3.867935e-01 3.389939e+00 1.967788e+00 3.448390e+10 2.210946e+04 4.450201e+01 5.203819e-02
6.000004e-02 4.818000e+00 4.028000e+00 3.930782e-01 3.404577e+00 1.996393e+00 3.909600e+10 2.506629e+04 3.890242e+01 5.552745e-02
6.050004e-02 4.818000e+00 4.028000e+00 3.989689e-01 3.413210e+00 1.996394e+00 3.938255e+10 2.525034e+04 3.800148e+01 5.659699e-02
6.100004e-02 4.818000e+00 4.028000e+00 4.072444e-01 3.430013e+00 1.998299e+00 4.156761e+10 2.665248e+04 3.561167e+01 5.762672e-02
6.150004e-02 4.818000e+00 4.028000e+00 4.192132e-01 3.454546e+00 1.996392e+00 4.920140e+10 3.154438e+04 2.929793e+01 6.550372e-02
6.200004e-02 4.818000e+00 4.028000e+00 4.313659e-01 3.479511e+00 2.007834e+00 5.300777e+10 3.398535e+04 2.678345e+01 6.885588e-02
6.250004e-02 4.818000e+00 4.028000e+00 7.011185e-01 4.104221e+00 2.602748e+00 1.741637e+11 1.116484e+05 3.728231e+00 2.384101e-01
6.300005e-02 4.818000e+00 4.028000e+00 2.849703e+00 9.129361e+00 6.502091e-01 1.948761e+11 1.249288e+05 3.869604e+00 5.363703e-03
6.350005e-02 4.818000e+00 4.028000e+00 2.878277e+00 9.192760e+00 1.796184e+00 3.338257e+10 2.139566e+04 1.514158e+02 8.701086e-04
6.400005e-02 4.818000e+00 4.028000e+00 2.878123e+00 9.192592e+00 1.984949e+00 3.099425e+10 1.992619e+04 1.863404e+02 8.279085e-04
6.450005e-02 4.818000e+00 4.028000e+00 2.879418e+00 9.193220e+00 2.004027e+00 2.673380e+10 1.728572e+04 2.190238e+02 8.167028e-04
6.500005e-02 4.818000e+00 4.028000e+00 2.876413e+00 9.192619e+00 1.988759e+00 3.687361e+10 2.385160e+04 1.593651e+02 8.556843e-04
6.550005e-02 4.818000e+00 4.028000e+00 2.876927e+00 9.193385e+00 1.996385e+00 3.553529e+10 2.301805e+04 1.654719e+02 8.621216e-04
6.600005e-02 4.818000e+00 4.028000e+00 2.878051e+00 9.195054e+00 1.944882e+00 3.257706e+10 2.100712e+04 1.805255e+02 8.783340e-04
6.650005e-02 4.818000e+00 4.028000e+00 2.931526e+00 9.511068e+00 2.082210e+00 3.676973e+10 2.360456e+04 1.560542e+02 1.511574e-03
6.700005e-02 4.818000e+00 4.028000e+00 2.945034e+00 9.581118e+00 1.996392e+00 3.032231e+10 1.909701e+04 1.891109e+02 1.345992e-03
6.750005e-02 4.818000e+00 4.028000e+00 2.980084e+00 9.784495e+00 1.925876e+00 3.132926e+10 2.099939e+04 1.797196e+02 1.708388e-03
6.800006e-02 4.818000e+00 4.028000e+00 3.002712e+00 9.928508e+00 2.074544e+00 3.827287e+10 2.649543e+04 1.491616e+02 1.831174e-03
6.850006e-02 4.818000e+00 4.028000e+00 3.038151e+00 1.013423e+01 2.011645e+00 3.354843e+10 2.201443e+04 1.666549e+02 2.265692e-03
6.900006e-02 4.818000e+00 4.028000e+00 3.145017e+00 1.074426e+01 1.962060e+00 4.405606e+10 2.882534e+04 1.215637e+02 4.055142e-03
6.950006e-02 4.818000e+00 4.028000e+00 3.155119e+00 1.080327e+01 2.055539e+00 4.280770e+10 2.815547e+04 1.296800e+02 3.346562e-03
7.000000e-02 4.818000e+00 4.028000e+00 3.167355e+00 1.087168e+01 1.880042e+00 3.944590e+10 2.595094e+04 1.462596e+02 2.417445e-03
7.050000e-02 4.818000e+00 4.028000e+00 3.183782e+00 1.096339e+01 1.836181e+00 3.480470e+10 2.298780e+04 1.763324e+02 1.127601e-03
7.100000e-02 4.818000e+00 4.028000e+00 3.193486e+00 1.101965e+01 2.082230e+00 3.280047e+10 2.167160e+04 2.002766e+02 2.979040e-04
7.150000e-02 4.818000e+00 4.028000e+00 3.193758e+00 1.102257e+01 1.939173e+00 3.331509e+10 2.204704e+04 2.002630e+02 2.573729e-04
7.200000e-02 4.818000e+00 4.028000e+00 3.194546e+00 1.102308e+01 1.799924e+00 3.051360e+10 2.026566e+04 2.191859e+02 2.325773e-04
7.250001e-02 4.818000e+00 4.028000e+00 3.192440e+00 1.102175e+01 1.973491e+00 3.791618e+10 2.503067e+04 1.759427e+02 2.933741e-04
7.300001e-02 4.818000e+00 4.028000e+00 3.193319e+00 1.102232e+01 1.754147e+00 3.483387e+10 2.299520e+04 1.917396e+02 2.676249e-04
7.350001e-02 4.818000e+00 4.028000e+00 3.192178e+00 1.102160e+01 1.992566e+00 3.883887e+10 2.560643e+04 1.717483e+02 2.976656e-04
7.400001e-02 4.818000e+00 4.028000e+00 3.215095e+00 1.117611e+01 2.381687e+00 3.735776e+10 2.483170e+04 1.736320e+02 8.914471e-04
7.450001e-02 4.818000e+00 4.028000e+00 3.230983e+00 1.129025e+01 2.040279e+00 4.413185e+10 2.874904e+04 1.440411e+02 1.586437e-03
7.500000e-02 4.818000e+00 4.028000e+00 3.248664e+00 1.141691e+01 2.108965e+00 5.088077e+10 3.209029e+04 1.227619e+02 2.291083e-03
7.550000e-02 4.818000e+00 4.028000e+00 3.274810e+00 1.158588e+01 2.089852e+00 4.570760e+10 2.891978e+04 1.311006e+02 3.137350e-03
7.600001e-02 4.818000e+00 4.028000e+00 3.298837e+00 1.174975e+01 1.851520e+00 4.832274e+10 3.289091e+04 1.209800e+02 3.513932e-03
7.650001e-02 4.818000e+00 4.028000e+00 3.317962e+00 1.189766e+01 2.053589e+00 6.185790e+10 4.298122e+04 9.556416e+01 4.628301e-03
7.700001e-02 4.818000e+00 4.028000e+00 3.341131e+00 1.204130e+01 1.992543e+00 5.713506e+10 3.750904e+04 9.928349e+01 5.111933e-03
7.750001e-02 4.818000e+00 4.028000e+00 3.359221e+00 1.218698e+01 2.042154e+00 7.321900e+10 4.690193e+04 7.937339e+01 5.701065e-03
7.800001e-02 4.818000e+00 4.028000e+00 3.382740e+00 1.235687e+01 2.093609e+00 7.992845e+10 5.143132e+04 7.237060e+01 6.644607e-03
7.850001e-02 4.818000e+00 4.028000e+00 3.409409e+00 1.253400e+01 2.112749e+00 7.636642e+10 4.663808e+04 7.425533e+01 6.857991e-03
7.900001e-02 4.818000e+00 4.028000e+00 3.436014e+00 1.272064e+01 1.897181e+00 7.496020e+10 4.469235e+04 7.423497e+01 7.282019e-03
7.950001e-02 4.818000e+00 4.028000e+00 3.459560e+00 1.288907e+01 1.914430e+00 7.860269e+10 4.661388e+04 7.053999e+01 8.094192e-03
8.000000e-02 4.818000e+00 4.028000e+00 3.487799e+00 1.307391e+01 1.868614e+00 7.321566e+10 4.512089e+04 7.310094e+01 7.882357e-03
8.050000e-02 4.818000e+00 4.028000e+00 3.513231e+00 1.325707e+01 2.112570e+00 7.962417e+10 5.280769e+04 6.829707e+01 8.714318e-03
8.100000e-02 4.818000e+00 4.028000e+00 3.538070e+00 1.343464e+01 2.181258e+00 8.475071e+10 5.837162e+04 6.474654e+01 8.592010e-03
8.150000e-02 4.818000e+00 4.028000e+00 3.565657e+00 1.362119e+01 1.771317e+00 8.170638e+10 5.471914e+04 6.588388e+01 9.033799e-03
8.200000e-02 4.818000e+00 4.028000e+00 3.586519e+00 1.377308e+01 1.841968e+00 8.387851e+10 5.570998e+04 6.336646e+01 9.330750e-03
8.250000e-02 4.818000e+00 4.028000e+00 3.608893e+00 1.394800e+01 2.057413e+00 8.872944e+10 6.057079e+04 6.049844e+01 1.010239e-02
8.300000e-02 4.818000e+00 4.028000e+00 3.632766e+00 1.411984e+01 1.649361e+00 8.456688e+10 4.995245e+04 6.132349e+01 9.875655e-03
8.350001e-02 4.818000e+00 4.028000e+00 3.658016e+00 1.430513e+01 2.120216e+00 8.549637e+10 5.142090e+04 6.018764e+01 1.054430e-02
8.400001e-02 4.818000e+00 4.028000e+00 3.727382e+00 1.480145e+01 2.248152e+00 9.297840e+10 6.346502e+04 5.366513e+01 1.209450e-02
8.450001e-02 4.818000e+00 4.028000e+00 3.730324e+00 1.484015e+01 2.541616e+00 1.032823e+11 7.026718e+04 5.222667e+01 1.166427e-02
8.500000e-02 4.818000e+00 4.028000e+00 3.740649e+00 1.489089e+01 1.548305e+00 8.726000e+10 6.016342e+04 5.883964e+01 1.087856e-02
8.550000e-02 4.818000e+00 4.028000e+00 3.746017e+00 1.493137e+01 2.089700e+00 8.760560e+10 6.048071e+04 6.051041e+01 1.032710e-02
8.600000e-02 4.818000e+00 4.028000e+00 3.750807e+00 1.496618e+01 2.270974e+00 8.702194e+10 6.014998e+04 6.230907e+01 9.854913e-03
8.650000e-02 4.818000e+00 4.028000e+00 3.779299e+00 1.517895e+01 1.962005e+00 8.316608e+10 5.825096e+04 6.301772e+01 9.978294e-03
8.700000e-02 4.818000e+00 4.028000e+00 3.804407e+00 1.538758e+01 1.908692e+00 8.988529e+10 6.114284e+04 6.011359e+01 1.010954e-02
8.750001e-02 4.818000e+00 4.028000e+00 3.836423e+00 1.561897e+01 1.967769e+00 7.695719e+10 5.188910e+04 6.386909e+01 1.003015e-02
8.800001e-02 4.818000e+00 4.028000e+00 3.866001e+00 1.587070e+01 1.784608e+00 8.894190e+10 6.205638e+04 6.066431e+01 1.026452e-02
8.850001e-02 4.818000e+00 4.028000e+00 3.897375e+00 1.611055e+01 1.815261e+00 9.007173e+10 5.613146e+04 6.042380e+01 1.014209e-02
8.900001e-02 4.818000e+00 4.028000e+00 3.942384e+00 1.645107e+01 1.363531e+00 9.191608e+10 5.533556e+04 6.081440e+01 9.817719e-03
8.950001e-02 4.818000e+00 4.028000e+00 3.968765e+00 1.664833e+01 1.962067e+00 8.690518e+10 4.809578e+04 6.256400e+01 9.607673e-03
9.000000e-02 4.818000e+00 4.028000e+00 3.994601e+00 1.685588e+01 1.769484e+00 8.524879e+10 5.084112e+04 6.374532e+01 9.483695e-03
9.050000e-02 4.818000e+00 4.028000e+00 4.020297e+00 1.706209e+01 1.826620e+00 8.452443e+10 4.997261e+04 6.542210e+01 9.114385e-03
9.100001e-02 4.818000e+00 4.028000e+00 4.043557e+00 1.725245e+01 1.414641e+00 8.310784e+10 5.125251e+04 6.611367e+01 9.217858e-03
9.150001e-02 4.818000e+00 4.028000e+00 4.063526e+00 1.744548e+01 2.492185e+00 9.348572e+10 6.642512e+04 6.225901e+01 9.232044e-03
9.200001e-02 4.818000e+00 4.028000e+00 4.092367e+00 1.766765e+01 2.536049e+00 8.453831e+10 6.007805e+04 6.734589e+01 8.817792e-03
9.250001e-02 4.818000e+00 4.028000e+00 4.119473e+00 1.787396e+01 2.139626e+00 8.142481e+10 5.285979e+04 7.053339e+01 8.370399e-03
9.300001e-02 4.818000e+00 4.028000e+00 4.146389e+00 1.808500e+01 1.702807e+00 7.972301e+10 5.922232e+04 7.235365e+01 8.308768e-03
9.350001e-02 4.818000e+00 4.028000e+00 4.172781e+00 1.829235e+01 2.002129e+00 7.812403e+10 5.974396e+04 7.396870e+01 7.868171e-03
9.400001e-02 4.818000e+00 4.028000e+00 4.196414e+00 1.848026e+01 2.353116e+00 7.878164e+10 4.222598e+04 7.402305e+01 8.183360e-03
9.450001e-02 4.818000e+00 4.028000e+00 4.218817e+00 1.870077e+01 2.522587e+00 9.233052e+10 5.352864e+04 7.023142e+01 7.563353e-03
9.500000e-02 4.818000e+00 4.028000e+00 4.244474e+00 1.891158e+01 2.152753e+00 8.430907e+10 5.104816e+04 7.550063e+01 7.620215e-03
9.550000e-02 4.818000e+00 4.028000e+00 4.266423e+00 1.910101e+01 1.817128e+00 8.118800e+10 4.145966e+04 7.653715e+01 7.240653e-03
9.600000e-02 4.818000e+00 4.028000e+00 4.288774e+00 1.932272e+01 2.028879e+00 9.082760e+10 4.805276e+04 7.385726e+01 7.464290e-03
9.650000e-02 4.818000e+00 4.028000e+00 4.314856e+00 1.953283e+01 1.368902e+00 8.856107e+10 5.633582e+04 7.725272e+01 6.385207e-03
9.700000e-02 4.818000e+00 4.028000e+00 4.343052e+00 1.976601e+01 1.973486e+00 7.960692e+10 5.710483e+04 8.512919e+01 6.501675e-03
9.750000e-02 4.818000e+00 4.028000e+00 4.368961e+00 1.997315e+01 2.080241e+00 8.464762e+10 6.228091e+04 8.404269e+01 5.584717e-03
9.800000e-02 4.818000e+00 4.028000e+00 4.394145e+00 2.018368e+01 2.291883e+00 8.162214e+10 5.705442e+04 8.648748e+01 5.998969e-03
9.850001e-02 4.818000e+00 4.028000e+00 4.421051e+00 2.040924e+01 1.971529e+00 7.618466e+10 5.163837e+04 9.324976e+01 5.540848e-03
9.900001e-02 4.818000e+00 4.028000e+00 4.448505e+00 2.067885e+01 1.809564e+00 7.247080e+10 3.335743e+04 1.025278e+02 4.727364e-03
9.950001e-02 4.818000e+00 4.028000e+00 4.461608e+00 2.076297e+01 1.992487e+00 5.895887e+10 3.779405e+04 1.219455e+02 4.224777e-03

