#m eps p_+ p_-
0.3162278 1.0 0.1784606 0.1470575
0.3162278 1.029349 0.1777949 0.1455976
0.3162278 1.05956 0.177117 0.1440042
0.3162278 1.090658 0.1764267 0.1423757
0.3162278 1.122668 0.1757239 0.1407385
0.3162278 1.155617 0.1750086 0.1390716
0.3162278 1.189534 0.1742805 0.1373784
0.3162278 1.224446 0.1735396 0.135605
0.3162278 1.260383 0.1727859 0.1337963
0.3162278 1.297374 0.1720191 0.1320203
0.3162278 1.335452 0.1712393 0.1301164
0.3162278 1.374646 0.1704464 0.1282249
0.3162278 1.414991 0.1696402 0.1262743
0.3162278 1.45652 0.1688207 0.1242844
0.3162278 1.499268 0.1679878 0.122293
0.3162278 1.543271 0.1671415 0.1202294
0.3162278 1.588565 0.1662816 0.1180964
0.3162278 1.635189 0.1654082 0.1159844
0.3162278 1.68318 0.1645211 0.1135867
0.3162278 1.732581 0.1636204 0.1115361
0.3162278 1.783431 0.1627059 0.1092255
0.3162278 1.835773 0.1617777 0.1069556
0.3162278 1.889652 0.1608357 0.1045791
0.3162278 1.945112 0.1598799 0.1021596
0.3162278 2.0022 0.1589102 0.09967713
0.3162278 2.060964 0.1579267 0.0971615
0.3162278 2.121452 0.1569293 0.09459762
0.3162278 2.183715 0.155918 0.09195258
0.3162278 2.247806 0.1548929 0.08943441
0.3162278 2.313778 0.1538539 0.08659151
0.3162278 2.381686 0.152801 0.08386186
0.3162278 2.451587 0.1517343 0.08100516
0.3162278 2.523539 0.1506538 0.07814513
0.3162278 2.597604 0.1495595 0.07522034
0.3162278 2.673842 0.1484515 0.07224721
0.3162278 2.752317 0.1473298 0.06922993
0.3162278 2.833096 0.1461945 0.0661394
0.3162278 2.916246 0.1450456 0.063023
0.3162278 3.001836 0.1438833 0.05987534
0.3162278 3.089938 0.1427075 0.05664297
0.3162278 3.180626 0.1415184 0.05341213
0.3162278 3.273975 0.1403161 0.04996067
0.3162278 3.370064 0.1391007 0.04685895
0.3162278 3.468974 0.1378722 0.04354416
0.3162278 3.570786 0.1366309 0.04027671
0.3162278 3.675586 0.1353768 0.03693354
0.3162278 3.783463 0.1341101 0.03368227
0.3162278 3.894505 0.132831 0.03044658
0.3162278 4.008806 0.1315395 0.02738208
0.3162278 4.126462 0.1302359 0.02426043
0.3162278 4.247572 0.1289202 0.02134072
0.3162278 4.372235 0.1275929 0.01856525
0.3162278 4.500558 0.1262539 0.01591766
0.3162278 4.632646 0.1249035 0.01347853
0.3162278 4.768612 0.123542 0.01129311
0.3162278 4.908568 0.1221695 0.009409322
0.3162278 5.052631 0.1207863 0.007467903
0.3162278 5.200923 0.1193926 0.005858146
0.3089938 5.353567 0.1191131 0.005655798
0.3019253 5.510691 0.1188332 0.00529496
0.2882697 5.672426 0.1196739 0.006190768
0.2689356 5.838908 0.1216205 0.008092507
0.2752317 6.010277 0.1191153 0.005612446
0.2627834 6.186675 0.1199549 0.006466312
0.256772 6.36825 0.1196763 0.006164239
0.2508982 6.555154 0.1193972 0.005909777
0.2451587 6.747544 0.1191178 0.005609941
0.2395504 6.94558 0.118838 0.005351243
0.2340705 7.149429 0.1185578 0.005066379
0.2234839 7.35926 0.1194 0.005901692
0.2183715 7.57525 0.1191206 0.005638994
0.2133761 7.797579 0.1188409 0.005294555
0.2084949 8.026434 0.1185607 0.005022075
0.199065 8.262004 0.119403 0.005894861
0.1900616 8.504489 0.1202417 0.00680976
0.1900616 8.754091 0.1188441 0.005342048
0.1814655 9.011018 0.1196852 0.006122875
0.1773143 9.275486 0.1194065 0.005885452
0.1732581 9.547716 0.1191273 0.005616768
0.1654219 9.827936 0.1199673 0.00645521
0.1616377 10.11638 0.119689 0.006184226
0.1579401 10.41329 0.1194103 0.005887
0.1543271 10.71891 0.1191312 0.005555243
0.1507967 11.03351 0.1188518 0.00534958
0.1473471 11.35733 0.118572 0.005004825
0.1406829 11.69066 0.1194146 0.005912394
0.1374646 12.03378 0.1191357 0.005616615
0.13432 12.38696 0.1188564 0.005353053
0.1282449 12.75051 0.119698 0.006149151
0.1253112 13.12473 0.1194195 0.005905921
0.1224446 13.50994 0.1191407 0.005621446
0.1196436 13.90644 0.1188615 0.005362682
0.1142323 14.31459 0.1197033 0.006175471
0.1116191 14.73471 0.119425 0.005923579
0.1090658 15.16717 0.1191463 0.005647326
0.1065708 15.61232 0.1188672 0.00538603
0.1017508 16.07053 0.1197092 0.006197311
0.09942313 16.54219 0.1194311 0.005935612
0.09714874 17.02769 0.1191526 0.005642409
0.09275486 17.52744 0.1199935 0.00652518
0.09275486 18.04186 0.1185945 0.005130279
0.08855971 18.57138 0.119438 0.005916151
0.08653383 19.11644 0.1191597 0.005675543
0.0845543 19.6775 0.118881 0.005362531
0.08262004 20.25502 0.1186019 0.005090021
0.07888327 20.84949 0.1194457 0.005646443
0.07707875 21.46141 0.1191676 0.005635738
0.0735926 22.09129 0.1200091 0.006514106
0.0735926 22.73966 0.1186103 0.00512663
0.0735926 23.40705 0.1172015 0.003670268
0.06865678 24.09404 0.1191765 0.005686953
0.06865678 24.80118 0.1177718 0.004252232
0.064052 25.52908 0.1197414 0.006178946
0.06258675 26.27834 0.1194641 0.005836905
0.06115503 27.0496 0.1191865 0.005665619
0.05838908 27.84349 0.1200287 0.006561594
0.05838908 28.66068 0.1186303 0.005111
0.05574824 29.50185 0.1194751 0.005945298
0.05447295 30.36771 0.1191978 0.00571975
0.05322684 31.25899 0.1189201 0.005405133
0.05200923 32.17642 0.1186421 0.005166241
0.04965693 33.12078 0.1194874 0.005982014
0.04852099 34.09285 0.1192104 0.005709313
0.04741103 35.09346 0.1189331 0.005451747
0.04526671 36.12343 0.1197774 0.006268211
0.04423119 37.18363 0.1195012 0.005980467
0.04321937 38.27494 0.1192246 0.005723681
0.04126462 39.39829 0.1200681 0.006117109
0.04126462 40.55461 0.1186704 0.005190621
0.03939829 41.74486 0.1195167 0.005988724
0.03849702 42.97005 0.1192405 0.005722572
0.03761637 44.23119 0.118964 0.005482174
0.03675586 45.52935 0.1186872 0.005078763
0.03509346 46.86561 0.1195341 0.00602638
0.03429066 48.24109 0.1192584 0.005679028
0.03350623 49.65693 0.1189824 0.005403697
0.0319908 51.11433 0.1198285 0.006303829
0.03125899 52.61451 0.1195536 0.006042619
0.03125899 54.15871 0.1181527 0.004708578
0.02984519 55.74824 0.119003 0.005488427
0.02849534 57.38442 0.1198499 0.00633767
0.02784349 59.06861 0.1195756 0.006077678
0.02720654 60.80224 0.119301 0.005795883
0.02597604 62.58675 0.1201473 0.006697823
0.02538181 64.42364 0.1198739 0.006393856
0.02480118 66.31443 0.1196003 0.006073671
0.02423383 68.26072 0.1193264 0.005802904
0.02367946 70.26413 0.1190523 0.00550237
0.02313778 72.32634 0.1187779 0.005251617
0.02109214 74.44907 0.1218577 0.008194345
0.02158593 76.63411 0.1193549 0.005820028
0.02109214 78.88327 0.1190815 0.00560583
0.02060964 81.19845 0.118808 0.00531296
0.02013817 83.58158 0.1185342 0.005003877
0.01922736 86.03464 0.1193869 0.005855566
0.01878752 88.55971 0.1191144 0.005593264
0.01835773 91.15888 0.1188418 0.005349451
0.01752744 93.83434 0.1196942 0.006116505
0.01712649 96.58832 0.1194229 0.005902233
0.01673471 99.42313 0.1191514 0.00560082
0.01635189 102.3411 0.1188797 0.005366337
0.01597782 105.3448 0.1186079 0.005103688
0.01525517 108.4366 0.1194633 0.005957467
0.0149062 111.6191 0.1191929 0.005689373
0.0145652 114.8951 0.1189224 0.005383545
0.01423201 118.2672 0.1186518 0.005142996
0.01358832 121.7383 0.1195088 0.006019027
0.01327748 125.3112 0.1192396 0.005676576
0.01297374 128.989 0.1189704 0.005468855
0.01238696 132.7748 0.1198275 0.006306325
0.01238696 136.6716 0.1184317 0.004928034
0.01155617 140.6829 0.1204156 0.00686082
0.01155617 144.8118 0.1190243 0.005505752
0.01129182 149.062 0.1187565 0.005239829
0.01103351 153.4368 0.1184886 0.004953757
0.01053448 157.9401 0.1193512 0.005859866
0.01029349 162.5756 0.119085 0.005585327
0.01005802 167.3471 0.1188188 0.005291416
0.009827936 172.2586 0.1185527 0.005041005
0.009383434 177.3143 0.1194176 0.00590229
0.00916878 182.5183 0.1191532 0.005690013
0.008959037 187.8752 0.1188889 0.005364905
0.008553834 193.3892 0.1197546 0.006052087
0.008553834 199.065 0.1183605 0.00482843
0.008166958 204.9075 0.11923 0.005693136
0.007980132 210.9214 0.1189678 0.005458738
0.007619203 217.1118 0.1198364 0.006265323
0.007444907 223.4839 0.1195763 0.006073984
0.007274599 230.043 0.1193163 0.005821619
0.007108186 236.7946 0.1190566 0.005481274
0.00694558 243.7444 0.118797 0.005296978
0.006786694 250.8982 0.1185376 0.005032153
0.006479743 258.2619 0.1194136 0.005918495
0.006331514 265.8417 0.1191565 0.00563232
0.006186675 273.644 0.1188996 0.005360379
0.006045149 281.6753 0.1186431 0.005109229
0.005771737 289.9423 0.119523 0.005984571
0.005639704 298.4519 0.119269 0.005764446
0.005510691 307.2113 0.1190153 0.00546834
0.005261451 316.2278 0.1198973 0.006388554
