-5.0 1.7287360959070986e-06
-4.97 1.8765084714895258e-06
-4.94 2.0363286862002784e-06
-4.91 2.209127337138083e-06
-4.88 2.395902503002028e-06
-4.85 2.597724277946091e-06
-4.82 2.8157395819245965e-06
-4.79 3.051177262287216e-06
-4.76 3.305353502018137e-06
-4.73 3.5796775506682195e-06
-4.7 3.8756577946992e-06
-4.67 4.194908184644734e-06
-4.64 4.539155037195882e-06
-4.61 4.9102442310350435e-06
-4.58 5.310148815974089e-06
-4.55 5.740977055696927e-06
-4.52 6.204980925165442e-06
-4.49 6.704565084515602e-06
-4.46 7.242296352052358e-06
-4.43 7.820913699739678e-06
-4.4 8.44333879538041e-06
-4.37 9.112687116484955e-06
-4.34 9.832279661635245e-06
-4.3100000000000005 1.0605655285963638e-05
-4.28 1.1436583688179592e-05
-4.25 1.2329079077388267e-05
-4.22 1.3287414548754802e-05
-4.19 1.4316137197872971e-05
-4.16 1.5420084004489696e-05
-4.13 1.6604398517023637e-05
-4.1 1.7874548370086802e-05
-4.07 1.9236343667969696e-05
-4.04 2.0695956267787243e-05
-4.01 2.2259939996688863e-05
-3.98 2.3935251838220854e-05
-3.95 2.5729274123578475e-05
-3.92 2.7649837764099997e-05
-3.89 2.970524656192952e-05
-3.8600000000000003 3.190430263630795e-05
-3.83 3.425633300342966e-05
-3.8 3.677121734822991e-05
-3.77 3.945941702683891e-05
-3.74 4.2332005338734934e-05
-3.71 4.540069910786578e-05
-3.68 4.867789161216353e-05
-3.6500000000000004 5.217668690094713e-05
-3.62 5.591093553969764e-05
-3.59 5.9895271821579346e-05
-3.56 6.414515248486621e-05
-3.5300000000000002 6.867689697512135e-05
-3.5 7.350772929053414e-05
-3.4699999999999998 7.865582144826915e-05
-3.44 8.414033860899827e-05
-3.41 8.998148589595533e-05
-3.38 9.620055694389811e-05
-3.35 0.00010281998421223857
-3.3200000000000003 0.00010986339109532465
-3.29 0.00011735564586141995
-3.26 0.0001253229174503035
-3.23 0.0001337927331576111
-3.2 0.0001427940382320596
-3.17 0.0001523572574094932
-3.14 0.00016251435840530586
-3.1100000000000003 0.00017329891738419615
-3.08 0.00018474618642336411
-3.05 0.00019689316298222642
-3.02 0.00020977866138843253
-2.99 0.00022344338634642627
-2.96 0.00023793000847103626
-2.93 0.0002532832418445356
-2.9 0.00026954992359132343
-2.87 0.00028677909545982806
-2.84 0.00030502208739640316
-2.81 0.000324332603090869
-2.7800000000000002 0.00034476680746801355
-2.75 0.00036638341609363456
-2.72 0.00038924378645781744
-2.69 0.0004134120110918718
-2.66 0.0004389550124688076
-2.63 0.0004659426396304449
-2.6 0.0004944477664771187
-2.5700000000000003 0.0005245463916485238
-2.54 0.0005563177399165874
-2.5100000000000002 0.0005898443650032628
-2.48 0.0006252122537278616
-2.45 0.0006625109313800402
-2.42 0.0007018335682057276
-2.39 0.0007432770868841909
-2.3600000000000003 0.0007869422708651739
-2.33 0.0008329338734253599
-2.3000000000000003 0.0008813607272936905
-2.27 0.0009323358546850292
-2.24 0.0009859765775713136
-2.21 0.0010424046280090255
-2.18 0.0011017462583311115
-2.15 0.0011641323510006953
-2.12 0.0012296985279130327
-2.0900000000000003 0.0012985852589211015
-2.06 0.0013709379693490106
-2.0300000000000002 0.001446907146246313
-2.0 0.001526648443124881
-1.9700000000000002 0.0016103227829087972
-1.94 0.001698096458816459
-1.9100000000000001 0.0017901412328826605
-1.88 0.001886634431817466
-1.85 0.0019877590398874
-1.8200000000000003 0.002093703788493618
-1.79 0.0022046632421109497
-1.7600000000000002 0.002320837880241105
-1.73 0.0024424341750229634
-1.7000000000000002 0.0025696646641329823
-1.67 0.002702748018598906
-1.6400000000000001 0.0028419091051406654
-1.6100000000000003 0.0029873790426435867
-1.58 0.003139395252360376
-1.5500000000000003 0.003298201501430503
-1.52 0.003464047939298445
-1.4900000000000002 0.0036371911266050074
-1.46 0.0038178940561203745
-1.4300000000000002 0.004006426165281753
-1.4000000000000004 0.004203063339893972
-1.37 0.004408087908547558
-1.3400000000000003 0.004621788627305856
-1.31 0.004844460654210468
-1.2800000000000002 0.005076405513153526
-1.25 0.005317931046664877
-1.2200000000000002 0.005569351357163204
-1.19 0.00583098673622253
-1.1600000000000001 0.006103163581408092
-1.1300000000000003 0.006386214300240609
-1.1 0.006680477200853169
-1.0700000000000003 0.006986296368911971
-1.04 0.00730402153038053
-1.0100000000000002 0.007634007899716503
-0.9800000000000004 0.007976616013101005
-0.9500000000000002 0.008332211546313407
-0.9199999999999999 0.008701165116877867
-0.8900000000000006 0.00908385207012349
-0.8600000000000003 0.0094806522488175
-0.8300000000000001 0.00989194974604827
-0.7999999999999998 0.010318132641056106
-0.7700000000000005 0.010759592717731184
-0.7400000000000002 0.011216725165520731
-0.71 0.011689928262513166
-0.6799999999999997 0.012179603040493335
-0.6500000000000004 0.012686152931790422
-0.6200000000000001 0.013209983397771142
-0.5899999999999999 0.013751501538860712
-0.5600000000000005 0.014311115686008156
-0.5300000000000002 0.014889234973546774
-0.5 0.015486268893436047
-0.46999999999999975 0.016102626830909503
-0.4400000000000004 0.016738717581592073
-0.41000000000000014 0.017394948850190283
-0.3799999999999999 0.018071726730901003
-0.35000000000000053 0.018769455169727934
-0.3200000000000003 0.019488535408938388
-0.29000000000000004 0.020229365413939458
-0.2599999999999998 0.020992339282899383
-0.23000000000000043 0.021777846639486908
-0.20000000000000018 0.02258627200915129
-0.16999999999999993 0.02341799417941409
-0.14000000000000057 0.024273385544695308
-0.11000000000000032 0.025152811436246834
-0.08000000000000007 0.02605662943781764
-0.04999999999999982 0.026985188687728055
-0.020000000000000462 0.027938829168081766
0.009999999999999787 0.02891788098189769
0.040000000000000036 0.029922663618995513
0.0699999999999994 0.030953485211522358
0.09999999999999964 0.032010641780059614
0.1299999999999999 0.03309441647130084
0.16000000000000014 0.034205078788344015
0.1899999999999995 0.03534288381469122
0.21999999999999975 0.03650807143309976
0.25 0.03770086554047665
0.27999999999999936 0.03892147326005764
0.3099999999999996 0.04017008415215773
0.33999999999999986 0.041446869424824936
0.3700000000000001 0.04275198114577385
0.39999999999999947 0.044085551457016016
0.4299999999999997 0.04544769179364452
0.45999999999999996 0.046838492108267515
0.4900000000000002 0.048258020102621396
0.5199999999999996 0.04970632046792612
0.5499999999999998 0.051183414135576706
0.5800000000000001 0.0526892975397909
0.6099999999999994 0.054223941893859325
0.6399999999999997 0.05578729248166437
0.6699999999999999 0.05737926796615278
0.7000000000000002 0.058999759716462166
0.7299999999999995 0.0606486311554123
0.7599999999999998 0.062325717129080214
0.79 0.06403082330018121
0.8199999999999994 0.06576372556697925
0.8499999999999996 0.06752416950944477
0.8799999999999999 0.06931186986437018
0.9100000000000001 0.07112651003114198
0.9399999999999995 0.0729677416098501
0.9699999999999998 0.07483518397339602
1.0 0.07672842387523358
1.0299999999999994 0.07864701509434917
1.0599999999999996 0.08059047811905162
1.0899999999999999 0.08255829987110386
1.12 0.08454993347168561
1.1499999999999995 0.08656479805062756
1.1799999999999997 0.08860227860030581
1.21 0.09066172587552736
1.2400000000000002 0.09274245634067736
1.2699999999999996 0.0948437521653319
1.2999999999999998 0.09696486126947047
1.33 0.0991049974193473
1.3599999999999994 0.10126334037500295
1.3899999999999997 0.10343903609031478
1.42 0.10563119696639649
1.4500000000000002 0.10783890215907004
1.4799999999999995 0.11006119794103585
1.5099999999999998 0.11229709811927203
1.54 0.11454558450809049
1.5699999999999994 0.11680560745817656
1.5999999999999996 0.11907608644182975
1.63 0.12135591069451412
1.6600000000000001 0.12364393991271644
1.6899999999999995 0.12593900500799407
1.7199999999999998 0.12823990891698053
1.75 0.13054542746699638
1.7799999999999994 0.13285431029679734
1.8099999999999996 0.13516528183186835
1.8399999999999999 0.13747704231355204
1.87 0.13978826888117993
1.8999999999999995 0.14209761670625046
1.9299999999999997 0.1444037201775783
1.96 0.146705194136216
1.9899999999999993 0.14900063515883094
2.0199999999999996 0.1512886228880986
2.05 0.1535677214085561
2.08 0.15583648066624364
2.1099999999999994 0.1580934379303469
2.1399999999999997 0.16033711929494085
2.17 0.1625660412188265
2.1999999999999993 0.16477871210134637
2.2299999999999995 0.16697363389196032
2.26 0.16914930373126452
2.29 0.1713042156210418
2.3199999999999994 0.17343686212083884
2.3499999999999996 0.17554573606848098
2.38 0.1776293323218517
2.41 0.17968614951918982
2.4399999999999995 0.18171469185508346
2.4699999999999998 0.18371347086927683
2.5 0.18568100724534412
2.5299999999999994 0.18761583261623258
2.5599999999999996 0.1895164913736298
2.59 0.19138154247806727
2.62 0.19320956126664143
2.6499999999999995 0.1949991412552035
2.6799999999999997 0.19674889593185046
2.71 0.19845746053853583
2.7399999999999993 0.2001234938376131
2.7699999999999996 0.20174567986012665
2.8 0.20332272963267153
2.83 0.20485338287966243
2.8599999999999994 0.2063364096978732
2.8899999999999997 0.20777061220014062
2.92 0.20915482612516315
2.9499999999999993 0.2104879224103722
2.9799999999999995 0.21176880872490622
3.01 0.21299643095977594
3.039999999999999 0.2141697746723799
3.0700000000000003 0.21528786648260018
3.0999999999999996 0.2163497754177908
3.129999999999999 0.21735461420405927
3.16 0.21830154050133427
3.1899999999999995 0.219189758079814
3.219999999999999 0.22001851793549626
3.25 0.22078711934260195
3.2799999999999994 0.2214949108408227
3.3100000000000005 0.22214129115544637
3.34 0.2227257100485398
3.369999999999999 0.22324766909950378
3.4000000000000004 0.22370672241344916
3.4299999999999997 0.224102477255985
3.459999999999999 0.22443459461315432
3.49 0.22470278967539903
3.5199999999999996 0.2249068322445874
3.549999999999999 0.2250465470632899
3.58 0.22512181406564352
3.6099999999999994 0.22513256854930264
3.6400000000000006 0.22507880126813104
3.67 0.2249605584454494
3.6999999999999993 0.2247779417078122
3.7300000000000004 0.2245311079394457
3.76 0.2242202690576404
3.789999999999999 0.22384569170954655
3.8200000000000003 0.2234076968909811
3.8499999999999996 0.22290665948800872
3.879999999999999 0.22234300774221266
3.91 0.22171722264072424
3.9399999999999995 0.22102983723222647
3.969999999999999 0.22028143587029334
4.0 0.21947265338556884
4.029999999999999 0.2186041741884269
4.0600000000000005 0.21767673130388746
4.09 0.21669110534069455
4.119999999999999 0.21564812339658396
4.15 0.21454865790189126
4.18 0.21339362540376172
4.209999999999999 0.21218398529333285
4.24 0.21092073847836393
4.27 0.20960492600388184
4.299999999999999 0.20823762762350156
4.33 0.20681996032416486
4.359999999999999 0.20535307680711626
4.389999999999999 0.20383816392800305
4.42 0.2022764410990525
4.449999999999999 0.2006691586563311
4.48 0.19901759619513965
4.51 0.19732306087664098
4.539999999999999 0.19558688570884591
4.57 0.1938104278051143
4.6 0.1919950666233421
4.629999999999999 0.19014220218901845
4.66 0.18825325330534093
4.6899999999999995 0.18632965575357294
4.719999999999999 0.18437286048681503
4.75 0.18238433182034744
4.779999999999999 0.18036554562167292
4.8100000000000005 0.17831798750335784
4.84 0.17624315102173363
4.869999999999999 0.17414253588447032
4.9 0.17201764616998813
4.93 0.16986998856161212
4.959999999999999 0.1677010705993101
4.99 0.16551239895178926
5.02 0.16330547771164822
5.049999999999999 0.16108180671620123
5.08 0.15884287989650966
5.109999999999999 0.1565901836570633
5.139999999999999 0.15432519528845923
5.17 0.1520493814153325
5.199999999999999 0.14976419648168648
5.23 0.14747108127566597
5.26 0.14517146149571244
5.289999999999999 0.14286674635992194
5.32 0.14055832726032008
5.35 0.13824757646364785
5.379999999999999 0.1359358458601349
5.41 0.13362446576162082
5.4399999999999995 0.13131474375026134
5.469999999999999 0.12900796357893554
5.5 0.12670538412435153
5.529999999999999 0.12440823839372281
5.559999999999999 0.12211773258576607
5.59 0.11983504520665336
5.619999999999999 0.11756132624142698
5.65 0.11529769638126641
5.68 0.11304524630688283
5.709999999999999 0.11080503602819232
5.74 0.10857809428031237
5.77 0.106365417975808
5.799999999999999 0.10416797171300447
5.83 0.10198668734007867
5.859999999999999 0.09982246357453377
5.889999999999999 0.09767616567755869
5.92 0.09554862518268033
5.949999999999999 0.09344063967801618
5.98 0.0913529726413448
6.01 0.08928635332712673
6.039999999999999 0.08724147670451896
6.07 0.08521900344535166
6.1 0.08321955996095663
6.129999999999999 0.08124373848666498
6.16 0.07929209721272773
6.1899999999999995 0.07736516046034675
6.219999999999999 0.07546341890144533
6.25 0.07358732982075603
6.279999999999999 0.07173731741875229
6.309999999999999 0.06991377315390367
6.34 0.068117056122699
6.369999999999999 0.06634749347584133
6.4 0.06460538086898823
6.43 0.0628909829463875
6.459999999999999 0.0612045338557298
6.49 0.05954623779252818
6.52 0.0579162695723163
6.549999999999999 0.05631477522894809
6.58 0.054741872637279344
6.609999999999999 0.05319765215850644
6.639999999999999 0.051682177306441895
6.67 0.05019548543301333
6.699999999999999 0.04873758843128172
6.73 0.047308473454287285
6.76 0.04590810364805222
6.789999999999999 0.04453641889708457
6.82 0.04319333658075627
6.85 0.041878752338951414
6.879999999999999 0.040592540845410675
6.91 0.03933455658723191
6.9399999999999995 0.038104634649019024
6.969999999999999 0.03690259150020866
7.0 0.03572822578414492
7.029999999999999 0.03458131910751149
7.059999999999999 0.03346163682877382
7.09 0.032368928844329944
7.119999999999999 0.031302930371113445
7.15 0.030263362724439007
7.18 0.029249934089932227
7.209999999999999 0.028262340288431456
7.24 0.027300265532803493
7.27 0.026363383175664088
7.299999999999999 0.025451356447046002
7.33 0.02456383918111148
7.359999999999999 0.023700476531056548
7.389999999999999 0.022860905671407458
7.42 0.022044756486963753
7.449999999999999 0.02125165224769297
7.48 0.02048121026893469
7.51 0.019733042556324795
7.539999999999999 0.019006756434899474
7.57 0.01830195516189173
7.6 0.017618238522781417
7.629999999999999 0.016955203410208904
7.66 0.016312444385411847
7.6899999999999995 0.015689554221890202
7.719999999999999 0.015086124431051251
7.75 0.014501745769631433
7.779999999999999 0.013936008728735218
7.809999999999999 0.013388504004372796
7.84 0.012858822949420867
7.869999999999999 0.012346558006968837
7.9 0.011851303125051208
7.93 0.011372654152804328
7.959999999999999 0.010910209218119108
7.99 0.010463569086896456
8.02 0.010032337504042917
8.049999999999999 0.009616121516374494
8.08 0.009214531777625911
8.11 0.008827182835789
8.139999999999999 0.00845369340302934
8.17 0.0080936866084547
8.2 0.007746790234030523
8.229999999999999 0.007412636933958283
8.26 0.007090864437852104
8.29 0.00678111573806609
8.32 0.006483039261540596
8.35 0.006196289026550893
8.379999999999999 0.005920524784753525
8.41 0.005655412148938153
8.44 0.00540062270690218
8.469999999999999 0.005155834121874113
8.5 0.0049207302199194575
8.53 0.004695001064768516
8.559999999999999 0.004478343020510284
8.59 0.004270458802600646
8.62 0.004071057517635018
8.65 0.0038798546923369654
8.68 0.003696572292214939
8.709999999999999 0.003520938730337836
8.74 0.003352688866678923
8.77 0.0031915639984746226
8.799999999999999 0.0030373118420411026
8.83 0.002889686506487455
8.86 0.0027484484597589086
8.889999999999999 0.002613364487437537
8.92 0.0024842076447217517
8.95 0.002360757201998311
8.979999999999999 0.0022427985844129515
9.01 0.002130123305837614
9.04 0.0020225288976233116
9.07 0.0019198188325184639
9.1 0.0018218024441232202
9.129999999999999 0.001728294842239943
9.16 0.0016391168244702346
9.19 0.0015540947843980632
9.219999999999999 0.0014730606166879605
9.25 0.0013958516194164305
9.28 0.0013223103939435208
9.309999999999999 0.0012522847426204135
9.34 0.001185627564617698
9.37 0.0011221967501476424
9.399999999999999 0.0010618550733424556
9.43 0.0010044700840393464
9.459999999999999 0.0009499139987118748
9.49 0.0008980635907758476
9.52 0.0008488000804871139
9.549999999999999 0.0008020090246374165
9.58 0.0007575802062438033
9.61 0.000715407524416333
9.639999999999999 0.0006753888845782861
9.67 0.0006374260892028686
9.7 0.0006014247292202001
9.729999999999999 0.000567294076238507
9.76 0.0005349469757138366
9.79 0.000504299741193127
9.82 0.00047527204974633617
9.85 0.000447786838694473
9.879999999999999 0.0004217702037316594
9.91 0.0003971512985310969
9.94 0.0003738622359166776
9.969999999999999 0.0003518379906741928
