#./overdamped_3d --dev=0 --amp=40.0 --omega=1.0 --force=0 --Dg=0.01 --block=256 --paths=65536 --periods=1000 --trans=100 --samples=100 --spp=1000 --algorithm=euler --pav=1 --mode=moments --domain=1d --domainx=a:-1:2:300:1 --domainy=a:0:10:100:0 --domainz=D:-6:-1:100:1 --q=2 --eps=0 --phi=1.57079632679 --lambda=0.277777777778 --zeta=3.6 --comp=0 --mean=0.0 --second=0.1 --skew=0.99 --distribution=e>> comp_e_a:-1:2:300:1_0.0_3.6_0.277777777778.dat
#a <<v>> qnu(q) mu_q Dx Gx EBx
1.000000e-01 9.957747e-01 9.824821e-01 4.425296e+04 3.498544e+00 -2.301264e-02 3.849030e-03
1.023293e-01 9.959878e-01 9.925263e-01 4.494023e+04 3.586716e+00 -4.790425e-04 3.890038e-03
1.047129e-01 9.953306e-01 9.855342e-01 4.450701e+04 3.529102e+00 -1.570791e-02 3.872514e-03
1.071519e-01 9.951767e-01 9.887675e-01 4.439482e+04 3.522735e+00 -1.983124e-02 3.874421e-03
1.096478e-01 9.949618e-01 9.896832e-01 4.477114e+04 3.591172e+00 -8.268237e-03 3.911138e-03
1.122018e-01 9.948599e-01 9.842063e-01 4.481562e+04 3.553293e+00 -1.272726e-02 3.868341e-03
1.148153e-01 9.947350e-01 9.808689e-01 4.434025e+04 3.528147e+00 -2.010810e-02 3.881693e-03
1.174897e-01 9.944065e-01 9.914286e-01 4.496468e+04 3.583533e+00 -2.228951e-02 3.853202e-03
1.202264e-01 9.942845e-01 9.859510e-01 4.454212e+04 3.519552e+00 -6.291032e-03 3.902555e-03
1.230269e-01 9.940131e-01 9.945073e-01 4.477354e+04 3.588307e+00 -5.636692e-03 3.872752e-03
1.258925e-01 9.939345e-01 9.881227e-01 4.460163e+04 3.530056e+00 -1.165265e-02 3.893137e-03
1.288249e-01 9.934821e-01 9.987577e-01 4.501256e+04 3.563161e+00 -1.815450e-02 3.896117e-03
1.318256e-01 9.932563e-01 9.944215e-01 4.514578e+04 3.548837e+00 -1.822948e-02 3.929615e-03
1.348962e-01 9.932087e-01 9.949979e-01 4.533941e+04 3.609316e+00 -1.293862e-02 3.952980e-03
1.380384e-01 9.926859e-01 9.894808e-01 4.468039e+04 3.541516e+00 -1.145041e-02 3.868461e-03
1.412537e-01 9.920076e-01 9.899114e-01 4.475737e+04 3.575257e+00 -1.044941e-02 3.850698e-03
1.445439e-01 9.921244e-01 9.823937e-01 4.459913e+04 3.517642e+00 -1.256067e-02 3.819585e-03
1.479108e-01 9.918945e-01 9.896690e-01 4.502011e+04 3.588944e+00 -1.499063e-02 3.910184e-03
1.513561e-01 9.914732e-01 9.981069e-01 4.530213e+04 3.627459e+00 -1.953542e-02 3.911257e-03
1.548816e-01 9.912568e-01 9.917451e-01 4.532828e+04 3.598811e+00 -2.402669e-02 3.903389e-03
1.584892e-01 9.909810e-01 9.860547e-01 4.487195e+04 3.565707e+00 -8.903205e-03 3.885508e-03
1.621809e-01 9.905811e-01 9.823307e-01 4.484040e+04 3.550747e+00 -1.840413e-02 3.864884e-03
1.659586e-01 9.903369e-01 9.921005e-01 4.529043e+04 3.614090e+00 -4.621625e-03 3.902555e-03
1.698243e-01 9.895962e-01 9.940601e-01 4.551508e+04 3.619820e+00 -2.422583e-02 3.908277e-03
1.737800e-01 9.894761e-01 9.912706e-01 4.545946e+04 3.651333e+00 -9.320498e-03 3.927708e-03
1.778278e-01 9.890055e-01 9.831034e-01 4.488473e+04 3.527828e+00 -3.834009e-03 3.874183e-03
1.819700e-01 9.887359e-01 9.916376e-01 4.525327e+04 3.584169e+00 -1.368093e-02 3.881335e-03
1.862086e-01 9.882726e-01 9.779938e-01 4.485161e+04 3.598175e+00 -9.805262e-03 3.872275e-03
1.905460e-01 9.879016e-01 9.945717e-01 4.545625e+04 3.630642e+00 -1.055527e-02 3.902316e-03
1.949843e-01 9.873365e-01 9.875937e-01 4.503549e+04 3.592127e+00 -1.562595e-02 3.850460e-03
1.995261e-01 9.870952e-01 9.934300e-01 4.558954e+04 3.617592e+00 -1.566827e-02 3.862739e-03
2.041737e-01 9.865053e-01 9.936841e-01 4.575537e+04 3.716268e+00 -7.152259e-03 3.903985e-03
2.089295e-01 9.862053e-01 9.912625e-01 4.601525e+04 3.658335e+00 -1.903212e-02 3.895164e-03
2.137960e-01 9.854226e-01 9.787967e-01 4.513482e+04 3.592764e+00 -1.020378e-02 3.834367e-03
2.187760e-01 9.851589e-01 9.825893e-01 4.508010e+04 3.613454e+00 -6.412446e-03 3.864765e-03
2.238719e-01 9.846541e-01 9.842265e-01 4.525505e+04 3.639555e+00 -1.945329e-02 3.831267e-03
2.290866e-01 9.841807e-01 9.884514e-01 4.564136e+04 3.627459e+00 -1.500797e-02 3.875613e-03
2.344227e-01 9.835879e-01 9.977263e-01 4.595505e+04 3.619183e+00 -1.020575e-02 3.879905e-03
2.398831e-01 9.829082e-01 9.900801e-01 4.570944e+04 3.633826e+00 -1.365745e-02 3.847361e-03
2.454707e-01 9.824161e-01 9.859153e-01 4.576563e+04 3.628414e+00 -2.709246e-02 3.841758e-03
2.511884e-01 9.820023e-01 9.934361e-01 4.594895e+04 3.652606e+00 -1.712024e-02 3.895402e-03
2.570393e-01 9.814290e-01 9.883965e-01 4.587374e+04 3.674569e+00 -6.253362e-03 3.890991e-03
2.630266e-01 9.806314e-01 9.844943e-01 4.593675e+04 3.651969e+00 -1.408017e-02 3.860116e-03
2.691532e-01 9.802157e-01 9.858308e-01 4.559275e+04 3.623958e+00 -1.508629e-02 3.858447e-03
2.754226e-01 9.796225e-01 9.915649e-01 4.620754e+04 3.669476e+00 -1.390201e-02 3.891587e-03
2.818380e-01 9.789644e-01 9.836025e-01 4.592557e+04 3.691121e+00 -1.582074e-02 3.825665e-03
2.884029e-01 9.785065e-01 9.903051e-01 4.589168e+04 3.651014e+00 -1.891959e-02 3.849626e-03
2.951206e-01 9.778524e-01 9.878051e-01 4.620520e+04 3.728045e+00 -2.664745e-02 3.868580e-03
3.019949e-01 9.772500e-01 9.784933e-01 4.567285e+04 3.624594e+00 -1.907390e-02 3.860712e-03
3.090292e-01 9.766396e-01 9.935614e-01 4.628291e+04 3.659609e+00 -1.274735e-02 3.859401e-03
3.162274e-01 9.758449e-01 9.873709e-01 4.606392e+04 3.672023e+00 -4.329503e-03 3.869653e-03
3.235933e-01 9.752381e-01 9.851504e-01 4.617599e+04 3.628096e+00 -1.387793e-02 3.840446e-03
3.311307e-01 9.744346e-01 9.917050e-01 4.643762e+04 3.685710e+00 -3.020680e-02 3.850102e-03
3.388438e-01 9.737331e-01 9.921933e-01 4.638397e+04 3.683482e+00 -1.828867e-02 3.865361e-03
3.467364e-01 9.730569e-01 9.898996e-01 4.671129e+04 3.703535e+00 -2.279395e-02 3.867030e-03
3.548129e-01 9.719871e-01 9.920924e-01 4.649834e+04 3.689848e+00 -2.375776e-02 3.897905e-03
3.630776e-01 9.715275e-01 9.915395e-01 4.699452e+04 3.754147e+00 -1.901555e-02 3.897429e-03
3.715348e-01 9.707753e-01 9.862673e-01 4.633007e+04 3.713085e+00 -2.603507e-02 3.843307e-03
3.801889e-01 9.697893e-01 9.892666e-01 4.669043e+04 3.684119e+00 -1.087791e-02 3.854990e-03
3.890446e-01 9.692079e-01 9.819556e-01 4.620633e+04 3.682845e+00 -2.308959e-02 3.823519e-03
3.981066e-01 9.686372e-01 9.831820e-01 4.672436e+04 3.729637e+00 -1.919544e-02 3.860116e-03
4.073797e-01 9.677165e-01 9.848863e-01 4.688089e+04 3.767834e+00 -1.580387e-02 3.859162e-03
4.168688e-01 9.667562e-01 9.861739e-01 4.687166e+04 3.741733e+00 -2.358830e-02 3.872752e-03
4.265789e-01 9.660609e-01 9.872655e-01 4.698962e+04 3.721997e+00 -1.965785e-02 3.888249e-03
4.365152e-01 9.652087e-01 9.900627e-01 4.670324e+04 3.690485e+00 -1.313478e-02 3.845811e-03
4.466830e-01 9.645233e-01 9.826735e-01 4.703230e+04 3.694623e+00 -5.342960e-03 3.861666e-03
4.570875e-01 9.636742e-01 9.840505e-01 4.668470e+04 3.716904e+00 -2.005190e-02 3.841043e-03
4.677345e-01 9.629719e-01 9.866372e-01 4.697142e+04 3.743006e+00 -2.532375e-02 3.845334e-03
4.786294e-01 9.620281e-01 9.873978e-01 4.718992e+04 3.764014e+00 -2.007115e-02 3.887057e-03
4.897781e-01 9.612671e-01 9.917294e-01 4.759115e+04 3.794254e+00 -1.810193e-02 3.846288e-03
5.011865e-01 9.605399e-01 9.866780e-01 4.710419e+04 3.720406e+00 -8.320689e-03 3.844261e-03
5.128606e-01 9.598345e-01 9.996994e-01 4.789785e+04 3.814626e+00 -1.376832e-02 3.881454e-03
5.248066e-01 9.588122e-01 9.927598e-01 4.743391e+04 3.782158e+00 -1.540011e-02 3.848314e-03
5.370309e-01 9.580637e-01 9.890482e-01 4.733982e+04 3.750645e+00 -6.290913e-03 3.857493e-03
5.495400e-01 9.572640e-01 9.933628e-01 4.758160e+04 3.792980e+00 -2.657413e-02 3.853083e-03
5.623404e-01 9.564413e-01 9.906689e-01 4.797180e+04 3.791707e+00 -1.756483e-02 3.852844e-03
5.754390e-01 9.552069e-01 9.872399e-01 4.789108e+04 3.792344e+00 -2.245551e-02 3.848672e-03
5.888427e-01 9.544065e-01 9.884598e-01 4.761161e+04 3.765606e+00 -2.254027e-02 3.838658e-03
6.025586e-01 9.537078e-01 9.975761e-01 4.833155e+04 3.856006e+00 -2.039725e-02 3.881931e-03
6.165940e-01 9.529201e-01 9.963528e-01 4.787492e+04 3.857597e+00 -1.719660e-02 3.883123e-03
6.309564e-01 9.520851e-01 9.961630e-01 4.820386e+04 3.836589e+00 -1.961666e-02 3.874779e-03
6.456532e-01 9.509012e-01 9.887406e-01 4.740041e+04 3.803485e+00 -1.596147e-02 3.842473e-03
6.606924e-01 9.506463e-01 9.936039e-01 4.803795e+04 3.830859e+00 -8.395553e-03 3.874779e-03
6.760820e-01 9.495891e-01 9.956322e-01 4.814806e+04 3.843592e+00 -1.829767e-02 3.903627e-03
6.918299e-01 9.484210e-01 9.884096e-01 4.771902e+04 3.822583e+00 -2.352780e-02 3.843665e-03
7.079447e-01 9.475663e-01 9.897937e-01 4.795922e+04 3.807941e+00 -2.486914e-02 3.859520e-03
7.244349e-01 9.469774e-01 9.836745e-01 4.771941e+04 3.823220e+00 -5.094051e-03 3.854871e-03
7.413091e-01 9.463457e-01 9.883766e-01 4.784172e+04 3.798710e+00 -2.456993e-02 3.823042e-03
7.585765e-01 9.450158e-01 9.895605e-01 4.787986e+04 3.830541e+00 -1.441282e-02 3.819227e-03
7.762460e-01 9.445236e-01 9.790472e-01 4.754118e+04 3.760513e+00 -1.522613e-02 3.810644e-03
7.943270e-01 9.434531e-01 9.952542e-01 4.806633e+04 3.828313e+00 -1.048106e-02 3.828645e-03
8.128293e-01 9.425123e-01 9.876474e-01 4.806469e+04 3.884335e+00 -7.345498e-03 3.818274e-03
8.317625e-01 9.418679e-01 9.966944e-01 4.853225e+04 3.903116e+00 -2.005172e-02 3.849030e-03
8.511367e-01 9.407617e-01 9.881697e-01 4.780773e+04 3.808578e+00 -1.993734e-02 3.830671e-03
8.709623e-01 9.402015e-01 9.896083e-01 4.777791e+04 3.830541e+00 -1.252055e-02 3.815413e-03
8.912496e-01 9.393556e-01 9.980841e-01 4.819379e+04 3.871603e+00 -7.215321e-03 3.820181e-03
9.120094e-01 9.385232e-01 9.904509e-01 4.813583e+04 3.840409e+00 -1.293558e-02 3.834009e-03
9.332529e-01 9.375466e-01 9.826819e-01 4.786261e+04 3.849958e+00 -7.192314e-03 3.818750e-03
9.549911e-01 9.370331e-01 9.895794e-01 4.817596e+04 3.833406e+00 -1.265281e-02 3.827095e-03
9.772357e-01 9.360631e-01 9.944501e-01 4.864397e+04 3.883380e+00 -1.474512e-02 3.859878e-03
9.999985e-01 9.353264e-01 9.945732e-01 4.847457e+04 3.891338e+00 -2.108598e-02 3.849030e-03
1.023291e+00 9.345526e-01 9.927830e-01 4.819296e+04 3.880516e+00 -2.854544e-02 3.846645e-03
1.047127e+00 9.336805e-01 9.838390e-01 4.807646e+04 3.832769e+00 -2.135950e-02 3.810644e-03
1.071518e+00 9.331475e-01 9.934719e-01 4.876956e+04 3.895476e+00 -1.772559e-02 3.831863e-03
1.096477e+00 9.323852e-01 9.879277e-01 4.877323e+04 3.908209e+00 -2.418631e-02 3.819585e-03
1.122017e+00 9.313480e-01 9.942302e-01 4.873391e+04 3.903116e+00 -1.796222e-02 3.849864e-03
1.148152e+00 9.305719e-01 9.856278e-01 4.771363e+04 3.838817e+00 -1.561224e-02 3.784776e-03
1.174896e+00 9.298723e-01 9.893226e-01 4.838831e+04 3.844228e+00 -1.080149e-02 3.786564e-03
1.202263e+00 9.290852e-01 9.845437e-01 4.830027e+04 3.920941e+00 -2.107424e-02 3.821015e-03
1.230267e+00 9.283670e-01 9.955466e-01 4.863501e+04 3.912983e+00 -1.417083e-02 3.846407e-03
1.258923e+00 9.276389e-01 9.927594e-01 4.859628e+04 3.885927e+00 -1.875103e-02 3.822446e-03
1.288247e+00 9.269385e-01 9.952980e-01 4.849649e+04 3.883699e+00 -2.698845e-02 3.835917e-03
1.318255e+00 9.263628e-01 9.827846e-01 4.806500e+04 3.865237e+00 -1.922190e-02 3.762603e-03
1.348961e+00 9.250754e-01 9.808230e-01 4.800543e+04 3.868420e+00 -1.673043e-03 3.786087e-03
1.380382e+00 9.244674e-01 9.935994e-01 4.847010e+04 3.891020e+00 -2.367932e-02 3.847718e-03
1.412535e+00 9.239466e-01 9.954578e-01 4.881811e+04 3.927625e+00 -2.116442e-03 3.820896e-03
1.445438e+00 9.234093e-01 9.972035e-01 4.901491e+04 3.964231e+00 -4.013717e-03 3.857851e-03
1.479106e+00 9.225389e-01 9.936383e-01 4.854814e+04 3.928581e+00 -8.767068e-03 3.797889e-03
1.513559e+00 9.217619e-01 9.994364e-01 4.879456e+04 3.929854e+00 -8.481681e-03 3.833294e-03
1.548814e+00 9.212343e-01 9.918467e-01 4.872257e+04 3.911073e+00 -1.811510e-02 3.796458e-03
1.584891e+00 9.206212e-01 9.820373e-01 4.827471e+04 3.882744e+00 -1.671976e-02 3.791571e-03
1.621808e+00 9.201511e-01 9.877397e-01 4.834882e+04 3.873831e+00 -6.046534e-03 3.760099e-03
1.659584e+00 9.191967e-01 9.964690e-01 4.844759e+04 3.884654e+00 -1.734698e-02 3.792167e-03
1.698241e+00 9.184794e-01 9.916570e-01 4.846196e+04 3.866351e+00 -1.377505e-02 3.802896e-03
1.737798e+00 9.183677e-01 9.883027e-01 4.853036e+04 3.934947e+00 -1.397538e-02 3.783464e-03
1.778277e+00 9.173767e-01 9.890525e-01 4.838216e+04 3.851072e+00 -1.691341e-02 3.751516e-03
1.819698e+00 9.170562e-01 9.940678e-01 4.869875e+04 3.920145e+00 -5.827844e-03 3.800631e-03
1.862084e+00 9.159954e-01 9.903772e-01 4.840412e+04 3.889269e+00 -2.107912e-02 3.752589e-03
1.905458e+00 9.157307e-01 9.802496e-01 4.820601e+04 3.896749e+00 -1.307535e-02 3.725052e-03
1.949842e+00 9.151433e-01 9.831088e-01 4.776225e+04 3.867783e+00 -1.165062e-02 3.746748e-03
1.995259e+00 9.144806e-01 9.901697e-01 4.871893e+04 4.006248e+00 -1.236689e-02 3.800511e-03
2.041735e+00 9.138984e-01 9.870365e-01 4.823716e+04 3.905980e+00 -7.288158e-03 3.761530e-03
2.089293e+00 9.134001e-01 9.859807e-01 4.835115e+04 3.906140e+00 -1.256686e-02 3.769636e-03
2.137959e+00 9.126856e-01 9.950102e-01 4.899646e+04 3.926193e+00 -1.810741e-02 3.777504e-03
2.187758e+00 9.124802e-01 9.996639e-01 4.900155e+04 3.957228e+00 -1.586872e-02 3.798008e-03
2.238717e+00 9.116446e-01 9.785627e-01 4.796768e+04 3.855210e+00 -1.696402e-02 3.729224e-03
2.290864e+00 9.107859e-01 9.897168e-01 4.833705e+04 3.899773e+00 -1.832283e-02 3.750086e-03
2.344225e+00 9.107777e-01 9.933296e-01 4.886797e+04 4.004338e+00 -2.161062e-02 3.810525e-03
2.398829e+00 9.100438e-01 9.940790e-01 4.844171e+04 3.890543e+00 -8.920193e-03 3.775120e-03
2.454705e+00 9.095894e-01 9.948367e-01 4.842186e+04 3.910437e+00 -1.735604e-02 3.749490e-03
2.511882e+00 9.093781e-01 9.888455e-01 4.861004e+04 3.957387e+00 -1.834190e-02 3.753781e-03
2.570391e+00 9.086007e-01 9.910660e-01 4.866611e+04 3.928581e+00 -1.690048e-02 3.736377e-03
2.630263e+00 9.082363e-01 9.979836e-01 4.886663e+04 3.931127e+00 -1.938391e-02 3.749967e-03
2.691530e+00 9.075989e-01 9.824093e-01 4.794101e+04 3.892293e+00 -1.108384e-02 3.740072e-03
2.754224e+00 9.072549e-01 9.855099e-01 4.819708e+04 3.878447e+00 -1.156080e-02 3.764987e-03
2.818378e+00 9.064491e-01 9.859443e-01 4.820635e+04 3.881789e+00 -2.018160e-02 3.715873e-03
2.884026e+00 9.065503e-01 9.757895e-01 4.792696e+04 3.877173e+00 -1.524192e-02 3.709912e-03
2.951204e+00 9.058188e-01 9.876194e-01 4.826893e+04 3.915052e+00 -2.055585e-02 3.703117e-03
3.019946e+00 9.052795e-01 9.815114e-01 4.816112e+04 3.848048e+00 -1.787645e-02 3.772497e-03
3.090289e+00 9.047790e-01 9.816993e-01 4.796919e+04 3.900410e+00 -1.315844e-02 3.728032e-03
3.162271e+00 9.046134e-01 9.917620e-01 4.825956e+04 3.862690e+00 -1.555663e-02 3.772616e-03
3.235930e+00 9.041264e-01 9.934700e-01 4.874530e+04 3.922374e+00 -1.775831e-02 3.760815e-03
3.311305e+00 9.037009e-01 9.920794e-01 4.817817e+04 3.881311e+00 -1.287204e-02 3.723979e-03
3.388435e+00 9.031884e-01 9.941413e-01 4.861219e+04 3.918554e+00 -2.241623e-02 3.732800e-03
3.467361e+00 9.027615e-01 9.875549e-01 4.830000e+04 3.881471e+00 -2.340072e-02 3.708482e-03
3.548127e+00 9.024426e-01 9.894137e-01 4.854000e+04 3.891338e+00 -2.153093e-02 3.731489e-03
3.630773e+00 9.019507e-01 9.874197e-01 4.805499e+04 3.897227e+00 -1.224053e-02 3.707528e-03
3.715345e+00 9.019309e-01 9.846933e-01 4.844094e+04 3.916007e+00 -1.431990e-02 3.731012e-03
3.801886e+00 9.013088e-01 9.872379e-01 4.850828e+04 3.929058e+00 -3.009719e-02 3.720164e-03
3.890443e+00 9.009436e-01 9.918314e-01 4.838568e+04 3.903911e+00 -1.189077e-02 3.754258e-03
3.981063e+00 9.007887e-01 9.815211e-01 4.803445e+04 3.891975e+00 -3.007758e-02 3.698707e-03
4.073794e+00 9.003385e-01 9.875965e-01 4.817293e+04 3.883540e+00 -2.004492e-02 3.704309e-03
4.168685e+00 9.001017e-01 9.906903e-01 4.792957e+04 3.863168e+00 -2.230603e-02 3.703237e-03
4.265786e+00 8.996598e-01 9.842835e-01 4.823586e+04 3.912665e+00 -1.486623e-02 3.714919e-03
4.365149e+00 8.991965e-01 9.840485e-01 4.809657e+04 3.889110e+00 -1.684630e-02 3.723264e-03
4.466826e+00 8.990760e-01 9.967356e-01 4.872254e+04 3.921100e+00 -1.427794e-02 3.724098e-03
4.570871e+00 8.986184e-01 9.910544e-01 4.890603e+04 3.978714e+00 -2.398825e-02 3.752828e-03
4.677341e+00 8.981800e-01 9.952261e-01 4.880891e+04 3.961366e+00 -2.516460e-02 3.736258e-03
4.786290e+00 8.980874e-01 9.898292e-01 4.868304e+04 3.905025e+00 -3.701723e-02 3.715158e-03
4.897777e+00 8.976153e-01 9.916781e-01 4.829474e+04 3.864282e+00 -2.528870e-02 3.723502e-03
5.011860e+00 8.970857e-01 9.878970e-01 4.829182e+04 3.885290e+00 -2.533400e-02 3.686309e-03
5.128602e+00 8.969439e-01 9.836045e-01 4.835150e+04 3.910437e+00 -2.168220e-02 3.722906e-03
5.248062e+00 8.963329e-01 9.909739e-01 4.864909e+04 3.905503e+00 -1.969016e-02 3.738284e-03
5.370305e+00 8.965123e-01 9.943932e-01 4.855698e+04 3.932719e+00 -1.603788e-02 3.708005e-03
5.495395e+00 8.962983e-01 9.943653e-01 4.889697e+04 3.933514e+00 -2.753341e-02 3.717661e-03
5.623399e+00 8.961048e-01 9.927553e-01 4.854937e+04 3.963117e+00 -1.858354e-02 3.694534e-03
5.754385e+00 8.955993e-01 9.845859e-01 4.859450e+04 3.957706e+00 -2.630436e-02 3.713727e-03
5.888422e+00 8.951793e-01 9.915252e-01 4.862714e+04 3.943223e+00 -1.808339e-02 3.717303e-03
6.025580e+00 8.950524e-01 9.945197e-01 4.839796e+04 3.953568e+00 -1.550525e-02 3.723979e-03
6.165934e+00 8.946278e-01 9.956386e-01 4.873747e+04 3.951976e+00 -1.343405e-02 3.725886e-03
6.309557e+00 8.947071e-01 9.948966e-01 4.866175e+04 3.970438e+00 -1.966679e-02 3.718138e-03
6.456525e+00 8.944939e-01 9.901209e-01 4.847525e+04 3.899296e+00 -1.814651e-02 3.751397e-03
6.606917e+00 8.941040e-01 9.850740e-01 4.837850e+04 3.894044e+00 -9.631634e-03 3.692985e-03
6.760812e+00 8.938422e-01 9.906597e-01 4.875492e+04 3.922214e+00 -2.443278e-02 3.705740e-03
6.918291e+00 8.936215e-01 9.949796e-01 4.850746e+04 3.907413e+00 -1.402366e-02 3.715515e-03
7.079439e+00 8.935480e-01 9.982614e-01 4.888010e+04 3.928581e+00 -2.809274e-02 3.735781e-03
7.244340e+00 8.933122e-01 9.898049e-01 4.826916e+04 3.905821e+00 -9.010851e-03 3.683329e-03
7.413082e+00 8.932123e-01 9.903961e-01 4.835218e+04 3.923169e+00 -2.199072e-02 3.693581e-03
7.585755e+00 8.927342e-01 9.860682e-01 4.813925e+04 3.905185e+00 -2.198642e-02 3.699303e-03
7.762450e+00 8.925391e-01 9.867940e-01 4.858719e+04 3.952613e+00 -1.819867e-02 3.725052e-03
7.943260e+00 8.924037e-01 9.949863e-01 4.881576e+04 3.999245e+00 -2.642936e-02 3.758669e-03
8.128283e+00 8.923295e-01 9.863306e-01 4.849457e+04 3.944973e+00 -2.800208e-02 3.712296e-03
8.317614e+00 8.921073e-01 9.885502e-01 4.850612e+04 3.939403e+00 -3.723502e-02 3.714323e-03
8.511356e+00 8.917367e-01 9.918696e-01 4.862700e+04 3.964231e+00 -3.849232e-02 3.728747e-03
8.709611e+00 8.916214e-01 9.853858e-01 4.815363e+04 3.881630e+00 -3.666759e-02 3.691673e-03
8.912483e+00 8.914851e-01 9.875832e-01 4.848496e+04 3.891816e+00 -3.305244e-02 3.713608e-03
9.120082e+00 8.913407e-01 9.905101e-01 4.870363e+04 3.968528e+00 -2.852756e-02 3.716230e-03
9.332516e+00 8.911850e-01 9.906095e-01 4.837450e+04 3.952295e+00 -2.803409e-02 3.750086e-03
9.549897e+00 8.909962e-01 9.822205e-01 4.818812e+04 3.936538e+00 -1.864737e-02 3.736019e-03
9.772343e+00 8.906546e-01 9.872505e-01 4.803100e+04 3.908050e+00 -2.934843e-02 3.712654e-03
9.999969e+00 8.906432e-01 9.807598e-01 4.792595e+04 3.886405e+00 -1.665109e-02 3.685832e-03
1.023290e+01 8.906069e-01 9.852059e-01 4.824823e+04 3.901842e+00 -3.033847e-02 3.733516e-03
1.047125e+01 8.904346e-01 9.850147e-01 4.829297e+04 3.863645e+00 -3.619093e-02 3.697872e-03
1.071516e+01 8.899772e-01 9.866670e-01 4.862146e+04 3.891179e+00 -2.432251e-02 3.713131e-03
1.096475e+01 8.904089e-01 9.911600e-01 4.881338e+04 3.928740e+00 -3.510952e-02 3.707647e-03
1.122015e+01 8.901142e-01 9.900221e-01 4.849676e+04 3.951499e+00 -2.213937e-02 3.706813e-03
1.148150e+01 8.899038e-01 9.964861e-01 4.842191e+04 3.932241e+00 -2.553326e-02 3.729224e-03
1.174894e+01 8.896937e-01 9.848047e-01 4.815833e+04 3.920145e+00 -2.289385e-02 3.695250e-03
1.202261e+01 8.897371e-01 9.807171e-01 4.812397e+04 3.916326e+00 -3.337634e-02 3.705502e-03
1.230265e+01 8.893227e-01 9.877918e-01 4.825650e+04 3.888474e+00 -1.810896e-02 3.716588e-03
1.258921e+01 8.894510e-01 9.844949e-01 4.825843e+04 3.931604e+00 -2.186638e-02 3.735304e-03
1.288245e+01 8.892137e-01 9.865671e-01 4.808088e+04 3.895476e+00 -3.024507e-02 3.717661e-03
1.318252e+01 8.889717e-01 9.931169e-01 4.863553e+04 3.937652e+00 -2.250665e-02 3.744125e-03
1.348958e+01 8.888867e-01 9.905795e-01 4.857114e+04 3.937016e+00 -2.028245e-02 3.715754e-03
1.380380e+01 8.888332e-01 9.917425e-01 4.874339e+04 3.923647e+00 -2.339923e-02 3.712058e-03
1.412533e+01 8.885651e-01 9.850933e-01 4.816219e+04 3.875582e+00 -3.126186e-02 3.707767e-03
1.445435e+01 8.886302e-01 9.919819e-01 4.828504e+04 3.896113e+00 -2.999836e-02 3.730297e-03
1.479103e+01 8.886287e-01 9.901940e-01 4.837099e+04 3.941154e+00 -1.523298e-02 3.724337e-03
1.513556e+01 8.882862e-01 1.000366e+00 4.886116e+04 3.935265e+00 -2.859020e-02 3.752708e-03
1.548811e+01 8.885028e-01 9.875255e-01 4.856943e+04 3.919190e+00 -2.463877e-02 3.701687e-03
1.584888e+01 8.880053e-01 9.917405e-01 4.833680e+04 3.927785e+00 -2.559048e-02 3.729463e-03
1.621804e+01 8.877659e-01 9.845157e-01 4.807621e+04 3.873194e+00 -1.385081e-02 3.709674e-03
1.659581e+01 8.877655e-01 9.927121e-01 4.832873e+04 3.947997e+00 -2.749443e-02 3.724098e-03
1.698238e+01 8.876067e-01 9.938752e-01 4.811764e+04 3.911710e+00 -2.937269e-02 3.697038e-03
1.737795e+01 8.878267e-01 9.888029e-01 4.868240e+04 3.931923e+00 -2.201611e-02 3.750682e-03
1.778273e+01 8.875401e-01 9.920775e-01 4.869253e+04 3.954204e+00 -3.298002e-02 3.736377e-03
1.819694e+01 8.872995e-01 9.832936e-01 4.819225e+04 3.903275e+00 -2.779055e-02 3.742814e-03
1.862080e+01 8.872701e-01 9.898894e-01 4.833221e+04 3.915371e+00 -2.449304e-02 3.728271e-03
1.905454e+01 8.873308e-01 9.920066e-01 4.832671e+04 3.910596e+00 -2.440679e-02 3.710985e-03
1.949837e+01 8.871689e-01 9.944780e-01 4.862453e+04 3.955000e+00 -3.291714e-02 3.719449e-03
1.995255e+01 8.870723e-01 9.847369e-01 4.807457e+04 3.857279e+00 -2.099192e-02 3.703237e-03
2.041730e+01 8.872882e-01 9.918195e-01 4.841031e+04 3.937016e+00 -1.693219e-02 3.731489e-03
2.089288e+01 8.869601e-01 9.885330e-01 4.822507e+04 3.864759e+00 -3.070009e-02 3.772616e-03
2.137954e+01 8.869082e-01 9.803318e-01 4.786628e+04 3.868261e+00 -2.951527e-02 3.714204e-03
2.187753e+01 8.868072e-01 9.922659e-01 4.850809e+04 3.938448e+00 -2.389705e-02 3.745079e-03
2.238713e+01 8.866658e-01 9.913297e-01 4.816667e+04 3.917440e+00 -2.327800e-02 3.723502e-03
2.290859e+01 8.866970e-01 9.916857e-01 4.849315e+04 3.906140e+00 -2.940261e-02 3.764987e-03
2.344220e+01 8.870509e-01 9.886510e-01 4.805736e+04 3.889747e+00 -3.294945e-02 3.729582e-03
2.398824e+01 8.863983e-01 9.889469e-01 4.826336e+04 3.923010e+00 -1.982629e-02 3.713250e-03
2.454699e+01 8.865141e-01 9.979219e-01 4.885527e+04 3.958502e+00 -2.322835e-02 3.761768e-03
2.511877e+01 8.864216e-01 9.866239e-01 4.806720e+04 3.911232e+00 -2.359706e-02 3.721476e-03
2.570386e+01 8.865047e-01 9.893203e-01 4.839813e+04 3.892612e+00 -2.000397e-02 3.732920e-03
2.630258e+01 8.862807e-01 9.832772e-01 4.775301e+04 3.861417e+00 -2.171659e-02 3.683925e-03
2.691524e+01 8.861874e-01 9.898296e-01 4.821171e+04 3.903275e+00 -2.918422e-02 3.739834e-03
2.754218e+01 8.861547e-01 9.922149e-01 4.843111e+04 3.934310e+00 -2.156866e-02 3.749609e-03
2.818372e+01 8.863475e-01 9.932076e-01 4.853507e+04 3.942268e+00 -1.973975e-02 3.757119e-03
2.884020e+01 8.859805e-01 9.925263e-01 4.850636e+04 3.964390e+00 -2.635300e-02 3.729582e-03
2.951197e+01 8.858525e-01 9.884603e-01 4.816710e+04 3.925875e+00 -2.690738e-02 3.715873e-03
3.019939e+01 8.859062e-01 9.827645e-01 4.788448e+04 3.858711e+00 -2.937955e-02 3.709316e-03
3.090283e+01 8.859496e-01 9.854721e-01 4.789764e+04 3.880834e+00 -2.705836e-02 3.718853e-03
3.162265e+01 8.858528e-01 9.857952e-01 4.813827e+04 3.922851e+00 -2.840912e-02 3.747702e-03
3.235923e+01 8.855218e-01 9.869409e-01 4.854851e+04 3.918713e+00 -3.325075e-02 3.751755e-03
3.311298e+01 8.858662e-01 9.878896e-01 4.809605e+04 3.923010e+00 -2.557462e-02 3.717422e-03
3.388427e+01 8.856544e-01 9.828564e-01 4.808521e+04 3.919031e+00 -3.287780e-02 3.741503e-03
3.467354e+01 8.856272e-01 9.831284e-01 4.803318e+04 3.909641e+00 -2.932173e-02 3.738761e-03
3.548119e+01 8.855667e-01 9.895598e-01 4.793884e+04 3.918076e+00 -1.792574e-02 3.714085e-03
3.630765e+01 8.855001e-01 9.896175e-01 4.785942e+04 3.892452e+00 -2.788174e-02 3.711581e-03
3.715337e+01 8.857751e-01 9.817803e-01 4.814316e+04 3.925238e+00 -2.458566e-02 3.733277e-03
3.801878e+01 8.854427e-01 9.822731e-01 4.800400e+04 3.931286e+00 -2.599418e-02 3.719687e-03
3.890435e+01 8.852327e-01 9.852108e-01 4.788926e+04 3.867147e+00 -3.369474e-02 3.702283e-03
3.981054e+01 8.854622e-01 9.930255e-01 4.874461e+04 3.976327e+00 -2.947378e-02 3.793001e-03
4.073785e+01 8.855767e-01 9.920996e-01 4.851362e+04 3.930490e+00 -2.384561e-02 3.772855e-03
4.168676e+01 8.851548e-01 9.883989e-01 4.795591e+04 3.948157e+00 -2.724516e-02 3.716707e-03
4.265776e+01 8.854510e-01 9.861560e-01 4.816046e+04 3.898500e+00 -3.785735e-02 3.695607e-03
4.365139e+01 8.850209e-01 9.907681e-01 4.840096e+04 3.963913e+00 -3.148466e-02 3.714561e-03
4.466816e+01 8.854609e-01 9.900409e-01 4.812555e+04 3.898182e+00 -2.933979e-02 3.730416e-03
4.570861e+01 8.850805e-01 9.910882e-01 4.813421e+04 3.891657e+00 -1.871014e-02 3.751397e-03
4.677330e+01 8.851283e-01 9.897558e-01 4.797280e+04 3.899773e+00 -2.830338e-02 3.747821e-03
4.786279e+01 8.853538e-01 9.920775e-01 4.851345e+04 3.916962e+00 -2.815104e-02 3.762007e-03
4.897766e+01 8.852168e-01 9.847062e-01 4.820928e+04 3.912347e+00 -3.365290e-02 3.726482e-03
5.011850e+01 8.851466e-01 9.855494e-01 4.762658e+04 3.880038e+00 -3.171134e-02 3.709078e-03
5.128590e+01 8.850684e-01 9.878988e-01 4.775435e+04 3.882426e+00 -2.952117e-02 3.736377e-03
5.248050e+01 8.847424e-01 9.851163e-01 4.804163e+04 3.925716e+00 -2.725458e-02 3.751040e-03
5.370293e+01 8.849946e-01 9.873535e-01 4.805102e+04 3.915689e+00 -2.064157e-02 3.753781e-03
5.495383e+01 8.849630e-01 9.843419e-01 4.770895e+04 3.883540e+00 -1.717794e-02 3.700733e-03
5.623387e+01 8.847247e-01 9.947516e-01 4.859904e+04 3.921259e+00 -2.211350e-02 3.756762e-03
5.754372e+01 8.848949e-01 9.736794e-01 4.738739e+04 3.836271e+00 -2.874362e-02 3.694177e-03
5.888409e+01 8.846847e-01 9.827601e-01 4.780393e+04 3.873035e+00 -2.529472e-02 3.687859e-03
6.025567e+01 8.847618e-01 9.879241e-01 4.817158e+04 3.914893e+00 -2.917606e-02 3.740907e-03
6.165921e+01 8.848933e-01 9.808401e-01 4.803855e+04 3.884495e+00 -3.113192e-02 3.724694e-03
6.309543e+01 8.845608e-01 9.929606e-01 4.846155e+04 3.950066e+00 -2.671087e-02 3.751636e-03
6.456512e+01 8.847051e-01 9.954343e-01 4.847833e+04 3.929376e+00 -3.480017e-02 3.771782e-03
6.606902e+01 8.847867e-01 9.887434e-01 4.835576e+04 3.956910e+00 -2.974230e-02 3.753066e-03
6.760797e+01 8.844716e-01 9.910225e-01 4.860055e+04 3.952613e+00 -3.960747e-02 3.764629e-03
6.918276e+01 8.845605e-01 9.901534e-01 4.847037e+04 3.954523e+00 -2.931261e-02 3.728986e-03
7.079424e+01 8.846226e-01 9.888934e-01 4.799169e+04 3.881630e+00 -3.759521e-02 3.749967e-03
7.244324e+01 8.846864e-01 9.918622e-01 4.808552e+04 3.899137e+00 -1.696867e-02 3.762126e-03
7.413066e+01 8.843313e-01 9.815889e-01 4.790931e+04 3.860303e+00 -1.740581e-02 3.736734e-03
7.585738e+01 8.845279e-01 9.897906e-01 4.819821e+04 3.904707e+00 -2.192718e-02 3.772855e-03
7.762433e+01 8.843133e-01 9.793862e-01 4.813104e+04 3.934628e+00 -2.423269e-02 3.709435e-03
7.943243e+01 8.844295e-01 9.860544e-01 4.802406e+04 3.908686e+00 -1.865250e-02 3.739238e-03
8.128265e+01 8.842418e-01 9.928867e-01 4.790719e+04 3.928421e+00 -3.143239e-02 3.716469e-03
8.317596e+01 8.842505e-01 9.879586e-01 4.773730e+04 3.871921e+00 -2.247930e-02 3.740668e-03
8.511337e+01 8.843144e-01 9.884335e-01 4.785876e+04 3.890702e+00 -2.630830e-02 3.745198e-03
8.709592e+01 8.842711e-01 9.905204e-01 4.832494e+04 3.971871e+00 -2.221763e-02 3.741264e-03
8.912464e+01 8.842657e-01 9.830555e-01 4.800459e+04 3.897227e+00 -1.888341e-02 3.735900e-03
9.120061e+01 8.844911e-01 9.898648e-01 4.816427e+04 3.901524e+00 -2.694666e-02 3.750682e-03
9.332495e+01 8.840983e-01 9.934536e-01 4.859104e+04 3.925079e+00 -3.380042e-02 3.781676e-03
9.549876e+01 8.844041e-01 9.889652e-01 4.842253e+04 3.955478e+00 -4.048520e-02 3.749371e-03
9.772321e+01 8.840814e-01 9.915107e-01 4.816956e+04 3.903911e+00 -3.291333e-02 3.766775e-03
