#./overdamped_3d --dev=0 --amp=40.0 --omega=1.0 --force=0 --Dg=0.01 --block=256 --paths=65536 --periods=1000 --trans=100 --samples=100 --spp=1000 --algorithm=euler --pav=1 --mode=moments --domain=1d --domainx=a:-1:2:300:1 --domainy=a:0:10:100:0 --domainz=D:-6:-1:100:1 --q=2 --eps=0 --phi=1.57079632679 --lambda=0.277777777778 --zeta=3.6 --comp=0 --mean=0.0 --second=0.1 --skew=0.99 --distribution=d>> comp_d_a:-1:2:300:1_0.0_3.6_0.277777777778.dat
#a <<v>> qnu(q) mu_q Dx Gx EBx
1.000000e-01 1.002006e+00 1.014327e+00 2.317093e+04 1.864341e+00 -2.490926e-02 9.971857e-04
1.023293e-01 1.002012e+00 1.008324e+00 2.316250e+04 1.878028e+00 -3.142011e-02 1.006722e-03
1.047129e-01 1.002040e+00 1.006201e+00 2.299676e+04 1.832828e+00 -2.342761e-02 9.957552e-04
1.071519e-01 1.002274e+00 1.014062e+00 2.320538e+04 1.873254e+00 -2.839929e-02 1.009107e-03
1.096478e-01 1.002421e+00 1.009985e+00 2.310324e+04 1.839513e+00 -2.884644e-02 9.949207e-04
1.122018e-01 1.002387e+00 1.012326e+00 2.330134e+04 1.846197e+00 -3.610122e-02 1.021266e-03
1.148153e-01 1.002413e+00 1.016059e+00 2.323886e+04 1.851609e+00 -2.529413e-02 1.017213e-03
1.174897e-01 1.002709e+00 1.012343e+00 2.315686e+04 1.801316e+00 -3.021252e-02 1.009345e-03
1.202264e-01 1.002930e+00 1.016720e+00 2.338197e+04 1.846834e+00 -1.821750e-02 1.016736e-03
1.230269e-01 1.003134e+00 1.005056e+00 2.292212e+04 1.793358e+00 -3.141439e-02 9.983778e-04
1.258925e-01 1.003118e+00 1.002676e+00 2.289156e+04 1.817231e+00 -2.923578e-02 9.988546e-04
1.288249e-01 1.003328e+00 1.013361e+00 2.322064e+04 1.852882e+00 -3.373480e-02 1.011372e-03
1.318256e-01 1.003599e+00 1.003485e+00 2.305795e+04 1.863068e+00 -2.857631e-02 9.953976e-04
1.348962e-01 1.003827e+00 1.010041e+00 2.317747e+04 1.854792e+00 -2.744496e-02 9.876490e-04
1.380384e-01 1.003911e+00 1.001608e+00 2.303398e+04 1.860203e+00 -2.452517e-02 1.001477e-03
1.412537e-01 1.004154e+00 1.021129e+00 2.331796e+04 1.862113e+00 -3.651989e-02 1.008034e-03
1.445439e-01 1.004433e+00 9.972489e-01 2.282605e+04 1.870707e+00 -3.441530e-02 9.964705e-04
1.479108e-01 1.004641e+00 1.004172e+00 2.308574e+04 1.828054e+00 -3.065163e-02 1.004100e-03
1.513561e-01 1.004700e+00 1.010117e+00 2.314464e+04 1.867524e+00 -2.598536e-02 1.000166e-03
1.548816e-01 1.005066e+00 1.012351e+00 2.307663e+04 1.827735e+00 -3.874081e-02 1.008511e-03
1.584892e-01 1.005447e+00 1.001145e+00 2.301688e+04 1.804817e+00 -2.073437e-02 9.965897e-04
1.621809e-01 1.005839e+00 1.002313e+00 2.298378e+04 1.782535e+00 -3.708583e-02 9.781122e-04
1.659586e-01 1.005876e+00 1.005642e+00 2.294367e+04 1.787310e+00 -3.433675e-02 9.975433e-04
1.698243e-01 1.006210e+00 9.962063e-01 2.294670e+04 1.800042e+00 -3.586811e-02 9.958744e-04
1.737800e-01 1.006514e+00 1.001641e+00 2.277768e+04 1.791448e+00 -3.562087e-02 9.834766e-04
1.778278e-01 1.006958e+00 1.012806e+00 2.300400e+04 1.810865e+00 -3.183997e-02 1.023769e-03
1.819700e-01 1.007337e+00 9.990131e-01 2.289892e+04 1.775851e+00 -2.163786e-02 1.002431e-03
1.862086e-01 1.007713e+00 1.005314e+00 2.293543e+04 1.831873e+00 -3.209996e-02 9.999275e-04
1.905460e-01 1.007997e+00 1.007068e+00 2.297613e+04 1.849380e+00 -3.096849e-02 1.001358e-03
1.949843e-01 1.008551e+00 1.008354e+00 2.305115e+04 1.793040e+00 -2.549440e-02 1.008272e-03
1.995261e-01 1.009049e+00 1.002597e+00 2.286188e+04 1.845561e+00 -2.893656e-02 1.001954e-03
2.041737e-01 1.009450e+00 1.010228e+00 2.309282e+04 1.856065e+00 -2.411705e-02 1.029968e-03
2.089295e-01 1.009848e+00 1.006890e+00 2.318065e+04 1.829009e+00 -3.237492e-02 1.005888e-03
2.137960e-01 1.010412e+00 1.001543e+00 2.283815e+04 1.806409e+00 -3.121716e-02 9.838343e-04
2.187760e-01 1.011012e+00 9.980918e-01 2.278334e+04 1.811502e+00 -2.671087e-02 9.912252e-04
2.238719e-01 1.011555e+00 1.003258e+00 2.290916e+04 1.824870e+00 -2.624542e-02 9.906292e-04
2.290866e-01 1.012205e+00 1.006550e+00 2.284774e+04 1.831873e+00 -2.537519e-02 1.009464e-03
2.344227e-01 1.012664e+00 1.008808e+00 2.304545e+04 1.814048e+00 -3.397667e-02 1.007438e-03
2.398831e-01 1.013208e+00 1.002322e+00 2.285852e+04 1.834420e+00 -2.748013e-02 1.008034e-03
2.454707e-01 1.014125e+00 1.005514e+00 2.285843e+04 1.802271e+00 -1.872569e-02 9.733438e-04
2.511884e-01 1.014861e+00 1.001160e+00 2.264486e+04 1.816913e+00 -2.890265e-02 9.869337e-04
2.570393e-01 1.015320e+00 1.009532e+00 2.282014e+04 1.806090e+00 -3.165233e-02 9.988546e-04
2.630266e-01 1.016050e+00 1.012747e+00 2.305818e+04 1.799087e+00 -2.787989e-02 9.930134e-04
2.691532e-01 1.016960e+00 1.008148e+00 2.286983e+04 1.814048e+00 -2.523601e-02 9.860992e-04
2.754226e-01 1.017751e+00 1.001183e+00 2.263155e+04 1.795586e+00 -2.574420e-02 9.901524e-04
2.818380e-01 1.018779e+00 9.997190e-01 2.288641e+04 1.794949e+00 -2.891129e-02 1.012802e-03
2.884029e-01 1.019548e+00 1.006773e+00 2.274676e+04 1.802589e+00 -3.350985e-02 9.831190e-04
2.951206e-01 1.020449e+00 1.009595e+00 2.294143e+04 1.854155e+00 -2.976698e-02 9.818077e-04
3.019949e-01 1.021542e+00 1.003878e+00 2.259464e+04 1.777442e+00 -2.364713e-02 9.734631e-04
3.090292e-01 1.022452e+00 1.009658e+00 2.294584e+04 1.786355e+00 -2.401114e-02 1.001120e-03
3.162274e-01 1.023579e+00 1.005297e+00 2.292025e+04 1.825507e+00 -2.226305e-02 9.844303e-04
3.235933e-01 1.024845e+00 1.008258e+00 2.276203e+04 1.780944e+00 -3.487682e-02 1.000404e-03
3.311307e-01 1.025655e+00 1.003010e+00 2.256560e+04 1.839513e+00 -2.554494e-02 9.633303e-04
3.388438e-01 1.027009e+00 1.003333e+00 2.277658e+04 1.784763e+00 -2.634263e-02 9.944439e-04
3.467364e-01 1.028348e+00 1.012386e+00 2.287234e+04 1.829009e+00 -3.521371e-02 1.002669e-03
3.548129e-01 1.029573e+00 1.003619e+00 2.266423e+04 1.770121e+00 -2.865976e-02 9.850264e-04
3.630776e-01 1.030802e+00 9.983072e-01 2.241629e+04 1.754206e+00 -2.635098e-02 9.859800e-04
3.715348e-01 1.032322e+00 1.004506e+00 2.261680e+04 1.779034e+00 -2.170664e-02 1.002312e-03
3.801889e-01 1.033878e+00 1.006418e+00 2.274941e+04 1.793358e+00 -1.366329e-02 9.769201e-04
3.890446e-01 1.035199e+00 1.008635e+00 2.265731e+04 1.783490e+00 -2.285588e-02 9.837151e-04
3.981066e-01 1.036883e+00 9.956882e-01 2.244779e+04 1.783490e+00 -2.389216e-02 9.706020e-04
4.073797e-01 1.038504e+00 1.007128e+00 2.271311e+04 1.842378e+00 -1.388949e-02 9.943247e-04
4.168688e-01 1.040195e+00 1.005330e+00 2.255043e+04 1.780944e+00 -5.772829e-03 9.734631e-04
4.265789e-01 1.042062e+00 1.006091e+00 2.273276e+04 1.782854e+00 -6.451845e-03 9.906292e-04
4.365152e-01 1.043816e+00 9.973374e-01 2.245737e+04 1.795904e+00 -8.885860e-03 9.620190e-04
4.466830e-01 1.045558e+00 1.002843e+00 2.256365e+04 1.802589e+00 -1.647073e-02 9.728670e-04
4.570875e-01 1.047533e+00 1.003642e+00 2.248874e+04 1.777124e+00 -8.461118e-03 9.849072e-04
4.677345e-01 1.049714e+00 1.005601e+00 2.256956e+04 1.767256e+00 -8.431733e-03 9.640455e-04
4.786294e-01 1.051754e+00 1.010983e+00 2.260046e+04 1.798132e+00 -9.565473e-03 9.660721e-04
4.897781e-01 1.053871e+00 1.008689e+00 2.272424e+04 1.785082e+00 -1.766175e-02 9.726286e-04
5.011865e-01 1.055977e+00 1.009318e+00 2.257256e+04 1.724285e+00 -7.970870e-03 9.670258e-04
5.128606e-01 1.058231e+00 1.010427e+00 2.274516e+04 1.792403e+00 -2.487761e-02 9.592772e-04
5.248066e-01 1.060588e+00 1.014805e+00 2.279135e+04 1.804499e+00 -8.232117e-03 9.598732e-04
5.370309e-01 1.063076e+00 1.017616e+00 2.294781e+04 1.852564e+00 -3.195584e-03 9.762049e-04
5.495400e-01 1.065420e+00 1.019777e+00 2.311969e+04 1.832192e+00 -1.931560e-02 9.702444e-04
5.623404e-01 1.068042e+00 1.011455e+00 2.303129e+04 1.844606e+00 -1.853001e-02 9.536743e-04
5.754390e-01 1.070597e+00 1.007808e+00 2.294576e+04 1.806727e+00 -2.683586e-02 9.554625e-04
5.888427e-01 1.073240e+00 1.016288e+00 2.298954e+04 1.827099e+00 -2.022207e-02 9.593964e-04
6.025586e-01 1.076156e+00 1.007763e+00 2.294797e+04 1.892671e+00 -1.059729e-02 9.516478e-04
6.165940e-01 1.079265e+00 1.007727e+00 2.295634e+04 1.799724e+00 -1.180512e-02 9.371042e-04
6.309564e-01 1.081912e+00 1.007664e+00 2.304571e+04 1.815321e+00 -1.483667e-02 9.539127e-04
6.456532e-01 1.085014e+00 1.001543e+00 2.282599e+04 1.823279e+00 -3.416055e-02 9.602308e-04
6.606924e-01 1.087914e+00 1.006577e+00 2.293104e+04 1.851609e+00 -3.275287e-02 9.412766e-04
6.760820e-01 1.091259e+00 1.012889e+00 2.289394e+04 1.828372e+00 -1.512402e-02 9.409189e-04
6.918299e-01 1.094551e+00 1.003299e+00 2.309638e+04 1.851609e+00 -1.738107e-02 9.564161e-04
7.079447e-01 1.097747e+00 1.011550e+00 2.312750e+04 1.888533e+00 -7.082641e-03 9.518862e-04
7.244349e-01 1.101298e+00 1.008902e+00 2.313179e+04 1.917499e+00 -7.660925e-03 9.398460e-04
7.413091e-01 1.104886e+00 1.005024e+00 2.301346e+04 1.865296e+00 -1.779789e-02 9.309053e-04
7.585765e-01 1.108198e+00 1.001246e+00 2.332154e+04 1.979251e+00 -1.117224e-02 9.504557e-04
7.762460e-01 1.111730e+00 1.010917e+00 2.346712e+04 1.964927e+00 -2.551723e-02 9.354353e-04
7.943270e-01 1.115643e+00 1.005906e+00 2.320988e+04 1.822961e+00 -2.053630e-02 9.281635e-04
8.128293e-01 1.119335e+00 9.969087e-01 2.323353e+04 1.933733e+00 -3.085130e-02 9.287596e-04
8.317625e-01 1.123155e+00 9.967298e-01 2.330410e+04 1.923547e+00 -2.717876e-02 9.198189e-04
8.511367e-01 1.127249e+00 1.001917e+00 2.335274e+04 1.871662e+00 -1.876402e-02 9.331703e-04
8.709623e-01 1.130962e+00 1.007740e+00 2.351543e+04 1.915907e+00 -2.408201e-02 9.227991e-04
8.912496e-01 1.135083e+00 1.013046e+00 2.374645e+04 1.886623e+00 -2.745467e-02 9.310246e-04
9.120094e-01 1.139282e+00 1.003825e+00 2.384356e+04 1.898718e+00 -1.375735e-02 9.202957e-04
9.332529e-01 1.143395e+00 1.005927e+00 2.379433e+04 1.880575e+00 1.574755e-04 9.249449e-04
9.549911e-01 1.147638e+00 1.012573e+00 2.426823e+04 1.926411e+00 -5.203187e-03 9.236336e-04
9.772357e-01 1.152138e+00 1.010084e+00 2.435258e+04 1.964927e+00 -1.408172e-02 9.186268e-04
9.999985e-01 1.156592e+00 1.000522e+00 2.423259e+04 1.956332e+00 -4.231215e-03 8.962154e-04
1.023291e+00 1.161098e+00 1.012106e+00 2.436762e+04 1.936597e+00 -1.518422e-02 9.108782e-04
1.047127e+00 1.165775e+00 9.990222e-01 2.443448e+04 1.914316e+00 -9.145558e-03 9.014606e-04
1.071518e+00 1.170438e+00 1.012126e+00 2.490738e+04 1.925775e+00 -1.960635e-02 9.030104e-04
1.096477e+00 1.175125e+00 1.013298e+00 2.517548e+04 1.916544e+00 -1.520967e-02 9.002686e-04
1.122017e+00 1.179699e+00 1.013213e+00 2.518083e+04 2.075062e+00 -1.949328e-02 9.127855e-04
1.148152e+00 1.184561e+00 1.010999e+00 2.542464e+04 1.964609e+00 -1.950163e-02 8.945465e-04
1.174896e+00 1.189454e+00 1.008012e+00 2.538237e+04 2.002487e+00 -2.399850e-02 9.090900e-04
1.202263e+00 1.194275e+00 1.007038e+00 2.552890e+04 2.007262e+00 -1.307684e-02 9.077787e-04
1.230267e+00 1.199421e+00 1.014391e+00 2.554396e+04 2.068059e+00 -1.919538e-02 8.808374e-04
1.258923e+00 1.204498e+00 1.012641e+00 2.588599e+04 2.104983e+00 -1.716715e-02 8.820295e-04
1.288247e+00 1.209506e+00 1.009508e+00 2.607957e+04 2.127583e+00 -2.599561e-02 8.810759e-04
1.318255e+00 1.214381e+00 1.008404e+00 2.616314e+04 2.127902e+00 -1.440275e-02 8.735657e-04
1.348961e+00 1.219615e+00 1.002512e+00 2.627869e+04 2.079837e+00 -8.077562e-03 8.895397e-04
1.380382e+00 1.224812e+00 1.004277e+00 2.652293e+04 2.205251e+00 -7.100940e-03 8.841753e-04
1.412535e+00 1.230158e+00 9.999096e-01 2.662676e+04 2.192200e+00 -9.370387e-03 8.548498e-04
1.445438e+00 1.235398e+00 1.005646e+00 2.694086e+04 2.197930e+00 -1.075059e-02 8.527040e-04
1.479106e+00 1.240653e+00 1.011096e+00 2.741721e+04 2.317933e+00 -2.715683e-02 8.624792e-04
1.513559e+00 1.246160e+00 1.001367e+00 2.721091e+04 2.205251e+00 -7.962823e-03 8.605719e-04
1.548814e+00 1.251560e+00 1.009299e+00 2.763440e+04 2.318887e+00 -1.276016e-03 8.573532e-04
1.584891e+00 1.257122e+00 1.008847e+00 2.774409e+04 2.241856e+00 -1.412565e-02 8.310080e-04
1.621808e+00 1.262545e+00 1.001082e+00 2.773960e+04 2.251406e+00 -9.813786e-03 8.575916e-04
1.659584e+00 1.268074e+00 1.002864e+00 2.822592e+04 2.290240e+00 -4.757762e-03 8.438826e-04
1.698241e+00 1.273369e+00 1.003086e+00 2.871376e+04 2.315386e+00 -6.473064e-03 8.450747e-04
1.737798e+00 1.279004e+00 1.000406e+00 2.868552e+04 2.306473e+00 -7.512808e-03 8.375645e-04
1.778277e+00 1.284541e+00 1.005763e+00 2.912580e+04 2.265730e+00 9.161234e-03 8.263588e-04
1.819698e+00 1.290110e+00 9.973952e-01 2.883963e+04 2.364724e+00 1.058936e-03 8.190870e-04
1.862084e+00 1.295623e+00 1.006487e+00 2.957847e+04 2.326209e+00 -2.972424e-03 8.226633e-04
1.905458e+00 1.301155e+00 9.999273e-01 2.982456e+04 2.398147e+00 -4.908741e-03 8.231401e-04
1.949842e+00 1.306886e+00 1.005508e+00 3.009582e+04 2.452896e+00 9.243369e-03 8.167028e-04
1.995259e+00 1.312323e+00 1.004214e+00 3.032267e+04 2.341487e+00 -4.627109e-04 8.181334e-04
2.041735e+00 1.317904e+00 1.001399e+00 3.068356e+04 2.457989e+00 -9.393811e-03 8.103848e-04
2.089293e+00 1.323356e+00 9.920033e-01 3.069330e+04 2.503825e+00 -7.470191e-03 8.037090e-04
2.137959e+00 1.329106e+00 9.998685e-01 3.127637e+04 2.500006e+00 -5.860984e-03 8.186102e-04
2.187758e+00 1.334682e+00 9.904528e-01 3.123993e+04 2.541386e+00 -2.555847e-04 8.019209e-04
2.238717e+00 1.340102e+00 9.960262e-01 3.186948e+04 2.645155e+00 -4.514575e-03 7.945299e-04
2.290864e+00 1.345613e+00 9.887680e-01 3.161573e+04 2.540749e+00 -8.928716e-03 7.890463e-04
2.344225e+00 1.351256e+00 9.942393e-01 3.225847e+04 2.632423e+00 -4.059911e-03 7.874966e-04
2.398829e+00 1.356644e+00 1.000908e+00 3.301902e+04 2.668073e+00 -9.559333e-03 7.979870e-04
2.454705e+00 1.362463e+00 9.925710e-01 3.312131e+04 2.710090e+00 -1.530647e-02 7.944107e-04
2.511882e+00 1.367765e+00 9.891880e-01 3.351210e+04 2.693538e+00 -9.114683e-03 7.787943e-04
2.570391e+00 1.373117e+00 1.001089e+00 3.396755e+04 2.722823e+00 -1.143181e-02 7.919073e-04
2.630263e+00 1.378752e+00 9.961235e-01 3.437108e+04 2.708180e+00 -1.095498e-02 7.883310e-04
2.691530e+00 1.384203e+00 9.986192e-01 3.478220e+04 2.736192e+00 -1.584649e-02 7.802248e-04
2.754224e+00 1.389763e+00 9.977840e-01 3.541751e+04 2.759747e+00 -3.515959e-03 7.965565e-04
2.818378e+00 1.394934e+00 9.977151e-01 3.566051e+04 2.658524e+00 -1.431203e-02 7.835627e-04
2.884026e+00 1.400458e+00 1.001712e+00 3.599241e+04 2.747651e+00 -6.261885e-03 7.619858e-04
2.951204e+00 1.405574e+00 9.973931e-01 3.639553e+04 2.969831e+00 -1.351035e-02 7.662773e-04
3.019946e+00 1.410910e+00 1.007453e+00 3.657209e+04 2.879431e+00 -1.597744e-02 7.618666e-04
3.090289e+00 1.416018e+00 1.004344e+00 3.706827e+04 2.869882e+00 -8.235276e-03 7.662773e-04
3.162271e+00 1.421302e+00 9.960520e-01 3.735067e+04 2.901076e+00 -1.164228e-02 7.371902e-04
3.235930e+00 1.426181e+00 1.006855e+00 3.786174e+04 2.990203e+00 -2.067202e-02 7.617474e-04
3.311305e+00 1.431730e+00 1.000822e+00 3.825063e+04 3.109251e+00 -1.084834e-02 7.611513e-04
3.388435e+00 1.436724e+00 1.004864e+00 3.884168e+04 3.073600e+00 -1.256758e-02 7.488728e-04
3.467361e+00 1.441744e+00 1.015106e+00 3.915955e+04 2.901713e+00 -7.819235e-03 7.528067e-04
3.548127e+00 1.446767e+00 1.008906e+00 3.947695e+04 3.026490e+00 -6.688833e-04 7.332563e-04
3.630773e+00 1.452178e+00 1.006679e+00 4.012918e+04 3.070417e+00 -1.688522e-02 7.357597e-04
3.715345e+00 1.456600e+00 1.019200e+00 4.090915e+04 3.188828e+00 -3.067189e-02 7.206202e-04
3.801886e+00 1.461310e+00 1.008114e+00 4.083207e+04 3.044316e+00 -1.709944e-02 7.088184e-04
3.890443e+00 1.466148e+00 1.005117e+00 4.122850e+04 3.130259e+00 -2.148014e-02 7.549524e-04
3.981063e+00 1.471082e+00 1.006521e+00 4.157627e+04 3.179916e+00 -1.450670e-02 7.437468e-04
4.073794e+00 1.476133e+00 1.004107e+00 4.192441e+04 3.246124e+00 -7.194281e-03 7.216930e-04
4.168685e+00 1.480371e+00 1.000158e+00 4.230674e+04 3.239758e+00 -2.940214e-02 7.200241e-04
4.265786e+00 1.485177e+00 1.015105e+00 4.330481e+04 3.221296e+00 -1.557165e-02 7.338524e-04
4.365149e+00 1.489482e+00 1.008928e+00 4.369489e+04 3.382997e+00 -2.514398e-02 7.334948e-04
4.466826e+00 1.494197e+00 1.010080e+00 4.401534e+04 3.312333e+00 -1.257473e-02 7.392168e-04
4.570871e+00 1.498477e+00 1.011707e+00 4.428208e+04 3.330158e+00 -1.162881e-02 7.431507e-04
4.677341e+00 1.502721e+00 1.007264e+00 4.474755e+04 3.457482e+00 -1.301688e-02 7.270575e-04
4.786290e+00 1.507398e+00 1.006618e+00 4.534226e+04 3.390637e+00 -1.296097e-02 7.230043e-04
4.897777e+00 1.511605e+00 1.012040e+00 4.583025e+04 3.493769e+00 -1.881433e-02 7.361174e-04
5.011860e+00 1.515618e+00 1.021602e+00 4.653306e+04 3.491223e+00 -9.629607e-03 7.346869e-04
5.128602e+00 1.520149e+00 1.016761e+00 4.675247e+04 3.502045e+00 -1.530999e-02 7.141829e-04
5.248062e+00 1.524310e+00 1.019629e+00 4.718455e+04 3.453026e+00 -2.748966e-02 7.469654e-04
5.370305e+00 1.528293e+00 1.017866e+00 4.725432e+04 3.596265e+00 -1.900637e-02 7.437468e-04
5.495395e+00 1.532196e+00 1.014306e+00 4.799586e+04 3.686028e+00 -2.737737e-02 7.287264e-04
5.623399e+00 1.536125e+00 1.019584e+00 4.859036e+04 3.726772e+00 -3.437567e-02 7.493496e-04
5.754385e+00 1.539428e+00 1.010430e+00 4.845224e+04 3.796800e+00 -2.461153e-02 7.462502e-04
5.888422e+00 1.543865e+00 1.009269e+00 4.859937e+04 3.703217e+00 -2.776229e-02 7.125139e-04
6.025580e+00 1.547741e+00 1.011765e+00 4.865566e+04 3.873831e+00 -3.422630e-02 7.508993e-04
6.165934e+00 1.551380e+00 1.017243e+00 4.932614e+04 3.852186e+00 -3.248692e-02 7.300377e-04
6.309557e+00 1.555059e+00 1.011945e+00 4.985367e+04 3.915848e+00 -3.273845e-02 7.225275e-04
6.456525e+00 1.558449e+00 1.017647e+00 5.033598e+04 3.824175e+00 -2.936548e-02 7.311106e-04
6.606917e+00 1.562344e+00 1.011154e+00 5.021437e+04 3.947042e+00 -3.129303e-02 7.572174e-04
6.760812e+00 1.565657e+00 1.002236e+00 5.024888e+04 4.080733e+00 -3.359705e-02 7.355213e-04
6.918291e+00 1.568867e+00 1.016416e+00 5.149555e+04 4.136755e+00 -2.459043e-02 7.297993e-04
7.079439e+00 1.572366e+00 1.021617e+00 5.211807e+04 4.174315e+00 -2.516592e-02 7.559061e-04
7.244340e+00 1.576123e+00 1.012461e+00 5.207170e+04 4.204237e+00 -2.192390e-02 7.447004e-04
7.413082e+00 1.579264e+00 1.011164e+00 5.268844e+04 4.104924e+00 -2.267575e-02 7.284880e-04
7.585755e+00 1.582711e+00 1.010201e+00 5.244519e+04 4.184502e+00 -1.854932e-02 7.576942e-04
7.762450e+00 1.585862e+00 1.013460e+00 5.250913e+04 4.229702e+00 -2.355164e-02 7.280111e-04
7.943260e+00 1.589071e+00 1.014388e+00 5.284333e+04 4.253893e+00 -2.381617e-02 7.405281e-04
8.128283e+00 1.592089e+00 1.009884e+00 5.301377e+04 4.311826e+00 -2.176672e-02 7.511377e-04
8.317614e+00 1.595552e+00 1.016999e+00 5.361347e+04 4.506631e+00 -1.791131e-02 7.505417e-04
8.511356e+00 1.598281e+00 1.008650e+00 5.352559e+04 4.393950e+00 -1.719362e-02 7.586479e-04
8.709611e+00 1.601083e+00 1.011805e+00 5.431405e+04 4.441696e+00 -2.410483e-02 7.443428e-04
8.912483e+00 1.604030e+00 1.009169e+00 5.430850e+04 4.531459e+00 -1.890808e-02 7.399321e-04
9.120082e+00 1.607007e+00 1.016956e+00 5.490708e+04 4.447425e+00 -7.426858e-03 7.365942e-04
9.332516e+00 1.609696e+00 1.006859e+00 5.489807e+04 4.646051e+00 -1.919669e-02 7.637739e-04
9.549897e+00 1.612340e+00 1.008268e+00 5.550396e+04 4.595121e+00 -2.051640e-02 7.532835e-04
9.772343e+00 1.614962e+00 1.008118e+00 5.518352e+04 4.622496e+00 -1.329029e-02 7.460117e-04
9.999969e+00 1.617773e+00 1.016359e+00 5.601841e+04 4.756186e+00 -1.746500e-02 7.638931e-04
1.023290e+01 1.620480e+00 1.010535e+00 5.569653e+04 4.705256e+00 -2.966774e-02 7.641315e-04
1.047125e+01 1.622836e+00 1.003349e+00 5.592810e+04 4.723082e+00 -8.440375e-03 7.618666e-04
1.071516e+01 1.625551e+00 1.015457e+00 5.715816e+04 4.848496e+00 -2.298480e-02 7.609129e-04
1.096475e+01 1.628012e+00 1.005311e+00 5.629673e+04 4.659420e+00 -1.384753e-02 7.462502e-04
1.122015e+01 1.630291e+00 1.011666e+00 5.680882e+04 4.812209e+00 -1.366013e-02 7.739067e-04
1.148150e+01 1.632769e+00 1.010369e+00 5.722648e+04 4.957358e+00 -1.984543e-02 7.548332e-04
1.174894e+01 1.635268e+00 1.017703e+00 5.756980e+04 4.956085e+00 -2.218765e-02 7.760525e-04
1.202261e+01 1.637738e+00 1.016561e+00 5.859203e+04 4.927437e+00 -8.733988e-03 7.911921e-04
1.230265e+01 1.639570e+00 1.009017e+00 5.768757e+04 4.875871e+00 -1.761687e-02 7.795095e-04
1.258921e+01 1.642011e+00 1.011305e+00 5.812739e+04 4.875871e+00 -1.845598e-02 7.743835e-04
1.288245e+01 1.644437e+00 1.007158e+00 5.902843e+04 4.900062e+00 -1.935858e-02 7.991791e-04
1.318252e+01 1.646126e+00 1.014617e+00 5.897499e+04 5.232378e+00 -1.953912e-02 7.952452e-04
1.348958e+01 1.648226e+00 1.013717e+00 5.919522e+04 5.031206e+00 -1.906091e-02 8.156300e-04
1.380380e+01 1.650291e+00 1.010717e+00 5.949664e+04 5.172535e+00 -1.298118e-02 7.970333e-04
1.412533e+01 1.652478e+00 1.009895e+00 5.960254e+04 5.015290e+00 -1.437879e-02 8.032322e-04
1.445435e+01 1.654127e+00 1.008564e+00 5.942802e+04 5.135612e+00 -5.612314e-03 8.018017e-04
1.479103e+01 1.656044e+00 1.008804e+00 6.016976e+04 5.210732e+00 -2.046603e-02 8.236170e-04
1.513556e+01 1.657629e+00 1.005495e+00 6.017502e+04 5.179538e+00 -2.841109e-02 8.245707e-04
1.548811e+01 1.659844e+00 1.013337e+00 6.039608e+04 5.128609e+00 -1.339036e-02 8.026361e-04
1.584888e+01 1.661962e+00 1.012782e+00 6.056358e+04 5.282670e+00 -2.137744e-02 8.270741e-04
1.621804e+01 1.663525e+00 1.002972e+00 6.043574e+04 5.135612e+00 -2.066761e-02 8.111000e-04
1.659581e+01 1.665416e+00 1.012856e+00 6.131922e+04 5.157257e+00 -2.655804e-02 8.279085e-04
1.698238e+01 1.666883e+00 1.010820e+00 6.106139e+04 5.218372e+00 -2.468801e-02 8.238554e-04
1.737795e+01 1.668577e+00 1.004368e+00 6.081305e+04 5.257206e+00 -1.336902e-02 8.229017e-04
1.778273e+01 1.670174e+00 1.011052e+00 6.142270e+04 5.295403e+00 -2.367193e-02 8.310080e-04
1.819694e+01 1.671665e+00 1.008680e+00 6.146865e+04 5.137521e+00 -1.577938e-02 8.407831e-04
1.862080e+01 1.673249e+00 1.002633e+00 6.169627e+04 5.168716e+00 -1.788992e-02 8.337498e-04
1.905454e+01 1.674994e+00 1.009085e+00 6.154734e+04 5.155983e+00 -8.258581e-03 8.404255e-04
1.949837e+01 1.676428e+00 1.013774e+00 6.185518e+04 5.154710e+00 -2.496696e-02 8.581877e-04
1.995255e+01 1.677836e+00 1.012835e+00 6.260430e+04 5.233014e+00 -1.896787e-02 8.590221e-04
2.041730e+01 1.679153e+00 1.002095e+00 6.194239e+04 5.318958e+00 -2.648270e-02 8.442402e-04
2.089288e+01 1.680684e+00 1.006175e+00 6.222304e+04 5.198000e+00 -1.613027e-02 8.505583e-04
2.137954e+01 1.682307e+00 1.012353e+00 6.302327e+04 5.318958e+00 -1.497209e-02 8.606911e-04
2.187753e+01 1.683649e+00 1.013713e+00 6.346200e+04 5.407448e+00 -1.656443e-02 8.600950e-04
2.238713e+01 1.684933e+00 1.013360e+00 6.342469e+04 5.381347e+00 -1.603687e-02 8.602142e-04
2.290859e+01 1.685826e+00 1.009290e+00 6.313370e+04 5.397262e+00 -2.422857e-02 8.708239e-04
2.344220e+01 1.687454e+00 1.019048e+00 6.395941e+04 5.396626e+00 -1.503092e-02 8.780956e-04
2.398824e+01 1.688589e+00 1.015463e+00 6.363377e+04 5.361611e+00 -1.772535e-02 8.858442e-04
2.454699e+01 1.689765e+00 1.006647e+00 6.350973e+04 5.337420e+00 -1.645440e-02 8.782148e-04
2.511877e+01 1.691307e+00 1.009731e+00 6.420138e+04 5.327871e+00 -2.158123e-02 8.722544e-04
2.570386e+01 1.692474e+00 1.016961e+00 6.400584e+04 5.425910e+00 -1.958203e-02 8.838177e-04
2.630258e+01 1.693435e+00 1.013938e+00 6.416854e+04 5.261025e+00 -1.877344e-02 8.916855e-04
2.691524e+01 1.694386e+00 1.008131e+00 6.422993e+04 5.163623e+00 -1.902467e-02 8.920431e-04
2.754218e+01 1.695608e+00 1.017123e+00 6.449828e+04 5.399809e+00 -2.097273e-02 8.974075e-04
2.818372e+01 1.696474e+00 1.014665e+00 6.526079e+04 5.429093e+00 -1.594013e-02 9.083748e-04
2.884020e+01 1.697803e+00 1.005027e+00 6.410821e+04 5.422727e+00 -1.041311e-02 8.970499e-04
2.951197e+01 1.698616e+00 1.000870e+00 6.386955e+04 5.141341e+00 -5.086541e-03 8.898973e-04
3.019939e+01 1.700070e+00 1.013836e+00 6.455157e+04 5.297313e+00 -8.482516e-03 8.903742e-04
3.090283e+01 1.701045e+00 1.006277e+00 6.438415e+04 5.274395e+00 -9.947777e-03 8.931160e-04
3.162265e+01 1.701862e+00 1.015115e+00 6.475797e+04 5.353972e+00 -9.344995e-03 9.105206e-04
3.235923e+01 1.702503e+00 1.010590e+00 6.446345e+04 5.438643e+00 -1.471752e-02 9.036064e-04
3.311298e+01 1.703589e+00 1.007430e+00 6.517870e+04 5.340603e+00 -1.586437e-02 8.974075e-04
3.388427e+01 1.704681e+00 1.012196e+00 6.594746e+04 5.408085e+00 -1.710957e-02 9.093285e-04
3.467354e+01 1.705442e+00 1.003514e+00 6.492611e+04 5.393443e+00 -7.438004e-03 9.022951e-04
3.548119e+01 1.706028e+00 1.004775e+00 6.515134e+04 5.299860e+00 -1.133865e-02 9.062290e-04
3.630765e+01 1.707383e+00 1.008578e+00 6.549623e+04 5.367978e+00 -1.864278e-02 9.118319e-04
3.715337e+01 1.708148e+00 1.003395e+00 6.441521e+04 5.277578e+00 -1.766241e-02 9.021759e-04
3.801878e+01 1.708803e+00 1.005087e+00 6.529959e+04 5.338057e+00 -8.417666e-03 9.145737e-04
3.890435e+01 1.709808e+00 1.018008e+00 6.614345e+04 5.474293e+00 -1.470441e-02 9.257793e-04
3.981054e+01 1.710684e+00 1.018792e+00 6.606905e+04 5.360338e+00 -2.108693e-03 9.241104e-04
4.073785e+01 1.710610e+00 1.005164e+00 6.531005e+04 5.422091e+00 -5.541325e-03 9.047985e-04
4.168676e+01 1.711746e+00 1.012601e+00 6.570708e+04 5.381983e+00 -1.395082e-02 9.191036e-04
4.265776e+01 1.712811e+00 1.018012e+00 6.640907e+04 5.581882e+00 -2.075374e-02 9.282827e-04
4.365139e+01 1.713485e+00 1.011391e+00 6.558887e+04 5.432913e+00 -1.194853e-02 9.269714e-04
4.466816e+01 1.713896e+00 1.012502e+00 6.647642e+04 5.366704e+00 -2.168357e-02 9.576082e-04
4.570861e+01 1.714659e+00 1.005883e+00 6.637265e+04 5.692017e+00 -8.838058e-03 9.253025e-04
4.677330e+01 1.715479e+00 9.989438e-01 6.567005e+04 5.484479e+00 -1.777124e-02 9.393692e-04
4.786279e+01 1.716117e+00 1.014733e+00 6.621512e+04 5.339330e+00 -1.020235e-02 9.356737e-04
4.897766e+01 1.716421e+00 1.015346e+00 6.661598e+04 5.480023e+00 -2.109784e-02 9.310246e-04
5.011850e+01 1.716751e+00 1.008841e+00 6.654187e+04 5.545595e+00 -1.683450e-02 9.287596e-04
5.128590e+01 1.717263e+00 1.012772e+00 6.681623e+04 5.486389e+00 -1.748967e-02 9.348392e-04
5.248050e+01 1.718895e+00 1.008413e+00 6.662884e+04 5.387076e+00 -1.024508e-02 9.424686e-04
5.370293e+01 1.719374e+00 1.008610e+00 6.698718e+04 5.530316e+00 -2.354991e-02 9.320974e-04
5.495383e+01 1.719314e+00 1.009161e+00 6.701998e+04 5.502941e+00 -2.742553e-02 9.547472e-04
5.623387e+01 1.719847e+00 1.009074e+00 6.695233e+04 5.570423e+00 -2.654606e-02 9.385347e-04
5.754372e+01 1.720435e+00 1.017885e+00 6.751620e+04 5.490845e+00 -1.538074e-02 9.495020e-04
5.888409e+01 1.721697e+00 1.009935e+00 6.688480e+04 5.553871e+00 -1.297784e-02 9.455681e-04
6.025567e+01 1.722142e+00 1.013247e+00 6.757475e+04 5.578062e+00 -1.757061e-02 9.562969e-04
6.165921e+01 1.722196e+00 1.010470e+00 6.697659e+04 5.424000e+00 -1.772517e-02 9.342432e-04
6.309543e+01 1.722344e+00 1.010105e+00 6.728008e+04 5.407448e+00 -1.147610e-02 9.516478e-04
6.456512e+01 1.722590e+00 1.009131e+00 6.703877e+04 5.424000e+00 -1.647580e-02 9.377003e-04
6.606902e+01 1.723802e+00 1.012322e+00 6.702031e+04 5.384530e+00 -1.410007e-02 9.336472e-04
6.760797e+01 1.724830e+00 1.012967e+00 6.793875e+04 5.599707e+00 -1.255065e-02 9.621382e-04
6.918276e+01 1.725360e+00 1.007069e+00 6.756341e+04 5.635994e+00 -1.774055e-02 9.448528e-04
7.079424e+01 1.725239e+00 1.002503e+00 6.669415e+04 5.474930e+00 -1.109225e-02 9.377003e-04
7.244324e+01 1.725685e+00 1.006134e+00 6.720459e+04 5.531589e+00 -1.196247e-02 9.448528e-04
7.413066e+01 1.725266e+00 1.007363e+00 6.715882e+04 5.572969e+00 -2.574366e-02 9.483099e-04
7.585738e+01 1.725690e+00 1.008524e+00 6.722094e+04 5.450738e+00 -1.570058e-02 9.602308e-04
7.762433e+01 1.726887e+00 1.013461e+00 6.820329e+04 5.553234e+00 -1.383495e-02 9.742975e-04
7.943243e+01 1.727525e+00 1.008048e+00 6.761825e+04 5.466017e+00 -1.731515e-02 9.735823e-04
8.128265e+01 1.728408e+00 1.009026e+00 6.766359e+04 5.537319e+00 -2.145237e-02 9.640455e-04
8.317596e+01 1.728446e+00 1.004702e+00 6.784222e+04 5.718755e+00 -1.736802e-02 9.624958e-04
8.511337e+01 1.728200e+00 1.004950e+00 6.787071e+04 5.593341e+00 -2.436322e-02 9.545088e-04
8.709592e+01 1.728243e+00 1.010538e+00 6.801808e+04 5.461561e+00 -6.340384e-03 9.735823e-04
8.912464e+01 1.728387e+00 1.016668e+00 6.765195e+04 5.454558e+00 -2.313882e-02 9.596348e-04
9.120061e+01 1.728579e+00 1.007526e+00 6.769394e+04 5.528406e+00 -1.508743e-02 9.583235e-04
9.332495e+01 1.730004e+00 1.011754e+00 6.828422e+04 5.445645e+00 -2.131015e-02 9.770393e-04
9.549876e+01 1.731131e+00 1.006507e+00 6.890909e+04 5.745493e+00 -1.607078e-02 9.708405e-04
9.772321e+01 1.731038e+00 1.009591e+00 6.866017e+04 5.634721e+00 -1.498950e-02 9.664297e-04
