#./overdamped_3d --dev=0 --amp=40.0 --omega=1.0 --force=0 --Dg=0.01 --block=256 --paths=65536 --periods=1000 --trans=100 --samples=100 --spp=1000 --algorithm=euler --pav=1 --mode=moments --domain=1d --domainx=a:-1:2:300:1 --domainy=a:0:10:100:0 --domainz=D:-6:-1:100:1 --q=2 --eps=0 --phi=1.57079632679 --lambda=0.277777777778 --zeta=3.6 --comp=0 --mean=0.0 --second=3.14 --skew=0.0 --distribution=s>> comp_s_3.14_a:-1:2:300:1_0.0_0.0_3.6_0.277777777778.dat
#a <<v>> qnu(q) mu_q Dx Gx EBx
1.000000e-01 1.000766e+00 1.005063e+00 2.841548e+04 2.316659e+00 1.649725e-02 1.405358e-03
1.023293e-01 1.000703e+00 1.008749e+00 2.828348e+04 2.243448e+00 -2.257943e-03 1.425862e-03
1.047129e-01 1.000965e+00 1.011195e+00 2.834668e+04 2.285146e+00 -5.345047e-03 1.414061e-03
1.071519e-01 1.000693e+00 1.002796e+00 2.833379e+04 2.270186e+00 3.936768e-03 1.401067e-03
1.096478e-01 1.000710e+00 1.007508e+00 2.841347e+04 2.215118e+00 1.179349e-02 1.397371e-03
1.122018e-01 1.000942e+00 1.007532e+00 2.862261e+04 2.311248e+00 1.487958e-02 1.400113e-03
1.148153e-01 1.001020e+00 1.007414e+00 2.827721e+04 2.259682e+00 6.525517e-03 1.394391e-03
1.174897e-01 1.001173e+00 1.005530e+00 2.853544e+04 2.288011e+00 1.873314e-02 1.400232e-03
1.202264e-01 1.001127e+00 1.011140e+00 2.856413e+04 2.325572e+00 3.920436e-03 1.423597e-03
1.230269e-01 1.001122e+00 1.008369e+00 2.874566e+04 2.263183e+00 1.273751e-03 1.431704e-03
1.258925e-01 1.001239e+00 9.986866e-01 2.850380e+04 2.255225e+00 6.245971e-03 1.418114e-03
1.288249e-01 1.001288e+00 1.009028e+00 2.862887e+04 2.272732e+00 6.986618e-03 1.416802e-03
1.318256e-01 1.001367e+00 1.003979e+00 2.835232e+04 2.224986e+00 5.610466e-03 1.396775e-03
1.348962e-01 1.001307e+00 1.006401e+00 2.865456e+04 2.280372e+00 7.270694e-03 1.416802e-03
1.380384e-01 1.001457e+00 1.003979e+00 2.849707e+04 2.288648e+00 1.046562e-02 1.397014e-03
1.412537e-01 1.001613e+00 1.000291e+00 2.843921e+04 2.332257e+00 2.218997e-02 1.402974e-03
1.445439e-01 1.001835e+00 1.003291e+00 2.856850e+04 2.268276e+00 9.576797e-03 1.397133e-03
1.479108e-01 1.001645e+00 1.004343e+00 2.867560e+04 2.314749e+00 9.295106e-03 1.425505e-03
1.513561e-01 1.001957e+00 1.008829e+00 2.891864e+04 2.328755e+00 1.551497e-02 1.427531e-03
1.548816e-01 1.002005e+00 1.009556e+00 2.874412e+04 2.280054e+00 1.621258e-02 1.424313e-03
1.584892e-01 1.002224e+00 1.006845e+00 2.844451e+04 2.295014e+00 1.004207e-02 1.397133e-03
1.621809e-01 1.002367e+00 1.007340e+00 2.890965e+04 2.261273e+00 1.448143e-02 1.414537e-03
1.659586e-01 1.002227e+00 1.015566e+00 2.888679e+04 2.289921e+00 1.335633e-02 1.405239e-03
1.698243e-01 1.002316e+00 1.004513e+00 2.847386e+04 2.250451e+00 8.360624e-03 1.391292e-03
1.737800e-01 1.002483e+00 1.003550e+00 2.876674e+04 2.285783e+00 1.153290e-02 1.412630e-03
1.778278e-01 1.002525e+00 9.994134e-01 2.831238e+04 2.216073e+00 9.385943e-03 1.377106e-03
1.819700e-01 1.002775e+00 1.012055e+00 2.882736e+04 2.327800e+00 5.792141e-03 1.412749e-03
1.862086e-01 1.002642e+00 1.010729e+00 2.878142e+04 2.277507e+00 6.752014e-03 1.375079e-03
1.905460e-01 1.002830e+00 1.000034e+00 2.855141e+04 2.288648e+00 1.387894e-02 1.384854e-03
1.949843e-01 1.003080e+00 1.005530e+00 2.869457e+04 2.284192e+00 1.068079e-02 1.408815e-03
1.995261e-01 1.003169e+00 1.005514e+00 2.897148e+04 2.309020e+00 3.450155e-03 1.416683e-03
2.041737e-01 1.003406e+00 1.009475e+00 2.858265e+04 2.259682e+00 1.001573e-02 1.375675e-03
2.089295e-01 1.003647e+00 9.981202e-01 2.878860e+04 2.305518e+00 1.289761e-02 1.394749e-03
2.137960e-01 1.003446e+00 1.004959e+00 2.909500e+04 2.302972e+00 8.701324e-03 1.406431e-03
2.187760e-01 1.003483e+00 9.999164e-01 2.872254e+04 2.270504e+00 1.322377e-02 1.420259e-03
2.238719e-01 1.003756e+00 1.002315e+00 2.890318e+04 2.336713e+00 4.191637e-03 1.404643e-03
2.290866e-01 1.004012e+00 1.001774e+00 2.889065e+04 2.281327e+00 1.653767e-02 1.389503e-03
2.344227e-01 1.004084e+00 1.005334e+00 2.898197e+04 2.324617e+00 2.847075e-03 1.401186e-03
2.398831e-01 1.004055e+00 1.004505e+00 2.901946e+04 2.275597e+00 2.257586e-03 1.404524e-03
2.454707e-01 1.004393e+00 1.006638e+00 2.919508e+04 2.313794e+00 4.919291e-03 1.404285e-03
2.511884e-01 1.004452e+00 9.983712e-01 2.895308e+04 2.268913e+00 1.320446e-02 1.412749e-03
2.570393e-01 1.004760e+00 1.006360e+00 2.913710e+04 2.287056e+00 -6.525993e-03 1.399994e-03
2.630266e-01 1.004679e+00 1.002124e+00 2.913604e+04 2.276234e+00 8.410096e-03 1.396537e-03
2.691532e-01 1.005057e+00 9.961978e-01 2.892451e+04 2.308383e+00 2.957344e-03 1.391530e-03
2.754226e-01 1.005370e+00 1.001867e+00 2.927273e+04 2.319206e+00 1.007223e-02 1.408339e-03
2.818380e-01 1.005292e+00 1.006857e+00 2.943890e+04 2.345944e+00 2.651811e-03 1.414061e-03
2.884029e-01 1.005670e+00 1.006379e+00 2.961623e+04 2.323662e+00 3.927827e-03 1.404405e-03
2.951206e-01 1.005990e+00 1.000396e+00 2.913142e+04 2.296288e+00 6.779313e-03 1.396894e-03
3.019949e-01 1.006031e+00 1.010240e+00 2.933697e+04 2.299470e+00 6.574035e-03 1.397610e-03
3.090292e-01 1.006083e+00 1.001757e+00 2.922924e+04 2.300107e+00 8.282304e-03 1.391768e-03
3.162274e-01 1.006517e+00 1.001118e+00 2.950691e+04 2.363769e+00 3.771186e-03 1.406789e-03
3.235933e-01 1.006631e+00 1.005154e+00 2.942919e+04 2.386369e+00 4.813910e-03 1.394272e-03
3.311307e-01 1.006915e+00 1.002835e+00 2.965399e+04 2.336395e+00 8.692741e-03 1.390100e-03
3.388438e-01 1.007094e+00 1.006776e+00 2.953131e+04 2.328437e+00 8.117676e-03 1.399517e-03
3.467364e-01 1.007381e+00 1.008328e+00 2.991631e+04 2.366952e+00 7.231832e-03 1.401186e-03
3.548129e-01 1.007717e+00 1.005197e+00 2.960171e+04 2.397192e+00 3.411770e-04 1.388550e-03
3.630776e-01 1.007888e+00 9.981212e-01 2.941953e+04 2.387642e+00 8.670926e-03 1.381755e-03
3.715348e-01 1.007856e+00 1.000811e+00 2.974006e+04 2.335121e+00 -2.821743e-03 1.389980e-03
3.801889e-01 1.008100e+00 1.001699e+00 2.965519e+04 2.395918e+00 5.950570e-03 1.383305e-03
3.890446e-01 1.008447e+00 9.988564e-01 2.978195e+04 2.408014e+00 7.398844e-03 1.387596e-03
3.981066e-01 1.008786e+00 1.007651e+00 3.008250e+04 2.400056e+00 1.437020e-02 1.407266e-03
4.073797e-01 1.008977e+00 1.003357e+00 2.975409e+04 2.312840e+00 1.598859e-02 1.381636e-03
4.168688e-01 1.009481e+00 1.005747e+00 3.013963e+04 2.427113e+00 1.479888e-02 1.393676e-03
4.265789e-01 1.009887e+00 9.974608e-01 3.011219e+04 2.421701e+00 2.040184e-02 1.403928e-03
4.365152e-01 1.010005e+00 1.009636e+00 3.035030e+04 2.379048e+00 5.454540e-03 1.399636e-03
4.466830e-01 1.010190e+00 1.007370e+00 3.033997e+04 2.393372e+00 6.217837e-03 1.415491e-03
4.570875e-01 1.010488e+00 1.012985e+00 3.040103e+04 2.427431e+00 8.550048e-03 1.396656e-03
4.677345e-01 1.010489e+00 1.008711e+00 3.034407e+04 2.430614e+00 7.892609e-03 1.375318e-03
4.786294e-01 1.011113e+00 1.004472e+00 3.054478e+04 2.432524e+00 1.356161e-02 1.394629e-03
4.897781e-01 1.011196e+00 1.009164e+00 3.040373e+04 2.444302e+00 1.488364e-02 1.397729e-03
5.011865e-01 1.011713e+00 1.010398e+00 3.076832e+04 2.433797e+00 1.972389e-02 1.396298e-03
5.128606e-01 1.012129e+00 9.990130e-01 3.076726e+04 2.426158e+00 1.823068e-02 1.404881e-03
5.248066e-01 1.012277e+00 1.002502e+00 3.070627e+04 2.476769e+00 1.351690e-02 1.399279e-03
5.370309e-01 1.012427e+00 1.011446e+00 3.096583e+04 2.403239e+00 7.310629e-03 1.404643e-03
5.495400e-01 1.012897e+00 1.003643e+00 3.086354e+04 2.444302e+00 6.739497e-03 1.383066e-03
5.623404e-01 1.013253e+00 1.006440e+00 3.115948e+04 2.467856e+00 4.716754e-03 1.382470e-03
5.754390e-01 1.013414e+00 9.941175e-01 3.088831e+04 2.388597e+00 1.080155e-03 1.374245e-03
5.888427e-01 1.013967e+00 1.000211e+00 3.094791e+04 2.430296e+00 9.232759e-03 1.378417e-03
6.025586e-01 1.013958e+00 1.000293e+00 3.094152e+04 2.437299e+00 9.796381e-03 1.374960e-03
6.165940e-01 1.014372e+00 1.003849e+00 3.124347e+04 2.487273e+00 1.838207e-04 1.376867e-03
6.309564e-01 1.014606e+00 9.969428e-01 3.152341e+04 2.493639e+00 1.524615e-02 1.384139e-03
6.456532e-01 1.015162e+00 1.007402e+00 3.147096e+04 2.521651e+00 4.165173e-04 1.380086e-03
6.606924e-01 1.015584e+00 9.964803e-01 3.108300e+04 2.476451e+00 1.449275e-02 1.353621e-03
6.760820e-01 1.015809e+00 1.009948e+00 3.184397e+04 2.508919e+00 -3.565550e-04 1.391768e-03
6.918299e-01 1.016096e+00 1.002257e+00 3.177280e+04 2.613006e+00 1.198459e-02 1.381755e-03
7.079447e-01 1.016370e+00 9.929425e-01 3.145029e+04 2.498733e+00 2.363062e-02 1.363039e-03
7.244349e-01 1.016947e+00 1.000691e+00 3.172085e+04 2.569079e+00 2.082121e-02 1.370072e-03
7.413091e-01 1.017296e+00 1.004879e+00 3.194272e+04 2.482180e+00 1.844752e-02 1.389384e-03
7.585765e-01 1.017632e+00 1.001906e+00 3.201731e+04 2.552845e+00 1.466477e-02 1.368403e-03
7.762460e-01 1.017912e+00 1.002940e+00 3.198219e+04 2.594862e+00 1.201427e-02 1.358390e-03
7.943270e-01 1.018463e+00 1.008071e+00 3.234421e+04 2.590406e+00 1.995492e-02 1.373768e-03
8.128293e-01 1.018489e+00 9.972363e-01 3.193283e+04 2.535656e+00 2.006447e-02 1.364112e-03
8.317625e-01 1.018777e+00 1.001619e+00 3.206100e+04 2.574490e+00 1.991713e-02 1.376867e-03
8.511367e-01 1.019552e+00 1.004375e+00 3.239973e+04 2.538203e+00 1.500273e-02 1.379371e-03
8.709623e-01 1.019857e+00 9.989844e-01 3.228227e+04 2.547116e+00 2.519298e-02 1.356125e-03
8.912496e-01 1.020113e+00 9.952706e-01 3.229562e+04 2.604730e+00 2.328932e-02 1.367211e-03
9.120094e-01 1.020502e+00 9.948884e-01 3.221113e+04 2.513375e+00 1.389945e-02 1.341939e-03
9.332529e-01 1.020639e+00 9.969180e-01 3.241779e+04 2.556983e+00 1.286387e-02 1.364946e-03
9.549911e-01 1.021009e+00 9.995919e-01 3.294815e+04 2.580857e+00 2.675998e-02 1.363397e-03
9.772357e-01 1.021629e+00 1.001532e+00 3.298493e+04 2.574809e+00 1.884270e-02 1.356125e-03
9.999985e-01 1.021926e+00 1.003091e+00 3.299091e+04 2.611414e+00 4.942536e-03 1.356244e-03
1.023291e+00 1.022303e+00 9.968836e-01 3.292247e+04 2.598045e+00 1.273334e-02 1.371622e-03
1.047127e+00 1.022693e+00 1.004485e+00 3.355411e+04 2.641335e+00 9.501934e-03 1.368880e-03
1.071518e+00 1.022970e+00 9.948931e-01 3.293480e+04 2.599000e+00 1.500988e-02 1.350760e-03
1.096477e+00 1.023539e+00 1.001223e+00 3.312117e+04 2.610459e+00 9.777784e-03 1.347303e-03
1.122017e+00 1.023943e+00 9.896914e-01 3.306320e+04 2.599637e+00 7.087588e-03 1.360536e-03
1.148152e+00 1.023953e+00 9.968203e-01 3.335383e+04 2.663299e+00 8.051157e-03 1.336098e-03
1.174896e+00 1.024695e+00 9.918909e-01 3.305234e+04 2.622555e+00 9.963751e-03 1.338243e-03
1.202263e+00 1.024590e+00 1.005794e+00 3.393104e+04 2.680806e+00 1.183820e-02 1.355767e-03
1.230267e+00 1.025231e+00 1.002582e+00 3.379880e+04 2.692583e+00 1.850617e-02 1.345992e-03
1.258923e+00 1.025713e+00 1.001929e+00 3.438536e+04 2.704361e+00 1.398957e-02 1.350164e-03
1.288247e+00 1.025882e+00 9.991540e-01 3.386811e+04 2.677304e+00 1.673806e-02 1.345515e-03
1.318255e+00 1.026340e+00 9.894705e-01 3.392480e+04 2.711045e+00 1.394796e-02 1.342773e-03
1.348961e+00 1.026830e+00 9.948978e-01 3.435541e+04 2.743513e+00 1.044035e-02 1.335740e-03
1.380382e+00 1.027272e+00 1.003428e+00 3.447869e+04 2.707862e+00 8.834839e-03 1.334667e-03
1.412535e+00 1.027653e+00 1.000033e+00 3.454891e+04 2.715820e+00 7.994652e-03 1.356840e-03
1.445438e+00 1.028037e+00 1.007658e+00 3.465502e+04 2.719321e+00 1.425910e-02 1.346827e-03
1.479106e+00 1.028047e+00 9.942036e-01 3.427966e+04 2.715820e+00 1.475751e-02 1.326799e-03
1.513559e+00 1.028575e+00 9.906492e-01 3.456539e+04 2.666800e+00 1.190722e-02 1.344562e-03
1.548814e+00 1.028777e+00 9.971920e-01 3.490350e+04 2.738420e+00 8.817673e-03 1.340628e-03
1.584891e+00 1.029235e+00 9.964930e-01 3.482891e+04 2.667755e+00 1.681471e-02 1.330733e-03
1.621808e+00 1.029480e+00 9.999465e-01 3.521331e+04 2.751152e+00 1.272058e-02 1.341701e-03
1.659584e+00 1.030088e+00 1.006883e+00 3.535140e+04 2.719640e+00 7.903576e-03 1.356244e-03
1.698241e+00 1.030402e+00 9.904838e-01 3.507335e+04 2.827865e+00 7.874966e-03 1.327753e-03
1.737798e+00 1.030512e+00 1.002988e+00 3.560393e+04 2.786166e+00 9.113550e-03 1.333356e-03
1.778277e+00 1.030628e+00 1.006824e+00 3.599518e+04 2.837733e+00 1.839757e-02 1.338243e-03
1.819698e+00 1.031176e+00 1.000767e+00 3.553137e+04 2.747651e+00 2.628016e-02 1.318812e-03
1.862084e+00 1.031275e+00 1.007786e+00 3.601143e+04 2.829775e+00 2.024186e-02 1.338363e-03
1.905458e+00 1.031762e+00 1.005409e+00 3.610998e+04 2.884206e+00 2.530384e-02 1.332045e-03
1.949842e+00 1.031762e+00 1.007339e+00 3.600325e+04 2.859378e+00 2.179205e-02 1.343608e-03
1.995259e+00 1.032404e+00 9.993731e-01 3.594509e+04 2.840279e+00 2.380908e-02 1.326323e-03
2.041735e+00 1.032739e+00 1.002130e+00 3.630639e+04 2.835504e+00 1.230466e-02 1.311064e-03
2.089293e+00 1.033255e+00 9.936006e-01 3.565623e+04 2.777572e+00 3.213322e-02 1.306295e-03
2.137959e+00 1.033318e+00 1.008039e+00 3.650033e+04 2.815769e+00 1.366425e-02 1.321793e-03
2.187758e+00 1.033699e+00 1.010499e+00 3.672433e+04 2.832639e+00 2.278566e-02 1.322627e-03
2.238717e+00 1.034062e+00 1.015934e+00 3.714428e+04 2.916673e+00 2.310550e-02 1.314402e-03
2.290864e+00 1.034354e+00 1.008800e+00 3.685806e+04 2.876885e+00 5.928278e-03 1.317859e-03
2.344225e+00 1.034473e+00 9.989464e-01 3.669279e+04 2.858104e+00 2.638507e-02 1.301765e-03
2.398829e+00 1.034618e+00 1.008617e+00 3.722713e+04 2.930997e+00 2.459466e-02 1.334906e-03
2.454705e+00 1.035203e+00 1.008689e+00 3.704245e+04 2.902031e+00 2.239799e-02 1.337528e-03
2.511882e+00 1.035233e+00 1.010230e+00 3.751025e+04 2.949778e+00 1.445854e-02 1.317739e-03
2.570391e+00 1.035276e+00 9.989186e-01 3.716997e+04 2.892800e+00 3.106451e-02 1.313806e-03
2.630263e+00 1.035835e+00 1.009127e+00 3.754419e+04 2.889299e+00 1.987422e-02 1.324534e-03
2.691530e+00 1.035980e+00 1.006805e+00 3.739130e+04 2.909352e+00 2.070427e-02 1.324296e-03
2.754224e+00 1.036510e+00 1.011909e+00 3.751511e+04 2.926859e+00 1.041460e-02 1.314759e-03
2.818378e+00 1.036689e+00 1.005111e+00 3.750599e+04 2.942456e+00 1.903450e-02 1.310110e-03
2.884026e+00 1.036892e+00 1.008297e+00 3.784303e+04 2.925268e+00 1.637411e-02 1.311779e-03
2.951204e+00 1.037464e+00 1.017655e+00 3.831854e+04 2.913172e+00 1.846588e-02 1.345634e-03
3.019946e+00 1.037397e+00 1.010930e+00 3.805488e+04 2.925268e+00 1.791036e-02 1.341462e-03
3.090289e+00 1.037830e+00 1.010165e+00 3.772064e+04 2.902031e+00 2.166963e-02 1.322508e-03
3.162271e+00 1.037826e+00 1.005896e+00 3.752949e+04 2.937364e+00 3.228152e-02 1.303792e-03
3.235930e+00 1.038338e+00 1.008372e+00 3.824063e+04 2.985428e+00 2.617884e-02 1.315355e-03
3.311305e+00 1.038541e+00 1.014710e+00 3.803390e+04 2.981609e+00 1.943386e-02 1.303315e-03
3.388435e+00 1.038514e+00 1.004752e+00 3.816566e+04 2.995296e+00 3.184438e-03 1.328707e-03
3.467361e+00 1.038837e+00 1.016286e+00 3.838698e+04 2.950414e+00 1.210237e-02 1.314998e-03
3.548127e+00 1.039084e+00 9.980807e-01 3.806678e+04 2.970150e+00 1.201093e-02 1.304030e-03
3.630773e+00 1.039356e+00 1.011218e+00 3.843122e+04 2.981290e+00 9.209752e-03 1.308680e-03
3.715345e+00 1.039764e+00 1.006255e+00 3.850346e+04 2.983837e+00 3.174019e-02 1.312137e-03
3.801886e+00 1.039880e+00 1.004652e+00 3.866836e+04 2.961555e+00 2.556217e-02 1.324296e-03
3.890443e+00 1.039986e+00 1.013062e+00 3.882710e+04 2.973969e+00 2.633703e-02 1.302361e-03
3.981063e+00 1.040337e+00 1.007487e+00 3.872115e+04 3.014076e+00 7.105350e-03 1.305699e-03
4.073794e+00 1.040346e+00 1.003733e+00 3.850792e+04 2.995296e+00 1.400614e-02 1.310945e-03
4.168685e+00 1.040681e+00 1.011172e+00 3.923399e+04 3.066916e+00 2.146494e-02 1.321435e-03
4.265786e+00 1.040647e+00 1.019281e+00 3.941870e+04 3.063096e+00 1.634061e-02 1.314282e-03
4.365149e+00 1.041196e+00 1.003932e+00 3.886489e+04 3.033175e+00 2.413106e-02 1.306415e-03
4.466826e+00 1.041490e+00 1.004007e+00 3.871992e+04 2.980335e+00 2.263486e-02 1.304865e-03
4.570871e+00 1.041506e+00 1.010903e+00 3.876618e+04 2.978426e+00 3.037870e-02 1.299500e-03
4.677341e+00 1.041432e+00 1.003180e+00 3.880731e+04 3.040178e+00 1.585925e-02 1.321673e-03
4.786290e+00 1.041813e+00 1.007750e+00 3.921624e+04 3.091425e+00 1.135647e-02 1.318336e-03
4.897777e+00 1.041927e+00 1.007796e+00 3.912636e+04 3.013440e+00 8.965373e-03 1.312971e-03
5.011860e+00 1.042091e+00 1.003467e+00 3.909374e+04 2.987657e+00 2.178729e-02 1.321077e-03
5.128602e+00 1.042601e+00 1.001370e+00 3.912595e+04 3.033175e+00 1.416290e-02 1.324534e-03
5.248062e+00 1.042650e+00 1.004271e+00 3.898759e+04 2.992431e+00 2.046871e-02 1.307845e-03
5.370305e+00 1.042696e+00 1.013401e+00 3.986641e+04 3.057685e+00 1.161575e-02 1.314640e-03
5.495395e+00 1.042902e+00 1.014111e+00 3.982376e+04 3.025217e+00 6.033897e-03 1.317739e-03
5.623399e+00 1.042847e+00 1.009782e+00 3.939445e+04 2.999434e+00 1.271272e-02 1.307130e-03
5.754385e+00 1.043403e+00 1.008166e+00 3.953152e+04 3.047817e+00 6.503463e-03 1.306295e-03
5.888422e+00 1.043387e+00 1.014857e+00 3.999959e+04 3.156679e+00 1.084721e-02 1.341105e-03
6.025580e+00 1.043704e+00 1.014672e+00 3.998487e+04 3.103840e+00 4.447460e-03 1.307249e-03
6.165934e+00 1.043564e+00 1.006597e+00 3.971727e+04 3.117208e+00 5.116940e-03 1.322150e-03
6.309557e+00 1.043933e+00 1.011106e+00 3.981829e+04 3.101293e+00 5.302548e-03 1.321077e-03
6.456525e+00 1.043830e+00 1.012052e+00 3.968944e+04 3.054820e+00 1.782978e-02 1.327753e-03
6.606917e+00 1.044089e+00 1.009399e+00 3.954692e+04 3.063096e+00 1.173627e-02 1.314163e-03
6.760812e+00 1.044325e+00 1.002048e+00 3.993652e+04 3.081876e+00 1.003039e-02 1.323104e-03
6.918291e+00 1.044439e+00 1.009369e+00 4.011411e+04 3.057366e+00 6.003022e-03 1.332998e-03
7.079439e+00 1.044551e+00 1.005224e+00 4.002213e+04 3.063733e+00 1.348782e-02 1.330256e-03
7.244340e+00 1.044658e+00 9.975543e-01 3.964606e+04 3.090789e+00 2.124476e-02 1.311302e-03
7.413082e+00 1.044845e+00 1.005691e+00 4.005632e+04 3.081876e+00 1.921225e-02 1.333117e-03
7.585755e+00 1.045189e+00 1.008279e+00 4.026639e+04 3.125166e+00 1.595700e-02 1.332879e-03
7.762450e+00 1.045313e+00 1.009167e+00 3.984428e+04 3.065642e+00 1.672626e-02 1.330018e-03
7.943260e+00 1.045225e+00 1.006924e+00 4.002067e+04 3.084104e+00 2.464747e-02 1.341701e-03
8.128283e+00 1.045545e+00 1.008718e+00 4.083054e+04 3.184690e+00 1.658893e-02 1.357555e-03
8.317614e+00 1.045572e+00 1.005188e+00 4.019017e+04 3.108296e+00 1.424158e-02 1.333952e-03
8.511356e+00 1.045542e+00 1.005543e+00 4.006801e+04 3.057685e+00 1.167858e-02 1.315951e-03
8.709611e+00 1.045776e+00 1.013620e+00 4.048766e+04 3.104476e+00 2.213180e-02 1.341105e-03
8.912483e+00 1.045986e+00 1.005970e+00 4.045655e+04 3.105113e+00 2.125549e-02 1.331329e-03
9.120082e+00 1.046119e+00 1.003725e+00 4.028015e+04 3.121028e+00 1.458716e-02 1.331925e-03
9.332516e+00 1.046092e+00 1.008791e+00 4.042552e+04 3.131214e+00 1.729345e-02 1.346827e-03
9.549897e+00 1.046254e+00 1.006204e+00 4.088829e+04 3.122938e+00 1.628923e-02 1.353621e-03
9.772343e+00 1.046196e+00 1.007998e+00 4.052941e+04 3.148721e+00 2.213073e-02 1.353860e-03
9.999969e+00 1.046373e+00 1.007366e+00 4.041126e+04 3.093335e+00 1.904476e-02 1.351833e-03
1.023290e+01 1.046558e+00 1.009995e+00 4.045279e+04 3.142037e+00 2.715468e-02 1.335979e-03
1.047125e+01 1.046750e+00 1.000075e+00 4.060433e+04 3.104795e+00 2.005458e-02 1.350760e-03
1.071516e+01 1.046843e+00 1.010751e+00 4.069826e+04 3.123256e+00 1.149964e-02 1.363039e-03
1.096475e+01 1.046862e+00 1.004053e+00 4.066674e+04 3.122620e+00 2.231061e-02 1.352191e-03
1.122015e+01 1.046831e+00 1.002445e+00 4.052086e+04 3.193921e+00 2.181196e-02 1.350760e-03
1.148150e+01 1.047049e+00 1.010072e+00 4.085380e+04 3.168138e+00 1.518607e-03 1.371384e-03
1.174894e+01 1.047131e+00 1.012465e+00 4.112684e+04 3.185009e+00 -3.269136e-03 1.374722e-03
1.202261e+01 1.047395e+00 1.010158e+00 4.085034e+04 3.186600e+00 3.543258e-03 1.360059e-03
1.230265e+01 1.047471e+00 1.009160e+00 4.065058e+04 3.158907e+00 -2.031326e-04 1.366973e-03
1.258921e+01 1.047502e+00 1.005444e+00 4.084531e+04 3.118482e+00 8.656979e-04 1.381397e-03
1.288245e+01 1.047557e+00 1.011027e+00 4.089228e+04 3.195831e+00 3.037095e-03 1.355410e-03
1.318252e+01 1.047527e+00 1.008916e+00 4.058664e+04 3.084741e+00 1.082754e-02 1.364589e-03
1.348958e+01 1.047426e+00 1.005407e+00 4.081607e+04 3.164637e+00 7.660508e-03 1.370668e-03
1.380380e+01 1.047773e+00 1.001012e+00 4.066114e+04 3.151268e+00 -5.016923e-04 1.370072e-03
1.412533e+01 1.048024e+00 1.003009e+00 4.068249e+04 3.050045e+00 2.529979e-03 1.387954e-03
1.445435e+01 1.047858e+00 1.002426e+00 4.073059e+04 3.090471e+00 1.823854e-02 1.347065e-03
1.479103e+01 1.047900e+00 1.008752e+00 4.110843e+04 3.174186e+00 1.234114e-02 1.381636e-03
1.513556e+01 1.048252e+00 1.002322e+00 4.061643e+04 3.146811e+00 2.233505e-03 1.370072e-03
1.548811e+01 1.048046e+00 1.000356e+00 4.056242e+04 3.108296e+00 8.923292e-03 1.372457e-03
1.584888e+01 1.048489e+00 1.008648e+00 4.100646e+04 3.129941e+00 8.198500e-03 1.378775e-03
1.621804e+01 1.048302e+00 9.994970e-01 4.050171e+04 3.109887e+00 9.907365e-03 1.368761e-03
1.659581e+01 1.048376e+00 1.011144e+00 4.140106e+04 3.222251e+00 1.300454e-02 1.400471e-03
1.698238e+01 1.048220e+00 1.007839e+00 4.118509e+04 3.253127e+00 -7.302344e-03 1.410007e-03
1.737795e+01 1.048604e+00 1.002602e+00 4.077407e+04 3.165273e+00 7.817030e-03 1.368999e-03
1.778273e+01 1.048572e+00 1.001711e+00 4.105123e+04 3.140764e+00 1.317620e-02 1.392841e-03
1.819694e+01 1.048626e+00 1.006432e+00 4.109656e+04 3.211747e+00 5.812407e-03 1.394391e-03
1.862080e+01 1.048833e+00 9.982714e-01 4.075411e+04 3.120392e+00 1.408720e-02 1.374483e-03
1.905454e+01 1.048822e+00 1.007088e+00 4.097222e+04 3.145856e+00 8.091450e-03 1.387119e-03
1.949837e+01 1.048687e+00 1.003414e+00 4.066223e+04 3.120392e+00 6.552935e-03 1.389623e-03
1.995255e+01 1.048685e+00 1.005684e+00 4.065478e+04 3.094927e+00 1.208806e-02 1.386166e-03
2.041730e+01 1.048599e+00 1.006646e+00 4.098417e+04 3.149040e+00 1.023245e-02 1.374722e-03
2.089288e+01 1.048756e+00 1.004910e+00 4.100484e+04 3.173231e+00 7.819295e-03 1.400828e-03
2.137954e+01 1.048732e+00 9.989077e-01 4.088961e+04 3.118164e+00 2.428532e-03 1.391292e-03
2.187753e+01 1.049117e+00 1.010457e+00 4.133777e+04 3.199014e+00 8.114696e-03 1.417637e-03
2.238713e+01 1.048939e+00 1.003976e+00 4.122032e+04 3.168775e+00 1.328957e-02 1.393437e-03
2.290859e+01 1.048985e+00 1.003572e+00 4.121107e+04 3.230209e+00 1.241875e-02 1.397848e-03
2.344220e+01 1.049268e+00 1.010964e+00 4.163407e+04 3.209200e+00 2.071381e-03 1.408577e-03
2.398824e+01 1.049359e+00 1.010571e+00 4.127520e+04 3.190420e+00 1.187885e-02 1.430154e-03
2.454699e+01 1.049249e+00 1.003670e+00 4.105760e+04 3.181507e+00 2.096438e-02 1.402259e-03
2.511877e+01 1.049433e+00 1.002193e+00 4.094168e+04 3.162090e+00 1.676226e-02 1.403570e-03
2.570386e+01 1.049502e+00 1.003667e+00 4.100914e+04 3.164637e+00 6.824732e-03 1.418710e-03
2.630258e+01 1.049317e+00 1.012084e+00 4.147893e+04 3.171958e+00 7.619143e-03 1.414776e-03
2.691524e+01 1.049306e+00 1.009345e+00 4.107837e+04 3.159225e+00 1.993978e-02 1.410365e-03
2.754218e+01 1.049418e+00 1.001922e+00 4.104759e+04 3.157952e+00 1.208830e-02 1.396298e-03
2.818372e+01 1.049586e+00 1.010098e+00 4.158673e+04 3.234028e+00 1.162720e-02 1.421332e-03
2.884020e+01 1.049530e+00 1.008325e+00 4.137866e+04 3.185327e+00 -3.663301e-04 1.414776e-03
2.951197e+01 1.049559e+00 1.013473e+00 4.148740e+04 3.178961e+00 1.975179e-02 1.428962e-03
3.019939e+01 1.049634e+00 1.004614e+00 4.146421e+04 3.194558e+00 1.441669e-02 1.426220e-03
3.090283e+01 1.049826e+00 1.008227e+00 4.126684e+04 3.194240e+00 3.182638e-02 1.429081e-03
3.162265e+01 1.049755e+00 1.007511e+00 4.104812e+04 3.181507e+00 1.718235e-02 1.405478e-03
3.235923e+01 1.049781e+00 1.010560e+00 4.133082e+04 3.209837e+00 2.237558e-02 1.401663e-03
3.311298e+01 1.049701e+00 1.001721e+00 4.083424e+04 3.154133e+00 1.092017e-02 1.405597e-03
3.388427e+01 1.049957e+00 1.007544e+00 4.102975e+04 3.123893e+00 1.219368e-02 1.417160e-03
3.467354e+01 1.049782e+00 1.006861e+00 4.151242e+04 3.261085e+00 1.472473e-02 1.410127e-03
3.548119e+01 1.050007e+00 1.011092e+00 4.132272e+04 3.232437e+00 1.832318e-02 1.403332e-03
3.630765e+01 1.049873e+00 1.010581e+00 4.177750e+04 3.298327e+00 8.661032e-03 1.439214e-03
3.715337e+01 1.049966e+00 1.006102e+00 4.132967e+04 3.157634e+00 3.520846e-03 1.418948e-03
3.801878e+01 1.049948e+00 1.005854e+00 4.117920e+04 3.216203e+00 2.289951e-02 1.409292e-03
3.890435e+01 1.049974e+00 1.005069e+00 4.152539e+04 3.206017e+00 2.106237e-02 1.420259e-03
3.981054e+01 1.049970e+00 1.006851e+00 4.117570e+04 3.223842e+00 2.079439e-02 1.428246e-03
4.073785e+01 1.050188e+00 1.009437e+00 4.140494e+04 3.225752e+00 1.315856e-02 1.429319e-03
4.168676e+01 1.050142e+00 1.007857e+00 4.151354e+04 3.218750e+00 2.363920e-04 1.446009e-03
4.265776e+01 1.050071e+00 1.009724e+00 4.154239e+04 3.249944e+00 1.163173e-02 1.428485e-03
4.365139e+01 1.049738e+00 1.008105e+00 4.144109e+04 3.234347e+00 1.804745e-02 1.440048e-03
4.466816e+01 1.050222e+00 1.008372e+00 4.154978e+04 3.197741e+00 2.276206e-02 1.431584e-03
4.570861e+01 1.050082e+00 9.957530e-01 4.089010e+04 3.153814e+00 1.136386e-02 1.407266e-03
4.677330e+01 1.050269e+00 1.004587e+00 4.147300e+04 3.158271e+00 2.533674e-02 1.426935e-03
4.786279e+01 1.050197e+00 1.001393e+00 4.139389e+04 3.217158e+00 1.806939e-02 1.432061e-03
4.897766e+01 1.050415e+00 1.010865e+00 4.193879e+04 3.243578e+00 1.813579e-02 1.430631e-03
5.011850e+01 1.050071e+00 1.003970e+00 4.149030e+04 3.229890e+00 1.710761e-02 1.437187e-03
5.128590e+01 1.050367e+00 1.010749e+00 4.157051e+04 3.184690e+00 2.887201e-02 1.427770e-03
5.248050e+01 1.050307e+00 1.006879e+00 4.148715e+04 3.181189e+00 3.354311e-02 1.427412e-03
5.370293e+01 1.050315e+00 1.009963e+00 4.159571e+04 3.191693e+00 9.089351e-03 1.451731e-03
5.495383e+01 1.050298e+00 1.003060e+00 4.119982e+04 3.161454e+00 1.358843e-02 1.426935e-03
5.623387e+01 1.050304e+00 1.008237e+00 4.134286e+04 3.208245e+00 9.759903e-03 1.428843e-03
5.754372e+01 1.050538e+00 1.003357e+00 4.141583e+04 3.212065e+00 -5.429983e-05 1.428127e-03
5.888409e+01 1.050223e+00 1.013610e+00 4.174554e+04 3.204744e+00 2.058589e-02 1.463294e-03
6.025567e+01 1.050436e+00 1.011957e+00 4.162229e+04 3.181825e+00 4.929304e-03 1.459718e-03
6.165921e+01 1.050479e+00 1.018002e+00 4.182882e+04 3.281138e+00 2.065504e-02 1.449347e-03
6.309543e+01 1.050272e+00 1.015972e+00 4.174540e+04 3.228935e+00 2.068853e-02 1.433969e-03
6.456512e+01 1.050587e+00 1.007440e+00 4.167510e+04 3.282093e+00 1.272571e-02 1.459479e-03
6.606902e+01 1.050457e+00 1.007313e+00 4.171728e+04 3.285913e+00 1.158237e-02 1.447916e-03
6.760797e+01 1.050622e+00 1.007544e+00 4.182754e+04 3.241668e+00 1.702690e-02 1.449227e-03
6.918276e+01 1.050599e+00 1.005779e+00 4.158546e+04 3.224479e+00 7.792234e-03 1.451015e-03
7.079424e+01 1.050468e+00 1.004844e+00 4.159304e+04 3.247716e+00 1.429427e-02 1.453638e-03
7.244324e+01 1.050540e+00 1.005717e+00 4.140560e+04 3.159862e+00 1.205158e-02 1.446009e-03
7.413066e+01 1.050395e+00 1.009703e+00 4.177432e+04 3.234347e+00 1.465321e-03 1.461029e-03
7.585738e+01 1.050687e+00 1.011041e+00 4.172211e+04 3.233392e+00 1.826704e-02 1.473308e-03
7.762433e+01 1.050408e+00 1.006475e+00 4.166132e+04 3.278910e+00 2.466476e-02 1.447082e-03
7.943243e+01 1.050922e+00 1.003550e+00 4.147965e+04 3.225116e+00 6.193519e-03 1.434684e-03
8.128265e+01 1.050810e+00 1.012684e+00 4.186100e+04 3.234347e+00 9.525537e-03 1.440167e-03
8.317596e+01 1.050655e+00 1.005574e+00 4.144756e+04 3.219704e+00 1.885700e-02 1.423478e-03
8.511337e+01 1.050356e+00 1.008601e+00 4.187473e+04 3.286231e+00 2.012312e-02 1.453280e-03
8.709592e+01 1.050505e+00 1.012938e+00 4.149548e+04 3.211747e+00 9.931445e-03 1.449108e-03
8.912464e+01 1.050650e+00 1.003007e+00 4.122903e+04 3.200924e+00 2.438748e-02 1.441598e-03
9.120061e+01 1.050524e+00 1.005210e+00 4.140060e+04 3.221614e+00 1.427293e-02 1.440883e-03
9.332495e+01 1.050749e+00 1.010551e+00 4.143422e+04 3.250899e+00 2.413023e-02 1.453280e-03
9.549876e+01 1.050753e+00 1.008239e+00 4.182996e+04 3.256947e+00 2.349794e-02 1.466870e-03
9.772321e+01 1.050916e+00 1.011271e+00 4.165539e+04 3.255992e+00 3.629684e-03 1.442194e-03
