0.001 0.037879865157148036
0.0512462311557789 0.03561085795954213
0.1014924623115578 0.03345392876786566
0.1517386934673367 0.03140523302720142
0.2019849246231156 0.029460942929901195
0.2522311557788945 0.027617256217755556
0.3024773869346734 0.025870404404534295
0.3527236180904523 0.024216660419516128
0.4029698492462312 0.0226523456752065
0.4532160804020101 0.02117383656486583
0.503462311557789 0.019777570397734354
0.5537085427135678 0.018460050781937045
0.6039547738693468 0.017217852466980474
0.6542010050251257 0.016047625659510976
0.7044472361809045 0.01494609982758734
0.7546934673366835 0.013910087010134778
0.8049396984924624 0.012936484649488959
0.8551859296482412 0.01202227796601275
0.9054321608040202 0.011164541894678755
0.9556783919597991 0.010360442604259553
1.0059246231155778 0.009607238620362737
1.0561708542713568 0.00890228157399316
1.1064170854271356 0.008243016597628043
1.1566633165829145 0.0076269823909584766
1.2069095477386935 0.007051810978491049
1.2571557788944723 0.0065152271811235885
1.3074020100502513 0.006015047823618061
1.3576482412060302 0.005549180699599597
1.407894472361809 0.00511562331532213
1.458140703517588 0.004712461432967171
1.508386934673367 0.004337867433691125
1.5586331658291457 0.00399009852001725
1.6088793969849247 0.003667494776489026
1.6591256281407036 0.003368477106771033
1.7093718592964824 0.0030915450646090796
1.7596180904522614 0.00283527459525146
1.8098643216080403 0.0025983157030950482
1.860110552763819 0.002379390060460757
1.910356783919598 0.002177288571529373
1.960603015075377 0.001990868904587276
2.010849246231156 0.0018190530048480024
2.0610954773869348 0.0016608245992355561
2.1113417085427137 0.001515226703643732
2.1615879396984927 0.001381359142327238
2.2118341708542713 0.0012583760882391595
2.2620804020100502 0.0011454836323090403
2.312326633165829 0.0010419373888598438
2.362572864321608 0.0009470401435930851
2.412819095477387 0.0008601395498320807
2.463065326633166 0.0007806258780053934
2.5133115577889447 0.000707929822677949
2.5635577889447236 0.0006415203707971904
2.6138040201005026 0.0005809027342170065
2.6640502512562816 0.0005256163489935834
2.7142964824120606 0.000475232943415206
2.7645427135678395 0.00042935467623233864
2.814788944723618 0.0003876123460948989
2.865035175879397 0.00034966367278006257
2.915281407035176 0.00031519165040556067
2.965527638190955 0.0002839029724694232
3.015773869346734 0.00025552652823656214
3.066020100502513 0.00022981196970427303
3.1162663316582915 0.00020652834812151446
3.1665125628140705 0.00018546281880931062
3.2167587939698494 0.00016641941283044667
3.2670050251256284 0.00014921787388427301
3.3172512562814074 0.000133692558655452
3.367497487437186 0.00011969139872225766
3.417743718592965 0.0001070749220290777
3.467989949748744 9.57153318474784e-05
3.518236180904523 8.549564108903626e-05
3.568482412060302 7.630885978960662e-05
3.618728643216081 6.805723355727374e-05
3.6689748743718593 6.0651530763472086e-05
3.7192211055276383 5.4010376257267536e-05
3.7694673366834173 4.8059629395191776e-05
3.8197135678391962 4.2731804202022874e-05
3.869959798994975 3.796552951027903e-05
3.920206030150754 3.3705046966751557e-05
3.9704522613065327 2.989974484205081e-05
4.020698492462312 2.650372563283067e-05
4.070944723618092 2.3475405505126976e-05
4.12119095477387 2.077714369018423e-05
4.171437185929649 1.837490001042864e-05
4.221683417085428 1.6237918782098316e-05
4.271929648241207 1.4338437411767523e-05
4.322175879396986 1.2651418075962602e-05
4.3724221105527645 1.1154300945687846e-05
4.422668341708543 9.826777490440414e-06
4.4729145728643225 8.650582468741098e-06
4.523160804020101 7.609303283928804e-06
4.57340703517588 6.6882054546113006e-06
4.623653266331659 5.874073018423886e-06
4.673899497487438 5.155062755355712e-06
4.724145728643217 4.520571182643911e-06
4.774391959798995 3.961113336920073e-06
4.824638190954775 3.468212420778542e-06
4.874884422110553 3.0342994501029325e-06
4.925130653266333 2.652622095251706e-06
4.975376884422111 2.3171619635060207e-06
5.02562311557789 2.0225596219865184e-06
5.075869346733669 1.764046709537857e-06
5.126115577889448 1.537384532863202e-06
5.176361809045227 1.3388085864879062e-06
5.226608040201006 1.1649784779772958e-06
5.276854271356784 1.0129327792750929e-06
5.327100502512564 8.800483621256818e-07
5.377346733668342 7.640038103612406e-07
5.427592964824122 6.627465344483372e-07
5.4778391959799 5.744632441776429e-07
5.52808542713568 4.975534638288074e-07
5.578331658291458 4.306058006381112e-07
5.628577889447237 3.7237670202822235e-07
5.678824120603016 3.2177145991834836e-07
5.729070351758795 2.7782724160994805e-07
5.779316582914574 2.3969794632877284e-07
5.829562814070353 2.0664070458791163e-07
5.879809045226131 1.7800385420667663e-07
5.9300552763819105 1.5321624216278959e-07
5.980301507537689 1.3177771555388623e-07
6.0305477386934685 1.1325067787991386e-07
6.080793969849247 9.725259870849526e-08
6.1310402010050264 8.344937562558952e-08
6.181286432160805 7.154945727544198e-08
6.2315326633165835 6.129864532498732e-08
6.281778894472363 5.2475501413403505e-08
6.3320251256281415 4.488729262867897e-08
6.382271356783921 3.836641584778753e-08
6.432517587939699 3.2767247439873455e-08
6.482763819095478 2.7963370413901372e-08
6.533010050251257 2.38451361415003e-08
6.583256281407036 2.0317522346987477e-08
6.633502512562815 1.7298253171578162e-08
6.683748743718594 1.4716150826393606e-08
6.733994974874372 1.2509691685109027e-08
6.784241206030152 1.0625742665316971e-08
6.83448743718593 9.01845643875028e-09
6.88473366834171 7.648306422864199e-09
6.934979899497488 6.4812446661003085e-09
6.985226130653268 5.487967670498498e-09
7.035472361809046 4.643276920254452e-09
7.085718592964825 3.925522423526276e-09
7.135964824120604 3.316118945736066e-09
7.186211055276383 2.7991258326183326e-09
7.236457286432162 2.360882405671369e-09
7.286703517587941 1.9896918754061657e-09
7.336949748743719 1.6755475715106136e-09
7.387195979899499 1.4098960452208948e-09
7.437442211055277 1.1854322681885924e-09
7.487688442211057 9.95922743323454e-10
7.537934673366835 8.360528649307566e-10
7.5881809045226145 7.012953255615429e-10
7.638427135678393 5.877967722016171e-10
7.688673366834172 4.92280270888682e-10
7.738919597989951 4.119614520809356e-10
7.7891658291457295 3.4447648404134315e-10
7.839412060301509 2.8782026256481133e-10
7.8896582914572875 2.402934165026665e-10
7.939904522613066 2.0045691324531633e-10
7.990150753768845 1.6709320974036516e-10
8.040396984924623 1.3917303553339785e-10
8.090643216080402 1.1582701719467951e-10
8.140889447236182 9.632146053004918e-11
8.19113567839196 8.003770011067602e-11
8.241381909547739 6.645450661262259e-11
8.291628140703518 5.5133112751474614e-11
8.341874371859296 4.5704479569298244e-11
8.392120603015076 3.78584776615569e-11
8.442366834170855 3.133470365944453e-11
8.492613065326633 2.591469182189598e-11
8.542859296482412 2.141531474336643e-11
8.59310552763819 1.7683196651644942e-11
8.64335175879397 1.4589988170531886e-11
8.69359798994975 1.2028373294050443e-11
8.743844221105528 9.908698132849426e-12
8.794090452261306 8.156127160531484e-12
8.844336683417085 6.708246566000357e-12
8.894582914572865 5.513046219452049e-12
8.944829145728644 4.527221955552676e-12
8.995075376884422 3.714748603242974e-12
9.0453216080402 3.0456816518995235e-12
9.09556783919598 2.4951518154050456e-12
9.14581407035176 2.042522192389245e-12
9.196060301507538 1.670682355086682e-12
9.246306532663317 1.3654576454397787e-12
9.296552763819095 1.115115314051789e-12
9.346798994974876 9.099519905033857e-13
9.397045226130654 7.419493956759803e-13
9.447291457286433 6.044872610882553e-13
9.497537688442211 4.921041609729523e-13
9.54778391959799 4.0029843633185e-13
9.59803015075377 3.253626363031047e-13
9.648276381909549 2.64245954922787e-13
9.698522613065327 2.1444002989358062e-13
9.748768844221106 1.7388421917338993e-13
9.799015075376884 1.408871022990381e-13
9.849261306532664 1.140614844655508e-13
9.899507537688443 9.227062790104088e-14
9.949753768844221 7.458381011960703e-14
10.0 6.023962333791281e-14
