#./overdamped_3d --dev=1 --amp=40.0 --omega=1.0 --force=0 --Dg=0.01 --block=256 --paths=65536 --periods=1000 --trans=100 --samples=100 --spp=1000 --algorithm=euler --pav=1 --mode=moments --domain=1d --domainx=a:-1:3:300:1 --domainy=a:0:10:100:0 --domainz=D:-6:-1:100:1 --q=2 --eps=0 --phi=1.57079632679 --lambda=30.0 --zeta=0.666666666667 --comp=0 --mean=20.0 --second=3.14 --skew=0.99 --distribution=s>> remake_rys1_s_3.14_a:-1:3:300:1_20.0_0.99_30.0.dat
#a <<v>> qnu(q) mu_q Dx Gx EBx
1.000000e-01 1.999793e+01 9.953130e-01 6.689486e+05 6.812341e+01 -1.350647e-02 1.472235e-04
1.031177e-01 1.999782e+01 1.003973e+00 6.751436e+05 4.677373e+01 -1.698202e-02 1.450777e-04
1.063327e-01 1.999751e+01 9.999910e-01 6.730164e+05 6.005616e+01 -2.007836e-02 1.279116e-04
1.096478e-01 1.999773e+01 9.975860e-01 6.697973e+05 6.999761e+01 -1.008320e-02 1.444817e-04
1.130663e-01 1.999729e+01 1.005980e+00 6.759590e+05 5.158148e+01 -1.845676e-02 1.455545e-04
1.165914e-01 1.999817e+01 9.976439e-01 6.720704e+05 5.207040e+01 -2.172631e-02 1.283884e-04
1.202264e-01 1.999809e+01 1.002368e+00 6.710504e+05 5.704113e+01 -2.636421e-02 1.459122e-04
1.239747e-01 1.999770e+01 1.003946e+00 6.746195e+05 5.370015e+01 -1.244879e-02 1.531839e-04
1.278399e-01 1.999890e+01 9.975353e-01 6.718178e+05 6.168591e+01 -1.409626e-02 1.435280e-04
1.318256e-01 1.999787e+01 1.002460e+00 6.699002e+05 6.013765e+01 -2.643281e-02 1.353025e-04
1.359356e-01 1.999760e+01 1.001165e+00 6.747991e+05 6.787894e+01 -2.613974e-02 1.474619e-04
1.401737e-01 1.999717e+01 1.001849e+00 6.730468e+05 6.046360e+01 -9.687424e-03 1.504421e-04
1.445439e-01 1.999757e+01 1.005163e+00 6.786082e+05 4.082515e+01 -1.875615e-02 1.294613e-04
1.490504e-01 1.999753e+01 1.000851e+00 6.711714e+05 5.459651e+01 -1.144314e-02 1.486540e-04
1.536974e-01 1.999770e+01 1.000730e+00 6.722669e+05 6.323417e+01 -1.897478e-02 1.407862e-04
1.584892e-01 1.999817e+01 1.007411e+00 6.772538e+05 5.255933e+01 -1.324540e-02 1.477003e-04
1.634305e-01 1.999880e+01 1.005256e+00 6.757421e+05 3.650632e+01 -2.794218e-02 1.474619e-04
1.685258e-01 1.999826e+01 9.965885e-01 6.738364e+05 6.193037e+01 -1.372236e-02 1.317263e-04
1.737800e-01 1.999809e+01 9.989060e-01 6.676912e+05 6.404904e+01 -2.358311e-02 1.240969e-04
1.791980e-01 1.999753e+01 1.006699e+00 6.775132e+05 4.799604e+01 -1.822358e-02 1.478195e-04
1.847849e-01 1.999829e+01 1.010255e+00 6.749529e+05 7.227926e+01 -2.119648e-02 1.339912e-04
1.905460e-01 1.999798e+01 1.003730e+00 6.668919e+05 3.781012e+01 -9.883463e-03 1.488924e-04
1.964867e-01 1.999752e+01 1.008281e+00 6.752574e+05 6.193037e+01 -1.714981e-02 1.434088e-04
2.026126e-01 1.999844e+01 1.014983e+00 6.820689e+05 5.133702e+01 -1.776445e-02 1.401901e-04
2.089295e-01 1.999833e+01 9.991414e-01 6.730963e+05 4.758860e+01 -2.340984e-02 1.375675e-04
2.154433e-01 1.999708e+01 1.002242e+00 6.744212e+05 5.899683e+01 -2.428317e-02 1.431704e-04
2.221602e-01 1.999797e+01 1.004502e+00 6.709775e+05 4.318828e+01 -2.453566e-02 1.364946e-04
2.290866e-01 1.999719e+01 9.998367e-01 6.704376e+05 7.301264e+01 -1.960218e-02 1.465082e-04
2.362289e-01 1.999881e+01 9.875060e-01 6.631271e+05 4.946281e+01 -1.726347e-02 1.353025e-04
2.435938e-01 1.999915e+01 1.006982e+00 6.755130e+05 5.044065e+01 -2.268285e-02 1.513958e-04
2.511884e-01 1.999784e+01 1.008406e+00 6.796828e+05 5.671518e+01 -2.544457e-02 1.304150e-04
2.590198e-01 1.999794e+01 9.976712e-01 6.719922e+05 6.771597e+01 -2.977449e-02 1.478195e-04
2.670953e-01 1.999732e+01 9.995152e-01 6.713399e+05 7.423495e+01 -2.499622e-02 1.521111e-04
2.754226e-01 1.999837e+01 1.003913e+00 6.767946e+05 6.364160e+01 -2.673554e-02 1.350641e-04
2.840095e-01 1.999788e+01 1.000794e+00 6.783761e+05 6.307119e+01 -1.531631e-02 1.387596e-04
2.928641e-01 1.999758e+01 1.008653e+00 6.757183e+05 5.516692e+01 -2.633995e-02 1.462698e-04
3.019949e-01 1.999804e+01 9.998563e-01 6.685336e+05 5.964872e+01 -1.246053e-02 1.444817e-04
3.114102e-01 1.999825e+01 1.001054e+00 6.762209e+05 4.302531e+01 -2.074146e-02 1.403093e-04
3.211191e-01 1.999801e+01 9.934982e-01 6.662434e+05 5.736708e+01 -1.605111e-02 1.327991e-04
3.311307e-01 1.999811e+01 1.001009e+00 6.754010e+05 6.535284e+01 -2.158499e-02 1.327991e-04
3.414545e-01 1.999724e+01 9.996639e-01 6.801172e+05 6.698258e+01 -1.264626e-02 1.347065e-04
3.521001e-01 1.999873e+01 1.004569e+00 6.722681e+05 3.960284e+01 -1.533633e-02 1.355410e-04
3.630776e-01 1.999823e+01 1.003793e+00 6.729398e+05 5.541138e+01 -2.062571e-02 1.412630e-04
3.743974e-01 1.999833e+01 1.004906e+00 6.736024e+05 6.739002e+01 -2.137899e-02 1.305342e-04
3.860700e-01 1.999838e+01 1.006953e+00 6.736309e+05 5.842641e+01 -2.194166e-02 1.354218e-04
3.981066e-01 1.999871e+01 9.980224e-01 6.699473e+05 6.779745e+01 -1.815653e-02 1.527071e-04
4.105185e-01 1.999736e+01 1.003711e+00 6.707841e+05 7.227926e+01 -2.115148e-02 1.513958e-04
4.233173e-01 1.999824e+01 1.000310e+00 6.722054e+05 5.834492e+01 -2.434796e-02 1.367331e-04
4.365152e-01 1.999732e+01 9.965237e-01 6.714675e+05 6.983464e+01 -1.574290e-02 1.296997e-04
4.501246e-01 1.999841e+01 1.006217e+00 6.781494e+05 7.203480e+01 -2.458465e-02 1.481771e-04
4.641582e-01 1.999810e+01 1.001614e+00 6.758729e+05 6.380458e+01 -3.251088e-02 1.419783e-04
4.786294e-01 1.999801e+01 1.003225e+00 6.734094e+05 6.853085e+01 -8.507550e-03 1.370907e-04
4.935517e-01 1.999792e+01 1.002795e+00 6.732859e+05 6.160442e+01 -1.828474e-02 1.494884e-04
5.089393e-01 1.999737e+01 1.004764e+00 6.711108e+05 5.418907e+01 -2.144265e-02 1.392365e-04
5.248066e-01 1.999741e+01 9.942982e-01 6.695114e+05 5.370015e+01 -1.901549e-02 1.362562e-04
5.411686e-01 1.999740e+01 1.003077e+00 6.732868e+05 6.070806e+01 -2.038878e-02 1.438856e-04
5.580408e-01 1.999878e+01 1.001177e+00 6.706956e+05 4.815901e+01 -2.382815e-02 1.401901e-04
5.754390e-01 1.999871e+01 9.996002e-01 6.715318e+05 5.508543e+01 -6.725132e-03 1.448393e-04
5.933796e-01 1.999795e+01 1.004158e+00 6.728106e+05 6.885679e+01 -3.024191e-02 1.354218e-04
6.118796e-01 1.999801e+01 1.005667e+00 6.734601e+05 5.997467e+01 -1.267022e-02 1.437664e-04
6.309564e-01 1.999828e+01 1.002289e+00 6.769078e+05 6.021914e+01 -1.913774e-02 1.406670e-04
6.506279e-01 1.999925e+01 9.966192e-01 6.696562e+05 4.872942e+01 -2.035850e-02 1.364946e-04
6.709126e-01 2.000011e+01 1.002504e+00 6.665482e+05 4.767009e+01 -3.119648e-02 1.448393e-04
6.918299e-01 1.999923e+01 1.006643e+00 6.736512e+05 4.612183e+01 -2.667958e-02 1.429319e-04
7.133992e-01 1.999937e+01 1.000151e+00 6.680970e+05 6.193037e+01 -1.231593e-02 1.442432e-04
7.356411e-01 1.999839e+01 1.001994e+00 6.742684e+05 5.475948e+01 -1.637167e-02 1.361370e-04
7.585764e-01 1.999944e+01 1.000765e+00 6.706747e+05 5.761154e+01 -1.133370e-02 1.300573e-04
7.822267e-01 1.999884e+01 9.991308e-01 6.695181e+05 5.810046e+01 -1.069629e-02 1.368523e-04
8.066144e-01 1.999998e+01 1.003543e+00 6.740462e+05 4.962578e+01 -2.068740e-02 1.425743e-04
8.317624e-01 1.999843e+01 1.002488e+00 6.717816e+05 4.489952e+01 -2.727622e-02 1.453161e-04
8.576946e-01 1.999857e+01 1.008957e+00 6.765176e+05 4.815901e+01 -2.257186e-02 1.331568e-04
8.844351e-01 1.999882e+01 9.958920e-01 6.682291e+05 5.614477e+01 -1.009583e-02 1.404285e-04
9.120094e-01 1.999883e+01 1.008992e+00 6.766597e+05 5.924129e+01 -1.452166e-02 1.562834e-04
9.404434e-01 1.999865e+01 1.006062e+00 6.755706e+05 7.447942e+01 -2.507710e-02 1.448393e-04
9.697639e-01 1.999913e+01 1.005913e+00 6.778070e+05 5.883385e+01 -1.871151e-02 1.440048e-04
9.999985e-01 1.999966e+01 1.004854e+00 6.779092e+05 6.820490e+01 -2.000719e-02 1.274347e-04
1.031176e+00 1.999917e+01 1.005207e+00 6.752130e+05 5.704113e+01 -2.456039e-02 1.429319e-04
1.063325e+00 1.999966e+01 1.004557e+00 6.780882e+05 7.113844e+01 -2.060086e-02 1.370907e-04
1.096476e+00 1.999882e+01 9.949859e-01 6.683026e+05 6.347863e+01 -1.443559e-02 1.444817e-04
1.130662e+00 1.999932e+01 1.000093e+00 6.734837e+05 4.807752e+01 -2.293414e-02 1.283884e-04
1.165913e+00 2.000043e+01 9.986147e-01 6.683485e+05 6.445647e+01 -2.341908e-02 1.347065e-04
1.202263e+00 2.000023e+01 1.000256e+00 6.698290e+05 5.288528e+01 -2.074504e-02 1.324415e-04
1.239746e+00 2.000000e+01 9.959862e-01 6.652893e+05 7.064951e+01 -1.756543e-02 1.412630e-04
1.278398e+00 1.999983e+01 9.973411e-01 6.716076e+05 5.793749e+01 -2.408266e-02 1.441240e-04
1.318255e+00 2.000068e+01 9.966878e-01 6.671795e+05 5.663369e+01 -1.021338e-02 1.535416e-04
1.359354e+00 2.000088e+01 1.013599e+00 6.805193e+05 8.401344e+01 -1.710272e-02 1.417398e-04
1.401735e+00 2.000109e+01 9.942625e-01 6.673047e+05 6.266375e+01 -2.206916e-02 1.335144e-04
1.445438e+00 2.000088e+01 1.004543e+00 6.669670e+05 5.101107e+01 -1.896697e-02 1.212358e-04
1.490502e+00 2.000034e+01 9.973218e-01 6.674806e+05 7.276818e+01 -1.424140e-02 1.435280e-04
1.536972e+00 2.000232e+01 9.955863e-01 6.639019e+05 4.938132e+01 -1.845640e-02 1.335144e-04
1.584891e+00 2.000153e+01 1.001463e+00 6.722001e+05 5.370015e+01 -1.477796e-02 1.339912e-04
1.634303e+00 2.000193e+01 1.005951e+00 6.800578e+05 5.785600e+01 -7.901728e-03 1.562834e-04
1.685256e+00 2.000252e+01 1.005353e+00 6.784496e+05 5.899683e+01 -3.007692e-02 1.332760e-04
1.737798e+00 2.000219e+01 1.003381e+00 6.788562e+05 6.999761e+01 -2.491421e-02 1.378059e-04
1.791978e+00 2.000409e+01 1.008053e+00 6.809471e+05 5.011471e+01 -1.861823e-02 1.430511e-04
1.847847e+00 2.000394e+01 1.011493e+00 6.796454e+05 4.628480e+01 -1.902157e-02 1.456738e-04
1.905458e+00 2.000323e+01 9.998450e-01 6.752714e+05 5.361866e+01 -2.464765e-02 1.428127e-04
1.964865e+00 2.000452e+01 1.004459e+00 6.802792e+05 5.899683e+01 -1.724243e-02 1.335144e-04
2.026124e+00 2.000491e+01 9.946262e-01 6.677548e+05 5.614477e+01 -1.445270e-02 1.323223e-04
2.089293e+00 2.000600e+01 9.993029e-01 6.714400e+05 4.098812e+01 -2.528268e-02 1.440048e-04
2.154431e+00 2.000528e+01 9.979392e-01 6.741827e+05 6.013765e+01 -7.662952e-03 1.355410e-04
2.221600e+00 2.000631e+01 1.000876e+00 6.704939e+05 5.728559e+01 -1.300502e-02 1.417398e-04
2.290864e+00 2.000637e+01 9.992557e-01 6.664986e+05 5.948575e+01 -1.209128e-02 1.444817e-04
2.362287e+00 2.000588e+01 1.007262e+00 6.738882e+05 6.722704e+01 -1.527625e-02 1.478195e-04
2.435936e+00 2.000713e+01 1.001021e+00 6.760877e+05 5.076661e+01 -2.388650e-02 1.531839e-04
2.511882e+00 2.000713e+01 1.000569e+00 6.710599e+05 4.881091e+01 -2.782941e-02 1.324415e-04
2.590195e+00 2.000918e+01 1.004700e+00 6.702049e+05 7.113844e+01 -1.976997e-02 1.332760e-04
2.670950e+00 2.000968e+01 9.916002e-01 6.704519e+05 6.567879e+01 -1.536095e-02 1.493692e-04
2.754223e+00 2.001004e+01 9.977205e-01 6.739711e+05 5.899683e+01 -3.064871e-02 1.583099e-04
2.840092e+00 2.001009e+01 9.937278e-01 6.717663e+05 6.641217e+01 -2.667445e-02 1.423359e-04
2.928639e+00 2.001120e+01 9.983634e-01 6.717302e+05 6.135996e+01 -1.950282e-02 1.384020e-04
3.019946e+00 2.001243e+01 9.967651e-01 6.659671e+05 5.272230e+01 -2.310377e-02 1.462698e-04
3.114099e+00 2.001302e+01 9.943277e-01 6.678156e+05 4.824050e+01 -1.624769e-02 1.456738e-04
3.211188e+00 2.001351e+01 9.982249e-01 6.712850e+05 5.304825e+01 -1.584059e-02 1.453161e-04
3.311304e+00 2.001484e+01 9.937109e-01 6.651451e+05 8.939160e+01 -2.587897e-02 1.307726e-04
3.414541e+00 2.001618e+01 1.002118e+00 6.744722e+05 5.264081e+01 -1.281542e-02 1.302958e-04
3.520998e+00 2.001748e+01 9.946945e-01 6.694061e+05 6.054509e+01 -1.799589e-02 1.407862e-04
3.630773e+00 2.001863e+01 9.928523e-01 6.686768e+05 5.638923e+01 -2.482861e-02 1.389980e-04
3.743970e+00 2.001880e+01 1.000387e+00 6.671021e+05 4.546993e+01 -2.442020e-02 1.364946e-04
3.860697e+00 2.002086e+01 9.988697e-01 6.681354e+05 8.189477e+01 -8.939564e-03 1.279116e-04
3.981063e+00 2.002243e+01 9.974484e-01 6.703300e+05 6.087103e+01 -1.786017e-02 1.375675e-04
4.105181e+00 2.002412e+01 9.943448e-01 6.642672e+05 3.878797e+01 -2.203143e-02 1.355410e-04
4.233170e+00 2.002563e+01 9.993244e-01 6.694182e+05 5.370015e+01 -1.462620e-02 1.392365e-04
4.365148e+00 2.002764e+01 1.003263e+00 6.707288e+05 4.954430e+01 -1.284295e-02 1.509190e-04
4.501241e+00 2.002938e+01 9.971673e-01 6.678769e+05 6.787894e+01 -2.947032e-02 1.401901e-04
4.641578e+00 2.003122e+01 1.001378e+00 6.710637e+05 4.318828e+01 -4.820824e-04 1.468658e-04
4.786289e+00 2.003341e+01 1.001802e+00 6.711589e+05 4.172151e+01 -1.453507e-02 1.592636e-04
4.935513e+00 2.003642e+01 9.996439e-01 6.718289e+05 3.903243e+01 -1.797742e-02 1.485348e-04
5.089388e+00 2.003841e+01 9.946016e-01 6.660805e+05 6.836787e+01 -7.865548e-03 1.494884e-04
5.248061e+00 2.004048e+01 9.984502e-01 6.683808e+05 3.300237e+01 -2.017850e-02 1.505613e-04
5.411681e+00 2.004342e+01 9.994975e-01 6.798712e+05 4.726265e+01 -1.422179e-02 1.400709e-04
5.580403e+00 2.004516e+01 9.973796e-01 6.775933e+05 5.932277e+01 -1.438463e-02 1.448393e-04
5.754384e+00 2.004803e+01 1.002995e+00 6.740969e+05 4.172151e+01 -2.705926e-02 1.471043e-04
5.933790e+00 2.005153e+01 1.000984e+00 6.679949e+05 4.612183e+01 -9.589911e-03 1.556873e-04
6.118789e+00 2.005398e+01 9.980801e-01 6.710414e+05 5.215189e+01 -1.665246e-02 1.397133e-04
6.309556e+00 2.005714e+01 9.997731e-01 6.665154e+05 4.938132e+01 -6.989539e-03 1.571178e-04
6.506271e+00 2.006021e+01 9.937210e-01 6.646293e+05 5.125553e+01 -3.040612e-03 1.398325e-04
6.709118e+00 2.006507e+01 1.004228e+00 6.745373e+05 6.021914e+01 -9.628057e-03 1.435280e-04
6.918290e+00 2.006702e+01 9.940088e-01 6.683130e+05 5.190743e+01 -1.390171e-02 1.519918e-04
7.133984e+00 2.007193e+01 9.902737e-01 6.646484e+05 5.101107e+01 -1.485801e-02 1.467466e-04
7.356401e+00 2.007564e+01 9.953708e-01 6.676399e+05 4.408464e+01 -2.043992e-02 1.471043e-04
7.585754e+00 2.008052e+01 9.957829e-01 6.736344e+05 5.451502e+01 -1.162994e-02 1.446009e-04
7.822257e+00 2.008428e+01 1.002472e+00 6.763976e+05 6.339714e+01 -1.940763e-02 1.502037e-04
8.066133e+00 2.008848e+01 9.989634e-01 6.742022e+05 5.907831e+01 -2.370661e-02 1.547337e-04
8.317613e+00 2.009389e+01 1.005042e+00 6.776557e+05 6.926423e+01 -2.127445e-02 1.490116e-04
8.576933e+00 2.009840e+01 1.004429e+00 6.755621e+05 5.133702e+01 -2.245599e-02 1.376867e-04
8.844338e+00 2.010417e+01 9.971565e-01 6.731061e+05 6.893828e+01 -1.485699e-02 1.447201e-04
9.120080e+00 2.010906e+01 9.974589e-01 6.701451e+05 6.787894e+01 -2.749491e-02 1.401901e-04
9.404419e+00 2.011463e+01 9.974791e-01 6.727329e+05 5.101107e+01 -2.622020e-02 1.262426e-04
9.697623e+00 2.011929e+01 1.014866e+00 6.781792e+05 4.897388e+01 -2.339733e-02 1.507998e-04
9.999969e+00 2.012622e+01 1.009495e+00 6.764225e+05 3.772863e+01 -1.813197e-02 1.460314e-04
1.031174e+01 2.013194e+01 9.977888e-01 6.766309e+05 5.712262e+01 -3.094274e-02 1.362562e-04
1.063323e+01 2.013839e+01 1.007279e+00 6.734387e+05 4.612183e+01 -1.052588e-02 1.538992e-04
1.096475e+01 2.014619e+01 1.002942e+00 6.749691e+05 5.092958e+01 -2.891392e-02 1.437664e-04
1.130660e+01 2.015204e+01 1.002926e+00 6.746907e+05 3.952135e+01 -3.105354e-02 1.443624e-04
1.165911e+01 2.015840e+01 1.006606e+00 6.758752e+05 6.339714e+01 -2.406418e-02 1.384020e-04
1.202261e+01 2.016556e+01 1.004227e+00 6.760596e+05 5.973021e+01 -3.122580e-02 1.327991e-04
1.239744e+01 2.017341e+01 1.011455e+00 6.785095e+05 5.907831e+01 -1.947689e-02 1.461506e-04
1.278396e+01 2.018118e+01 1.010596e+00 6.831418e+05 6.494540e+01 -3.077644e-02 1.420975e-04
1.318252e+01 2.018881e+01 1.002478e+00 6.736862e+05 3.919540e+01 -3.194261e-02 1.436472e-04
1.359352e+01 2.019604e+01 1.008643e+00 6.814412e+05 4.473654e+01 -3.321379e-02 1.418591e-04
1.401733e+01 2.020496e+01 1.002443e+00 6.738469e+05 5.312974e+01 -4.090953e-02 1.491308e-04
1.445435e+01 2.021227e+01 1.007279e+00 6.765200e+05 5.386312e+01 -3.162426e-02 1.374483e-04
1.490500e+01 2.021960e+01 1.003773e+00 6.749409e+05 7.056802e+01 -3.788513e-02 1.145601e-04
1.536969e+01 2.022845e+01 1.008478e+00 6.797256e+05 5.174445e+01 -3.228354e-02 1.358986e-04
1.584888e+01 2.023583e+01 1.003744e+00 6.790174e+05 6.551581e+01 -3.624630e-02 1.426935e-04
1.634300e+01 2.024502e+01 1.007655e+00 6.848764e+05 5.166297e+01 -3.694075e-02 1.467466e-04
1.685253e+01 2.025210e+01 1.005200e+00 6.825062e+05 5.695964e+01 -4.000401e-02 1.490116e-04
1.737795e+01 2.026080e+01 1.002715e+00 6.821394e+05 5.247784e+01 -3.069961e-02 1.378059e-04
1.791974e+01 2.026935e+01 1.004330e+00 6.820022e+05 4.620332e+01 -3.338426e-02 1.331568e-04
1.847843e+01 2.027573e+01 1.006759e+00 6.833636e+05 5.109256e+01 -3.876013e-02 1.453161e-04
1.905454e+01 2.028453e+01 9.976878e-01 6.771374e+05 8.050948e+01 -1.990551e-02 1.435280e-04
1.964861e+01 2.029312e+01 1.006132e+00 6.825455e+05 4.090664e+01 -3.692621e-02 1.378059e-04
2.026120e+01 2.030035e+01 9.976035e-01 6.790056e+05 6.600474e+01 -3.349888e-02 1.397133e-04
2.089288e+01 2.030756e+01 1.002702e+00 6.805136e+05 3.748417e+01 -3.272939e-02 1.422167e-04
2.154427e+01 2.031452e+01 9.883783e-01 6.697972e+05 4.652926e+01 -2.436990e-02 1.609325e-04
2.221596e+01 2.032141e+01 9.998015e-01 6.821560e+05 5.109256e+01 -3.811038e-02 1.453161e-04
2.290859e+01 2.032709e+01 9.980167e-01 6.807832e+05 5.655220e+01 -4.196590e-02 1.556873e-04
2.362282e+01 2.033342e+01 1.004723e+00 6.869498e+05 6.331565e+01 -3.374439e-02 1.332760e-04
2.435931e+01 2.033936e+01 1.009159e+00 6.861324e+05 3.976582e+01 -4.005903e-02 1.417398e-04
2.511877e+01 2.034682e+01 1.005132e+00 6.893982e+05 4.204746e+01 -4.317260e-02 1.525879e-04
2.590190e+01 2.035113e+01 1.001552e+00 6.823801e+05 7.586470e+01 -5.236572e-02 1.437664e-04
2.670945e+01 2.035504e+01 1.001835e+00 6.884081e+05 4.905537e+01 -3.908306e-02 1.213551e-04
2.754218e+01 2.036132e+01 1.007158e+00 6.943551e+05 5.484097e+01 -4.589349e-02 1.451969e-04
2.840087e+01 2.036410e+01 1.009454e+00 6.941160e+05 6.698258e+01 -4.437649e-02 1.490116e-04
2.928633e+01 2.036687e+01 1.004752e+00 6.989771e+05 7.130141e+01 -4.011035e-02 1.507998e-04
3.019939e+01 2.037012e+01 1.005847e+00 7.017678e+05 6.633069e+01 -4.618925e-02 1.313686e-04
3.114093e+01 2.037138e+01 1.004130e+00 7.065576e+05 6.624920e+01 -2.934480e-02 1.500845e-04
3.211182e+01 2.037365e+01 1.007970e+00 7.041722e+05 3.935838e+01 -2.972370e-02 1.378059e-04
3.311298e+01 2.037412e+01 1.004451e+00 7.020846e+05 6.250078e+01 -3.809619e-02 1.442432e-04
3.414534e+01 2.037482e+01 1.000188e+00 7.042829e+05 5.761154e+01 -2.231437e-02 1.471043e-04
3.520990e+01 2.037420e+01 1.008559e+00 7.105838e+05 5.101107e+01 -3.292871e-02 1.618862e-04
3.630765e+01 2.037372e+01 1.000407e+00 7.086274e+05 5.769303e+01 -3.055251e-02 1.453161e-04
3.743962e+01 2.037249e+01 9.988193e-01 7.067178e+05 6.836787e+01 -8.836389e-03 1.499653e-04
3.860689e+01 2.037048e+01 1.002868e+00 7.064748e+05 5.215189e+01 -2.090997e-02 1.498461e-04
3.981054e+01 2.036751e+01 9.965000e-01 7.067793e+05 4.840347e+01 -1.819879e-02 1.574755e-04
4.105173e+01 2.036484e+01 1.010570e+00 7.178682e+05 5.858939e+01 -2.178842e-02 1.512766e-04
4.233161e+01 2.036144e+01 1.002441e+00 7.064240e+05 5.044065e+01 -3.456926e-02 1.591444e-04
4.365139e+01 2.035611e+01 1.006948e+00 7.133924e+05 7.203480e+01 -1.128107e-02 1.540184e-04
4.501232e+01 2.035114e+01 1.008902e+00 7.153642e+05 6.584176e+01 -2.003765e-02 1.627207e-04
4.641568e+01 2.034440e+01 1.000885e+00 7.099244e+05 5.044065e+01 -1.136690e-02 1.561642e-04
4.786279e+01 2.033833e+01 9.969477e-01 7.079950e+05 8.140584e+01 -1.788557e-03 1.325607e-04
4.935502e+01 2.033203e+01 1.001953e+00 7.167283e+05 5.647072e+01 -1.816428e-02 1.442432e-04
5.089378e+01 2.032473e+01 1.007492e+00 7.223244e+05 5.207040e+01 -5.620122e-03 1.604557e-04
5.248050e+01 2.031573e+01 1.010108e+00 7.253222e+05 5.948575e+01 -8.771122e-03 1.491308e-04
5.411670e+01 2.030622e+01 1.002290e+00 7.191069e+05 7.073100e+01 -1.331812e-02 1.581907e-04
5.580391e+01 2.029552e+01 1.010185e+00 7.233202e+05 6.999761e+01 -6.090224e-03 1.584291e-04
5.754372e+01 2.028592e+01 1.008725e+00 7.268929e+05 5.109256e+01 -1.206827e-02 1.560450e-04
5.933778e+01 2.027564e+01 1.016413e+00 7.323402e+05 3.919540e+01 -1.348668e-02 1.697540e-04
6.118777e+01 2.026416e+01 1.006452e+00 7.280905e+05 6.135996e+01 -1.623905e-02 1.586676e-04
6.309543e+01 2.025312e+01 1.007778e+00 7.255334e+05 6.103401e+01 -1.222754e-02 1.590252e-04
6.506258e+01 2.024221e+01 1.016612e+00 7.323011e+05 5.312974e+01 -2.752721e-03 1.586676e-04
6.709105e+01 2.022943e+01 1.006573e+00 7.320879e+05 4.335126e+01 -1.182586e-02 1.418591e-04
6.918276e+01 2.021715e+01 1.008966e+00 7.286884e+05 6.804192e+01 1.019084e-02 1.622438e-04
7.133969e+01 2.020461e+01 1.017071e+00 7.400608e+05 4.172151e+01 -2.711713e-03 1.455545e-04
7.356387e+01 2.019094e+01 1.009881e+00 7.421708e+05 4.424762e+01 -1.039249e-02 1.554489e-04
7.585738e+01 2.017798e+01 1.009830e+00 7.378164e+05 4.587737e+01 -8.575976e-03 1.657009e-04
7.822240e+01 2.016289e+01 1.008875e+00 7.340693e+05 6.942720e+01 -1.565373e-02 1.590252e-04
8.066116e+01 2.014932e+01 1.019418e+00 7.452451e+05 6.893828e+01 -1.282090e-02 1.665354e-04
8.317596e+01 2.013645e+01 1.014518e+00 7.542426e+05 5.158148e+01 -1.971185e-03 1.482964e-04
8.576916e+01 2.012195e+01 1.018544e+00 7.568911e+05 5.744857e+01 -4.034698e-03 1.677275e-04
8.844320e+01 2.010687e+01 1.016670e+00 7.537499e+05 7.456091e+01 2.811551e-03 1.652241e-04
9.120061e+01 2.009167e+01 1.022894e+00 7.603021e+05 8.124287e+01 -2.843082e-03 1.626015e-04
9.404400e+01 2.007604e+01 1.017593e+00 7.584854e+05 6.233781e+01 -1.100713e-02 1.649857e-04
9.697604e+01 2.006207e+01 1.019748e+00 7.566911e+05 4.384018e+01 -6.647885e-03 1.691580e-04
9.999948e+01 2.004654e+01 1.021103e+00 7.637929e+05 4.783306e+01 -2.036870e-03 1.657009e-04
1.031172e+02 2.003224e+01 1.017839e+00 7.532001e+05 5.117404e+01 -3.358722e-03 1.652241e-04
1.063321e+02 2.001695e+01 1.016605e+00 7.577064e+05 4.905537e+01 5.205750e-03 1.745224e-04
1.096473e+02 2.000121e+01 1.016063e+00 7.554949e+05 7.447942e+01 -9.316146e-03 1.578331e-04
1.130658e+02 1.998628e+01 1.012815e+00 7.516086e+05 6.755299e+01 -2.401471e-03 1.500845e-04
1.165908e+02 1.997120e+01 1.006827e+00 7.514998e+05 5.443354e+01 8.139372e-03 1.623631e-04
1.202258e+02 1.995705e+01 1.018741e+00 7.603451e+05 6.388607e+01 5.846739e-03 1.717806e-04
1.239741e+02 1.994107e+01 1.010619e+00 7.507049e+05 6.698258e+01 1.672399e-02 1.493692e-04
1.278393e+02 1.992620e+01 1.013891e+00 7.566428e+05 5.068512e+01 5.412459e-03 1.684427e-04
1.318250e+02 1.991211e+01 1.012296e+00 7.529142e+05 5.720411e+01 1.052010e-02 1.554489e-04
1.359349e+02 1.989714e+01 1.016699e+00 7.559001e+05 6.747150e+01 8.559227e-04 1.627207e-04
1.401730e+02 1.988448e+01 1.006142e+00 7.543766e+05 6.103401e+01 1.560676e-02 1.647472e-04
1.445432e+02 1.986974e+01 1.004397e+00 7.475077e+05 6.657515e+01 -1.024407e-02 1.622438e-04
1.490497e+02 1.985730e+01 1.004434e+00 7.518284e+05 7.464240e+01 -5.034864e-03 1.764297e-04
1.536966e+02 1.984303e+01 1.011520e+00 7.590034e+05 5.394461e+01 -1.523060e-02 1.962185e-04
1.584885e+02 1.982918e+01 1.007186e+00 7.478172e+05 7.081248e+01 -1.339757e-02 1.614094e-04
1.634297e+02 1.981807e+01 1.006935e+00 7.536848e+05 4.294382e+01 -1.570112e-02 1.541376e-04
1.685250e+02 1.980507e+01 1.008514e+00 7.583374e+05 5.378164e+01 -6.547868e-03 1.534224e-04
1.737791e+02 1.979306e+01 1.011768e+00 7.595661e+05 6.054509e+01 -4.395723e-03 1.642704e-04
1.791971e+02 1.978173e+01 1.002744e+00 7.560142e+05 6.592325e+01 -1.642597e-02 1.870394e-04
1.847840e+02 1.977151e+01 9.997825e-01 7.467688e+05 4.954430e+01 -5.602241e-04 1.822710e-04
1.905450e+02 1.976085e+01 1.015489e+00 7.698761e+05 7.105695e+01 -1.865011e-02 1.686811e-04
1.964857e+02 1.975049e+01 1.012660e+00 7.635213e+05 5.158148e+01 -7.919550e-03 1.698732e-04
2.026116e+02 1.974240e+01 1.009874e+00 7.615160e+05 7.757594e+01 -9.459734e-03 1.747608e-04
2.089284e+02 1.973451e+01 1.007265e+00 7.574866e+05 5.630774e+01 -8.435369e-03 1.755953e-04
2.154422e+02 1.972854e+01 1.012311e+00 7.621879e+05 5.549287e+01 9.179115e-03 1.813173e-04
2.221591e+02 1.972147e+01 1.003807e+00 7.545576e+05 6.331565e+01 1.127481e-02 1.802444e-04
2.290854e+02 1.971732e+01 1.010370e+00 7.572840e+05 5.557436e+01 1.309025e-02 1.677275e-04
2.362277e+02 1.971483e+01 1.009245e+00 7.662381e+05 7.537578e+01 3.519416e-03 1.842976e-04
2.435926e+02 1.971236e+01 1.027021e+00 7.893784e+05 7.211629e+01 1.355720e-02 1.616478e-04
2.511872e+02 1.971379e+01 1.022019e+00 7.755911e+05 7.032356e+01 -1.272577e-02 1.779795e-04
2.590185e+02 1.971800e+01 1.008350e+00 7.757450e+05 6.739002e+01 -1.885176e-03 1.850128e-04
2.670940e+02 1.972595e+01 1.016969e+00 7.819236e+05 4.538844e+01 -8.911192e-03 1.528263e-04
2.754212e+02 1.974047e+01 1.014490e+00 7.746260e+05 6.290822e+01 8.225441e-03 1.641512e-04
2.840081e+02 1.976246e+01 1.023536e+00 7.887554e+05 5.663369e+01 -9.549737e-03 1.811981e-04
2.928627e+02 1.979475e+01 1.019884e+00 7.839383e+05 7.138290e+01 1.061177e-02 1.674891e-04
3.019933e+02 1.984478e+01 1.028017e+00 8.034632e+05 5.459651e+01 1.495862e-02 1.810789e-04
3.114087e+02 1.992187e+01 1.011655e+00 7.900086e+05 6.739002e+01 1.978707e-02 1.734495e-04
3.211176e+02 2.004813e+01 1.007690e+00 7.904068e+05 5.565585e+01 3.719985e-02 1.813173e-04
3.311291e+02 2.023856e+01 1.014585e+00 8.137621e+05 5.655220e+01 2.946258e-02 1.791716e-04
3.414528e+02 2.049965e+01 1.001421e+00 8.025793e+05 6.796043e+01 2.626300e-02 1.806021e-04
3.520984e+02 2.081145e+01 1.014422e+00 8.426998e+05 7.643511e+01 -1.807302e-02 1.738071e-04
3.630758e+02 2.115934e+01 1.010924e+00 8.481628e+05 6.681961e+01 -1.414293e-02 1.730919e-04
3.743955e+02 2.152546e+01 1.000750e+00 8.537606e+05 6.013765e+01 -3.346878e-02 1.552105e-04
3.860681e+02 2.190742e+01 1.001888e+00 8.660599e+05 8.653954e+01 -1.893556e-02 1.592636e-04
3.981047e+02 2.229303e+01 9.906523e-01 8.658812e+05 7.007910e+01 -8.973539e-03 1.465082e-04
4.105165e+02 2.266937e+01 9.698011e-01 8.606749e+05 8.605062e+01 9.297848e-03 1.467466e-04
4.233152e+02 2.304056e+01 9.953834e-01 9.371667e+05 8.360600e+01 5.864739e-03 1.512766e-04
4.365131e+02 2.336589e+01 9.887486e-01 9.492588e+05 8.083543e+01 3.238451e-02 1.504421e-04
4.501223e+02 2.359895e+01 9.929696e-01 1.007593e+06 9.599207e+01 2.950072e-03 1.584291e-04
4.641559e+02 2.369978e+01 1.013597e+00 1.065100e+06 7.513132e+01 -3.979266e-03 1.751184e-04
4.786270e+02 2.364609e+01 1.004360e+00 1.081308e+06 8.034650e+01 5.012691e-02 1.360178e-04
4.935493e+02 2.344711e+01 1.013696e+00 1.175716e+06 9.208068e+01 -1.423264e-02 1.534224e-04
5.089368e+02 2.307875e+01 1.002326e+00 1.196475e+06 1.046297e+02 1.107216e-02 1.603365e-04
5.248040e+02 2.257706e+01 1.020877e+00 1.274205e+06 8.898416e+01 5.200624e-03 1.796484e-04
5.411660e+02 2.204263e+01 1.002945e+00 1.293401e+06 8.784334e+01 1.373804e-02 1.592636e-04
5.580380e+02 2.158141e+01 1.002510e+00 1.347228e+06 1.047927e+02 -5.416989e-03 1.795292e-04
5.754362e+02 2.135070e+01 1.005760e+00 1.386123e+06 1.101709e+02 -1.474518e-02 1.741648e-04
5.933766e+02 2.096009e+01 1.008935e+00 1.396020e+06 1.026740e+02 -1.985335e-02 1.808405e-04
6.118765e+02 2.054550e+01 1.010385e+00 1.407811e+06 1.068299e+02 -6.147146e-03 2.001524e-04
6.309531e+02 2.026317e+01 9.959228e-01 1.386185e+06 1.030815e+02 -1.310062e-02 1.921654e-04
6.506245e+02 2.009307e+01 1.001246e+00 1.498281e+06 1.177492e+02 -4.399896e-03 2.071857e-04
6.709092e+02 1.982001e+01 9.956460e-01 1.584368e+06 1.126155e+02 -4.044294e-03 1.993179e-04
6.918263e+02 1.966747e+01 1.002129e+00 1.722558e+06 1.427658e+02 -4.232645e-03 1.935959e-04
7.133955e+02 1.928005e+01 1.003707e+00 1.854487e+06 1.655822e+02 1.304507e-03 1.915693e-04
7.356372e+02 1.877127e+01 9.926454e-01 3.061524e+06 2.231938e+02 -5.114675e-04 2.199411e-04
7.585724e+02 1.870745e+01 9.951582e-01 5.374937e+06 4.255268e+02 -3.885150e-03 2.129078e-04
7.822225e+02 1.883273e+01 1.003168e+00 2.224029e+07 1.778216e+03 3.617525e-03 2.200603e-04
8.066101e+02 1.845237e+01 9.999533e-01 1.249488e+07 9.886042e+02 9.020567e-03 2.319813e-04
8.317580e+02 1.946210e+01 1.004594e+00 1.502351e+07 1.208294e+03 -8.388042e-03 2.171993e-04
8.576899e+02 1.862061e+01 9.965431e-01 9.384935e+06 7.566099e+02 -6.263435e-03 2.150536e-04
8.844303e+02 1.787269e+01 9.994559e-01 1.102006e+07 8.724033e+02 -9.194374e-03 2.313852e-04
9.120044e+02 1.757568e+01 9.972593e-01 1.188942e+07 9.582910e+02 2.133131e-03 2.235174e-04
9.404382e+02 1.743805e+01 1.002662e+00 2.138227e+07 1.712864e+03 -6.815076e-03 2.012253e-04
9.697585e+02 1.691871e+01 9.941866e-01 3.118787e+07 2.490334e+03 -1.254946e-02 2.206564e-04
