#./overdamped_3d --dev=0 --amp=40.0 --omega=1.0 --force=0 --Dg=0.01 --block=256 --paths=65536 --periods=1000 --trans=100 --samples=100 --spp=1000 --algorithm=euler --pav=1 --mode=moments --domain=1d --domainx=a:-1:3:300:1 --domainy=a:0:10:100:0 --domainz=D:-6:-1:100:1 --q=2 --eps=0 --phi=1.57079632679 --lambda=30.0 --zeta=0.0333333333333 --comp=0 --mean=1.0 --second=3.14 --skew=0.99 --distribution=s>> remake_rys1_s_3.14_a:-1:3:300:1_1.0_0.99_30.0.dat
#a <<v>> qnu(q) mu_q Dx Gx EBx
1.000000e-01 1.000450e+00 1.000142e+00 5.880010e+05 4.680747e+01 -1.705980e-02 2.688169e-04
1.031177e-01 1.000620e+00 1.005871e+00 5.949514e+05 4.731867e+01 -1.507747e-02 2.551079e-04
1.063327e-01 1.001205e+00 9.971645e-01 5.872232e+05 4.672152e+01 -1.473486e-02 2.565384e-04
1.096478e-01 1.000459e+00 9.981950e-01 5.841548e+05 4.648916e+01 -1.328176e-02 2.573729e-04
1.130663e-01 1.000530e+00 9.922071e-01 5.833732e+05 4.639080e+01 -1.847875e-02 2.621412e-04
1.165914e-01 1.000651e+00 1.007741e+00 5.945659e+05 4.735623e+01 -1.427358e-02 2.601147e-04
1.202264e-01 1.001068e+00 1.000690e+00 5.888789e+05 4.687909e+01 -1.687020e-02 2.559423e-04
1.239747e-01 9.995722e-01 1.007660e+00 5.913148e+05 4.704397e+01 -1.461273e-02 2.403259e-04
1.278399e-01 1.000185e+00 9.989249e-01 5.885091e+05 4.681861e+01 -2.922887e-02 2.758503e-04
1.318256e-01 1.000953e+00 9.990501e-01 5.855511e+05 4.659929e+01 -1.430666e-02 2.555847e-04
1.359356e-01 1.001143e+00 9.892198e-01 5.832293e+05 4.637616e+01 -9.051859e-03 2.772808e-04
1.401737e-01 1.000483e+00 1.003001e+00 5.903879e+05 4.701914e+01 -1.027602e-02 2.621412e-04
1.445439e-01 1.000793e+00 1.001824e+00 5.879012e+05 4.678232e+01 -1.378989e-02 2.732277e-04
1.490504e-01 1.001289e+00 1.005118e+00 5.942829e+05 4.730180e+01 -1.821613e-02 2.551079e-04
1.536974e-01 1.001365e+00 9.954614e-01 5.866766e+05 4.670338e+01 -1.138419e-02 2.577305e-04
1.584892e-01 1.001639e+00 9.931130e-01 5.865065e+05 4.670433e+01 -1.019669e-02 2.540350e-04
1.634305e-01 1.001475e+00 1.002937e+00 5.878867e+05 4.683994e+01 -2.084577e-02 2.534389e-04
1.685258e-01 9.994781e-01 9.951534e-01 5.880441e+05 4.672439e+01 -1.615268e-02 2.579689e-04
1.737800e-01 9.999498e-01 9.949847e-01 5.884838e+05 4.680428e+01 -8.164585e-03 2.585649e-04
1.791980e-01 1.000265e+00 1.006012e+00 5.915509e+05 4.700355e+01 -2.721167e-02 2.516508e-04
1.847849e-01 1.000879e+00 9.966435e-01 5.871349e+05 4.669065e+01 -1.351368e-02 2.627373e-04
1.905460e-01 1.000490e+00 9.981610e-01 5.867699e+05 4.665086e+01 -1.820225e-02 2.439022e-04
1.964867e-01 1.001238e+00 9.917097e-01 5.869705e+05 4.669128e+01 -1.799363e-02 2.614260e-04
2.026126e-01 1.000714e+00 9.968104e-01 5.883966e+05 4.681288e+01 -1.691574e-02 2.597570e-04
2.089295e-01 1.001204e+00 1.005539e+00 5.873641e+05 4.676959e+01 -1.756501e-02 2.607107e-04
2.154433e-01 9.999706e-01 9.971468e-01 5.844532e+05 4.653022e+01 -1.710802e-02 2.577305e-04
2.221602e-01 1.000273e+00 9.935790e-01 5.857349e+05 4.661330e+01 -1.240677e-02 2.697706e-04
2.290866e-01 1.000049e+00 1.004944e+00 5.875639e+05 4.676099e+01 -9.230256e-03 2.604723e-04
2.362289e-01 1.001272e+00 1.003458e+00 5.928636e+05 4.719708e+01 -9.955287e-03 2.418756e-04
2.435938e-01 1.000915e+00 1.002278e+00 5.914451e+05 4.705861e+01 -2.422202e-02 2.638102e-04
2.511884e-01 1.000479e+00 1.002647e+00 5.944654e+05 4.732599e+01 -1.463503e-02 2.417564e-04
2.590198e-01 1.000669e+00 9.952754e-01 5.859626e+05 4.667091e+01 -1.102620e-02 2.570152e-04
2.670953e-01 1.000659e+00 9.973665e-01 5.920797e+05 4.713564e+01 -1.821184e-02 2.633333e-04
2.754226e-01 1.000516e+00 9.996321e-01 5.929716e+05 4.718626e+01 -1.559347e-02 2.729893e-04
2.840095e-01 1.000688e+00 9.989446e-01 5.893168e+05 4.691633e+01 -1.948607e-02 2.667904e-04
2.928641e-01 1.000730e+00 9.989616e-01 5.913410e+05 4.704906e+01 -1.333284e-02 2.590418e-04
3.019949e-01 1.000946e+00 9.994303e-01 5.872265e+05 4.669128e+01 -1.072639e-02 2.475977e-04
3.114102e-01 1.000621e+00 1.000429e+00 5.845002e+05 4.652513e+01 -1.735091e-02 2.650023e-04
3.211191e-01 9.994623e-01 9.968058e-01 5.907229e+05 4.703188e+01 -1.524508e-02 2.743006e-04
3.311307e-01 1.000771e+00 9.996222e-01 5.870394e+05 4.673585e+01 -2.137923e-02 2.679825e-04
3.414545e-01 1.000534e+00 9.918623e-01 5.819564e+05 4.633159e+01 -1.746255e-02 2.688169e-04
3.521001e-01 1.001010e+00 9.985598e-01 5.890031e+05 4.688704e+01 -1.095235e-02 2.661943e-04
3.630776e-01 1.001635e+00 9.966754e-01 5.839299e+05 4.651398e+01 -1.728284e-02 2.573729e-04
3.743974e-01 1.000586e+00 9.919570e-01 5.847824e+05 4.650571e+01 -2.055621e-02 2.764463e-04
3.860700e-01 1.001547e+00 1.007756e+00 5.898859e+05 4.692047e+01 -1.245618e-02 2.566576e-04
3.981066e-01 1.002087e+00 9.942427e-01 5.862529e+05 4.662985e+01 -1.599723e-02 2.650023e-04
4.105185e-01 1.001697e+00 1.002074e+00 5.879071e+05 4.676036e+01 -1.059270e-02 2.545118e-04
4.233173e-01 1.001837e+00 1.004167e+00 5.889682e+05 4.691028e+01 -1.520723e-02 2.676249e-04
4.365152e-01 1.001480e+00 9.921811e-01 5.873031e+05 4.677213e+01 -8.645236e-03 2.558231e-04
4.501246e-01 1.002414e+00 1.002602e+00 5.902582e+05 4.694657e+01 -1.514298e-02 2.580881e-04
4.641582e-01 1.002612e+00 1.002006e+00 5.946051e+05 4.733618e+01 -2.462071e-02 2.685785e-04
4.786294e-01 1.001399e+00 1.004263e+00 5.899449e+05 4.695039e+01 -1.740170e-02 2.510548e-04
4.935517e-01 1.001948e+00 9.967823e-01 5.829991e+05 4.641881e+01 -9.015262e-03 2.552271e-04
5.089393e-01 1.001676e+00 9.918762e-01 5.868813e+05 4.670020e+01 -2.292472e-02 2.623796e-04
5.248066e-01 1.001625e+00 9.957488e-01 5.845799e+05 4.651590e+01 -1.136136e-02 2.666712e-04
5.411686e-01 1.001908e+00 1.001829e+00 5.858402e+05 4.663844e+01 -1.691926e-02 2.528429e-04
5.580408e-01 1.001868e+00 1.009899e+00 5.934168e+05 4.724164e+01 -1.716906e-02 2.486706e-04
5.754390e-01 1.001745e+00 9.952575e-01 5.838076e+05 4.644332e+01 -1.512671e-02 2.597570e-04
5.933796e-01 1.002177e+00 9.915563e-01 5.845978e+05 4.654327e+01 -1.428324e-02 2.710819e-04
6.118796e-01 1.003718e+00 1.000298e+00 5.879529e+05 4.681956e+01 -1.359624e-02 2.533197e-04
6.309564e-01 1.002021e+00 9.978457e-01 5.887958e+05 4.685935e+01 -1.518315e-02 2.676249e-04
6.506279e-01 1.003037e+00 9.987599e-01 5.896928e+05 4.694275e+01 -2.663606e-02 2.582073e-04
6.709126e-01 1.002660e+00 1.008581e+00 5.914511e+05 4.712991e+01 -1.670480e-02 2.664328e-04
6.918299e-01 1.002111e+00 9.965588e-01 5.820061e+05 4.630518e+01 -8.447289e-03 2.596378e-04
7.133992e-01 1.003689e+00 9.938161e-01 5.859836e+05 4.662667e+01 -2.069253e-02 2.549887e-04
7.356411e-01 1.004025e+00 9.915146e-01 5.880744e+05 4.676768e+01 -2.178198e-02 2.499819e-04
7.585764e-01 1.003366e+00 1.007992e+00 5.900059e+05 4.694880e+01 -1.997483e-02 2.535582e-04
7.822267e-01 1.003821e+00 9.961846e-01 5.870644e+05 4.671102e+01 -1.543397e-02 2.454519e-04
8.066144e-01 1.003931e+00 9.992334e-01 5.862463e+05 4.664577e+01 -1.550812e-02 2.745390e-04
8.317624e-01 1.003761e+00 9.973351e-01 5.888293e+05 4.693320e+01 -1.888651e-02 2.415180e-04
8.576946e-01 1.004520e+00 1.004137e+00 5.892196e+05 4.688641e+01 -1.576346e-02 2.516508e-04
8.844351e-01 1.005340e+00 1.003734e+00 5.848230e+05 4.653436e+01 -1.376814e-02 2.351999e-04
9.120094e-01 1.006228e+00 9.981192e-01 5.891150e+05 4.690455e+01 -1.462668e-02 2.667904e-04
9.404434e-01 1.006008e+00 9.989675e-01 5.891527e+05 4.689214e+01 -7.208049e-03 2.731085e-04
9.697639e-01 1.005939e+00 9.868350e-01 5.801426e+05 4.615461e+01 -2.080065e-02 2.578497e-04
9.999985e-01 1.006650e+00 9.954769e-01 5.875645e+05 4.668014e+01 -1.179332e-02 2.620220e-04
1.031176e+00 1.007140e+00 9.986354e-01 5.902702e+05 4.693511e+01 -2.091753e-02 2.501011e-04
1.063325e+00 1.007654e+00 9.959537e-01 5.865098e+05 4.669192e+01 -1.945430e-02 2.492666e-04
1.096476e+00 1.006456e+00 1.002174e+00 5.896863e+05 4.697171e+01 -1.830524e-02 2.597570e-04
1.130662e+00 1.007479e+00 9.998153e-01 5.902026e+05 4.696185e+01 -1.759082e-02 2.719164e-04
1.165913e+00 1.007517e+00 9.955889e-01 5.841808e+05 4.649871e+01 -1.448679e-02 2.548695e-04
1.202263e+00 1.008957e+00 9.979236e-01 5.841553e+05 4.647038e+01 -2.510905e-02 2.448559e-04
1.239746e+00 1.008137e+00 9.917309e-01 5.850947e+05 4.660789e+01 -1.270723e-02 2.585649e-04
1.278398e+00 1.010071e+00 1.002668e+00 5.914739e+05 4.706562e+01 -1.493955e-02 2.568960e-04
1.318255e+00 1.010318e+00 1.001063e+00 5.874872e+05 4.674635e+01 -2.564645e-02 2.623796e-04
1.359354e+00 1.011234e+00 1.002331e+00 5.852532e+05 4.654263e+01 -1.178950e-02 2.577305e-04
1.401735e+00 1.012303e+00 1.003200e+00 5.922892e+05 4.718053e+01 -1.007617e-02 2.645254e-04
1.445438e+00 1.011881e+00 9.930501e-01 5.846360e+05 4.653245e+01 -1.419014e-02 2.539158e-04
1.490502e+00 1.013308e+00 9.973273e-01 5.878922e+05 4.682656e+01 -6.044626e-03 2.657175e-04
1.536972e+00 1.014335e+00 1.004763e+00 5.914742e+05 4.704429e+01 -1.729316e-02 2.566576e-04
1.584891e+00 1.014763e+00 1.004267e+00 5.903216e+05 4.702646e+01 -2.191341e-02 2.683401e-04
1.634303e+00 1.015085e+00 9.953941e-01 5.870384e+05 4.667919e+01 -1.307857e-02 2.521276e-04
1.685256e+00 1.016868e+00 9.997734e-01 5.885516e+05 4.682848e+01 -2.364635e-02 2.616644e-04
1.737798e+00 1.016960e+00 9.955960e-01 5.850925e+05 4.655919e+01 -3.856361e-03 2.629757e-04
1.791978e+00 1.018809e+00 1.006416e+00 5.910554e+05 4.703538e+01 -2.212894e-02 2.684593e-04
1.847847e+00 1.020166e+00 1.000063e+00 5.919080e+05 4.713055e+01 -1.203120e-02 2.493858e-04
1.905458e+00 1.021182e+00 9.973636e-01 5.831956e+05 4.641849e+01 -1.517409e-02 2.695322e-04
1.964865e+00 1.023502e+00 9.894155e-01 5.829151e+05 4.639334e+01 -2.066267e-02 2.559423e-04
2.026124e+00 1.024168e+00 1.001969e+00 5.865139e+05 4.670402e+01 -1.313984e-02 2.387762e-04
2.089293e+00 1.026361e+00 9.985700e-01 5.878726e+05 4.683961e+01 -1.711416e-02 2.677441e-04
2.154431e+00 1.026731e+00 9.968897e-01 5.891255e+05 4.684789e+01 -1.118690e-02 2.599955e-04
2.221600e+00 1.029532e+00 1.005635e+00 5.849789e+05 4.656810e+01 -1.945204e-02 2.462864e-04
2.290864e+00 1.030957e+00 9.982377e-01 5.906996e+05 4.701055e+01 -1.732111e-02 2.548695e-04
2.362287e+00 1.033091e+00 1.002368e+00 5.863864e+05 4.666964e+01 -8.236468e-03 2.431870e-04
2.435936e+00 1.034240e+00 9.920782e-01 5.841492e+05 4.649934e+01 -1.985592e-02 2.673864e-04
2.511882e+00 1.037315e+00 1.002781e+00 5.895322e+05 4.694147e+01 -2.430838e-02 2.654791e-04
2.590195e+00 1.039359e+00 9.971467e-01 5.878560e+05 4.681702e+01 -1.400232e-02 2.619028e-04
2.670950e+00 1.041108e+00 1.002035e+00 5.920068e+05 4.712323e+01 -9.752691e-03 2.648830e-04
2.754223e+00 1.044762e+00 1.002836e+00 5.903336e+05 4.696885e+01 -1.812226e-02 2.725124e-04
2.840092e+00 1.047859e+00 9.919709e-01 5.885126e+05 4.683357e+01 -1.160890e-02 2.608299e-04
2.928639e+00 1.049601e+00 9.985068e-01 5.886128e+05 4.682784e+01 -1.265585e-02 2.535582e-04
3.019946e+00 1.052431e+00 9.995289e-01 5.945071e+05 4.729671e+01 -1.886022e-02 2.793074e-04
3.114099e+00 1.056070e+00 9.971213e-01 5.866911e+05 4.665723e+01 -1.711506e-02 2.616644e-04
3.211188e+00 1.059492e+00 9.957353e-01 5.875882e+05 4.677659e+01 -1.967257e-02 2.721548e-04
3.311304e+00 1.063252e+00 1.009826e+00 5.986001e+05 4.763826e+01 -1.665664e-02 2.586842e-04
3.414541e+00 1.067192e+00 1.000712e+00 5.870758e+05 4.676099e+01 -9.381056e-03 2.604723e-04
3.520998e+00 1.071848e+00 9.985583e-01 5.885929e+05 4.682116e+01 -1.333410e-02 2.666712e-04
3.630773e+00 1.075686e+00 1.003167e+00 5.905204e+05 4.704970e+01 -2.880543e-02 2.667904e-04
3.743970e+00 1.080274e+00 9.992185e-01 5.872789e+05 4.671484e+01 -2.329779e-02 2.622604e-04
3.860697e+00 1.085016e+00 1.008348e+00 5.950409e+05 4.733236e+01 -2.665210e-02 2.526045e-04
3.981063e+00 1.088950e+00 1.004321e+00 5.936001e+05 4.722127e+01 -2.139503e-02 2.660751e-04
4.105181e+00 1.096282e+00 1.004072e+00 5.960276e+05 4.740939e+01 -2.001685e-02 2.541542e-04
4.233170e+00 1.102988e+00 9.967098e-01 5.904417e+05 4.695930e+01 -1.348126e-02 2.641678e-04
4.365148e+00 1.108299e+00 1.003815e+00 5.941775e+05 4.729257e+01 -2.278012e-02 2.559423e-04
4.501241e+00 1.115790e+00 1.004470e+00 5.932635e+05 4.721650e+01 -1.559329e-02 2.405643e-04
4.641578e+00 1.123345e+00 1.001337e+00 5.938972e+05 4.729671e+01 -1.707608e-02 2.751350e-04
4.786289e+00 1.131245e+00 9.994653e-01 5.878487e+05 4.677818e+01 -1.466209e-02 2.822876e-04
4.935513e+00 1.137464e+00 1.001474e+00 5.921129e+05 4.707294e+01 -6.930470e-03 2.578497e-04
5.089388e+00 1.146184e+00 1.003463e+00 5.927950e+05 4.719708e+01 -5.283654e-03 2.621412e-04
5.248061e+00 1.156017e+00 1.005614e+00 5.951739e+05 4.737469e+01 -2.286786e-02 2.642870e-04
5.411681e+00 1.164680e+00 1.007990e+00 5.940659e+05 4.725246e+01 -7.733107e-03 2.462864e-04
5.580403e+00 1.175205e+00 9.960160e-01 5.868274e+05 4.669956e+01 -1.923639e-02 2.576113e-04
5.754384e+00 1.185674e+00 1.000407e+00 5.882245e+05 4.682720e+01 -1.579893e-02 2.671480e-04
5.933790e+00 1.197971e+00 1.000218e+00 5.851281e+05 4.656269e+01 -1.682580e-02 2.546310e-04
6.118789e+00 1.209500e+00 9.989300e-01 5.925971e+05 4.712228e+01 -1.288474e-02 2.529621e-04
6.309556e+00 1.221896e+00 9.940385e-01 5.869578e+05 4.677850e+01 -9.582043e-03 2.673864e-04
6.506271e+00 1.234583e+00 1.000948e+00 5.854228e+05 4.660184e+01 -1.895654e-02 2.627373e-04
6.709118e+00 1.249865e+00 1.006014e+00 5.926871e+05 4.716938e+01 -1.431507e-02 2.672672e-04
6.918290e+00 1.264916e+00 1.001233e+00 5.861570e+05 4.662858e+01 -1.552081e-02 2.465248e-04
7.133984e+00 1.280345e+00 9.922752e-01 5.807497e+05 4.620809e+01 -1.094288e-02 2.620220e-04
7.356401e+00 1.297470e+00 9.977894e-01 5.862549e+05 4.670815e+01 -1.553279e-02 2.669096e-04
7.585754e+00 1.314228e+00 9.992253e-01 5.897000e+05 4.699272e+01 -1.843792e-02 2.735853e-04
7.822257e+00 1.333954e+00 1.003478e+00 5.872493e+05 4.682593e+01 -1.908141e-02 2.607107e-04
8.066133e+00 1.353294e+00 9.967052e-01 5.868726e+05 4.665595e+01 -1.193857e-02 2.576113e-04
8.317613e+00 1.372819e+00 1.000528e+00 5.878354e+05 4.682911e+01 -2.396107e-05 2.567768e-04
8.576933e+00 1.395265e+00 1.002642e+00 5.895039e+05 4.693224e+01 -1.604652e-02 2.766848e-04
8.844338e+00 1.418620e+00 9.995862e-01 5.844524e+05 4.653754e+01 -9.074092e-03 2.654791e-04
9.120080e+00 1.443679e+00 1.009953e+00 5.900755e+05 4.702837e+01 -8.370519e-03 2.667904e-04
9.404419e+00 1.468907e+00 1.002586e+00 5.864055e+05 4.668524e+01 -6.826222e-03 2.729893e-04
9.697623e+00 1.495965e+00 1.003812e+00 5.856881e+05 4.667823e+01 -1.341844e-02 2.675056e-04
9.999969e+00 1.524338e+00 1.000620e+00 5.838662e+05 4.655027e+01 -1.344699e-02 2.468824e-04
1.031174e+01 1.554186e+00 1.003641e+00 5.904790e+05 4.698636e+01 -1.226938e-02 2.543926e-04
1.063323e+01 1.585345e+00 9.968963e-01 5.889179e+05 4.690423e+01 -3.483534e-03 2.610683e-04
1.096475e+01 1.618320e+00 1.004005e+00 5.895533e+05 4.694180e+01 -1.273924e-02 2.766848e-04
1.130660e+01 1.653681e+00 1.005610e+00 5.923479e+05 4.716143e+01 -9.840965e-03 2.582073e-04
1.165911e+01 1.690036e+00 1.012237e+00 5.970047e+05 4.764780e+01 -1.548243e-02 2.578497e-04
1.202261e+01 1.727459e+00 1.009878e+00 5.940611e+05 4.731294e+01 -1.088840e-02 2.639294e-04
1.239744e+01 1.767586e+00 1.000539e+00 5.920026e+05 4.704747e+01 -3.153861e-03 2.666712e-04
1.278396e+01 1.809421e+00 1.007457e+00 5.909105e+05 4.707357e+01 -6.051600e-03 2.826452e-04
1.318252e+01 1.852915e+00 1.002662e+00 5.947888e+05 4.723464e+01 -6.540418e-03 2.597570e-04
1.359352e+01 1.900271e+00 1.010366e+00 5.901655e+05 4.702583e+01 -6.456673e-03 2.665520e-04
1.401733e+01 1.947950e+00 1.002813e+00 5.857945e+05 4.656619e+01 -1.879811e-03 2.715588e-04
1.445435e+01 1.998290e+00 1.007447e+00 5.929648e+05 4.724228e+01 -4.953682e-03 2.770424e-04
1.490500e+01 2.049930e+00 1.007709e+00 5.856936e+05 4.672662e+01 -1.704168e-02 2.677441e-04
1.536969e+01 2.103543e+00 1.010848e+00 5.893049e+05 4.695835e+01 -1.487136e-03 2.715588e-04
1.584888e+01 2.161040e+00 1.004766e+00 5.851827e+05 4.682720e+01 -9.672463e-03 2.702475e-04
1.634300e+01 2.220587e+00 1.007037e+00 5.886797e+05 4.671006e+01 -1.112300e-02 2.691746e-04
1.685253e+01 2.281248e+00 1.006861e+00 5.853044e+05 4.662603e+01 4.732966e-03 2.722740e-04
1.737795e+01 2.344407e+00 9.995099e-01 5.819521e+05 4.620459e+01 1.228929e-03 2.691746e-04
1.791974e+01 2.411317e+00 1.003890e+00 5.798979e+05 4.609764e+01 1.518488e-03 2.535582e-04
1.847843e+01 2.479706e+00 1.009508e+00 5.836748e+05 4.643759e+01 -1.008970e-02 2.547503e-04
1.905454e+01 2.551242e+00 1.006454e+00 5.844963e+05 4.632045e+01 -8.871138e-03 2.577305e-04
1.964861e+01 2.624445e+00 1.003764e+00 5.834668e+05 4.641467e+01 -5.590618e-03 2.690554e-04
2.026120e+01 2.702074e+00 1.012527e+00 5.899271e+05 4.705384e+01 4.525900e-03 2.704859e-04
2.089288e+01 2.780530e+00 9.985474e-01 5.788801e+05 4.604034e+01 -7.300198e-03 2.638102e-04
2.154427e+01 2.861809e+00 1.003162e+00 5.795431e+05 4.579079e+01 -5.606830e-03 2.659559e-04
2.221596e+01 2.945915e+00 1.016958e+00 5.875148e+05 4.687304e+01 -8.821487e-05 2.682209e-04
2.290859e+01 3.031742e+00 9.963076e-01 5.748155e+05 4.521019e+01 -3.649592e-04 2.765656e-04
2.362282e+01 3.120996e+00 1.008949e+00 5.844339e+05 4.670752e+01 -2.877712e-04 2.892017e-04
2.435931e+01 3.212434e+00 1.003852e+00 5.746594e+05 4.596395e+01 1.325953e-02 2.764463e-04
2.511877e+01 3.305509e+00 1.011892e+00 5.831484e+05 4.715315e+01 -2.952754e-03 2.695322e-04
2.590190e+01 3.401845e+00 1.002511e+00 5.763068e+05 4.639685e+01 -4.054427e-03 2.806187e-04
2.670945e+01 3.500791e+00 1.007689e+00 5.741709e+05 4.556415e+01 -4.288614e-03 2.816916e-04
2.754218e+01 3.599455e+00 9.958823e-01 5.675735e+05 4.561508e+01 -7.314742e-03 2.779961e-04
2.840087e+01 3.701887e+00 1.004627e+00 5.697430e+05 4.549030e+01 -5.796432e-03 2.580881e-04
2.928633e+01 3.807506e+00 1.000812e+00 5.680938e+05 4.517454e+01 -2.114296e-03 2.579689e-04
3.019939e+01 3.913512e+00 1.001294e+00 5.694841e+05 4.499119e+01 -2.076030e-04 2.667904e-04
3.114093e+01 4.021990e+00 1.001364e+00 5.695132e+05 4.589774e+01 2.921104e-03 2.727509e-04
3.211182e+01 4.132875e+00 1.003178e+00 5.649758e+05 4.546484e+01 -4.658341e-03 2.808571e-04
3.311298e+01 4.245024e+00 9.985216e-01 5.610994e+05 4.470089e+01 1.074708e-02 2.895594e-04
3.414534e+01 4.360259e+00 9.975933e-01 5.529146e+05 4.368739e+01 -1.253313e-02 2.647638e-04
3.520990e+01 4.475675e+00 1.008057e+00 5.605383e+05 4.415085e+01 -2.202719e-02 2.757311e-04
3.630765e+01 4.592444e+00 9.967519e-01 5.566442e+05 4.459394e+01 -4.832208e-03 2.663136e-04
3.743962e+01 4.710453e+00 1.007607e+00 5.596663e+05 4.602506e+01 -6.643772e-03 2.646446e-04
3.860689e+01 4.828985e+00 1.008792e+00 5.621936e+05 4.553614e+01 -1.004404e-02 2.738237e-04
3.981054e+01 4.948758e+00 1.006446e+00 5.573895e+05 4.461940e+01 -4.138827e-03 2.748966e-04
4.105173e+01 5.069548e+00 1.000395e+00 5.519652e+05 4.364665e+01 -2.126557e-02 2.663136e-04
4.233161e+01 5.190838e+00 1.007267e+00 5.549314e+05 4.414067e+01 -1.332062e-02 2.813339e-04
4.365139e+01 5.313763e+00 9.942656e-01 5.446825e+05 4.266880e+01 -5.815744e-03 2.717972e-04
4.501232e+01 5.437348e+00 1.013073e+00 5.450887e+05 4.368739e+01 3.839850e-03 2.621412e-04
4.641568e+01 5.559637e+00 1.001658e+00 5.411729e+05 4.217988e+01 -7.211626e-03 2.641678e-04
4.786279e+01 5.684647e+00 9.944551e-01 5.357369e+05 4.353460e+01 -1.256990e-02 2.865791e-04
4.935502e+01 5.806874e+00 1.000307e+00 5.323121e+05 4.175207e+01 -1.639414e-02 2.698898e-04
5.089378e+01 5.930823e+00 9.958268e-01 5.257166e+05 4.147705e+01 -1.398283e-02 2.897978e-04
5.248050e+01 6.053558e+00 9.925933e-01 5.270452e+05 4.308643e+01 -1.513028e-02 2.865791e-04
5.411670e+01 6.175704e+00 9.879457e-01 5.260966e+05 4.092701e+01 1.694286e-02 2.779961e-04
5.580391e+01 6.298252e+00 1.000112e+00 5.266124e+05 4.214932e+01 -1.470506e-02 2.807379e-04
5.754372e+01 6.418947e+00 9.920048e-01 5.257462e+05 4.086589e+01 -6.915331e-03 2.766848e-04
5.933778e+01 6.539109e+00 9.949548e-01 5.245221e+05 4.239378e+01 -2.492762e-02 2.781153e-04
6.118777e+01 6.658333e+00 9.896527e-01 5.224256e+05 4.115110e+01 9.721279e-03 2.927780e-04
6.309543e+01 6.777660e+00 9.988838e-01 5.200668e+05 4.139556e+01 5.119681e-03 2.866983e-04
6.506258e+01 6.894691e+00 1.001632e+00 5.208017e+05 4.194560e+01 -7.081687e-03 2.568960e-04
6.709105e+01 7.010357e+00 9.915015e-01 5.178613e+05 4.286234e+01 -1.445174e-02 2.857447e-04
6.918276e+01 7.125437e+00 9.954370e-01 5.182632e+05 4.025474e+01 -1.619560e-02 2.790689e-04
7.133969e+01 7.239086e+00 1.001748e+00 5.167717e+05 4.137519e+01 -1.168472e-02 2.846718e-04
7.356387e+01 7.350687e+00 1.005297e+00 5.196232e+05 4.232248e+01 -1.795536e-02 2.996922e-04
7.585738e+01 7.460703e+00 1.004154e+00 5.219711e+05 4.212895e+01 -8.709490e-03 2.834797e-04
7.822240e+01 7.568722e+00 9.928795e-01 5.132821e+05 4.033623e+01 -5.002260e-03 2.795458e-04
8.066116e+01 7.674957e+00 1.007627e+00 5.230615e+05 4.119184e+01 -2.164114e-02 2.840757e-04
8.317596e+01 7.780558e+00 1.013306e+00 5.212154e+05 4.278085e+01 -1.840937e-02 2.737045e-04
8.576916e+01 7.884340e+00 1.006494e+00 5.215967e+05 4.082515e+01 -5.325317e-03 2.782345e-04
8.844320e+01 7.984862e+00 1.001396e+00 5.159957e+05 4.039734e+01 -1.863658e-03 2.756119e-04
9.120061e+01 8.083845e+00 1.002582e+00 5.149269e+05 3.929726e+01 -2.150428e-02 2.887249e-04
9.404400e+01 8.180088e+00 1.004863e+00 5.152352e+05 4.396241e+01 -1.511729e-02 2.883673e-04
9.697604e+01 8.274284e+00 1.016985e+00 5.195402e+05 4.363646e+01 -1.478928e-02 2.850294e-04
9.999948e+01 8.367176e+00 1.005070e+00 5.084785e+05 4.019362e+01 -2.914304e-02 2.651215e-04
1.031172e+02 8.455888e+00 1.002162e+00 5.100243e+05 3.836016e+01 -2.452254e-02 2.648830e-04
1.063321e+02 8.546216e+00 9.996334e-01 5.102732e+05 3.976582e+01 -2.110404e-02 2.962351e-04
1.096473e+02 8.632263e+00 1.004973e+00 5.142357e+05 4.060106e+01 -4.130006e-03 2.795458e-04
1.130658e+02 8.716524e+00 1.004030e+00 5.107102e+05 3.671004e+01 -5.270243e-03 2.832413e-04
1.165908e+02 8.798902e+00 1.003331e+00 5.115565e+05 4.282159e+01 6.278515e-03 2.774000e-04
1.202258e+02 8.878366e+00 1.005080e+00 5.096624e+05 4.133445e+01 -1.207054e-03 2.832413e-04
1.239741e+02 8.955653e+00 1.002496e+00 5.073483e+05 4.610146e+01 -3.385544e-05 2.866983e-04
1.278393e+02 9.032022e+00 1.001185e+00 5.096401e+05 4.133445e+01 1.120925e-03 3.033876e-04
1.318250e+02 9.105263e+00 1.001568e+00 5.073768e+05 4.345312e+01 1.552057e-02 2.692938e-04
1.359349e+02 9.176284e+00 1.011393e+00 5.136710e+05 4.155854e+01 2.843857e-03 2.768040e-04
1.401730e+02 9.243663e+00 1.005970e+00 5.123657e+05 4.206783e+01 8.864284e-03 2.802610e-04
1.445432e+02 9.309948e+00 1.004285e+00 5.073778e+05 4.265862e+01 1.180172e-03 2.861023e-04
1.490497e+02 9.374301e+00 1.009836e+00 5.142599e+05 4.443097e+01 2.733612e-02 2.900362e-04
1.536966e+02 9.435820e+00 1.007098e+00 5.142817e+05 3.836016e+01 9.965539e-03 2.777576e-04
1.584885e+02 9.496124e+00 1.012129e+00 5.152389e+05 4.308643e+01 9.785175e-03 2.778769e-04
1.634297e+02 9.554296e+00 1.011452e+00 5.091619e+05 3.998991e+01 1.885295e-03 2.766848e-04
1.685250e+02 9.611039e+00 1.015174e+00 5.104778e+05 3.956210e+01 1.492119e-02 2.841949e-04
1.737791e+02 9.666145e+00 1.014595e+00 5.146641e+05 3.901206e+01 1.378429e-02 2.993345e-04
1.791971e+02 9.719252e+00 1.018245e+00 5.154068e+05 4.115110e+01 1.144922e-02 2.803802e-04
1.847840e+02 9.770774e+00 1.005653e+00 5.113600e+05 4.005102e+01 -4.755855e-04 2.837181e-04
1.905450e+02 9.820522e+00 1.005908e+00 5.099848e+05 4.304568e+01 2.037215e-02 2.844334e-04
1.964857e+02 9.868875e+00 1.005549e+00 5.097267e+05 3.895094e+01 -4.165769e-03 2.814531e-04
2.026116e+02 9.915075e+00 9.954933e-01 5.038444e+05 3.705636e+01 1.576781e-03 2.769232e-04
2.089284e+02 9.958814e+00 1.008720e+00 5.058155e+05 3.662856e+01 -1.104921e-02 2.622604e-04
2.154422e+02 1.000222e+01 9.947190e-01 4.992338e+05 4.098812e+01 -6.255507e-04 2.851486e-04
2.221591e+02 1.004428e+01 1.001792e+00 5.046388e+05 4.068255e+01 1.078129e-03 2.783537e-04
2.290854e+02 1.008319e+01 1.005774e+00 5.074603e+05 4.117147e+01 2.118826e-03 2.802610e-04
2.362277e+02 1.012161e+01 1.006211e+00 5.080967e+05 4.253638e+01 1.169443e-02 2.843142e-04
2.435926e+02 1.015948e+01 1.010865e+00 5.118990e+05 4.223081e+01 1.322615e-02 2.816916e-04
2.511872e+02 1.019553e+01 1.003685e+00 5.066782e+05 4.418650e+01 8.256197e-03 2.698898e-04
2.590185e+02 1.023013e+01 1.009784e+00 5.081435e+05 4.506249e+01 2.123857e-02 2.930164e-04
2.670940e+02 1.026347e+01 1.006081e+00 5.161971e+05 3.976582e+01 7.938027e-03 2.814531e-04
2.754212e+02 1.029758e+01 1.000470e+00 5.148605e+05 4.086589e+01 1.499116e-02 2.609491e-04
2.840081e+02 1.033210e+01 1.011627e+00 5.244632e+05 4.337163e+01 2.493620e-02 2.726316e-04
2.928627e+02 1.036798e+01 1.006227e+00 5.218520e+05 3.964359e+01 4.432464e-02 2.827644e-04
3.019933e+02 1.040657e+01 1.010730e+00 5.350721e+05 4.168077e+01 2.734077e-02 2.766848e-04
3.114087e+02 1.045172e+01 1.014841e+00 5.336620e+05 4.119184e+01 1.518309e-02 2.821684e-04
3.211176e+02 1.050983e+01 9.986731e-01 5.327421e+05 3.903243e+01 7.361650e-03 2.710819e-04
3.311291e+02 1.057577e+01 1.008210e+00 5.547578e+05 4.510324e+01 1.550639e-02 2.825260e-04
3.414528e+02 1.061685e+01 1.000796e+00 5.656992e+05 3.874722e+01 2.146220e-02 2.615452e-04
3.520984e+02 1.052468e+01 9.865043e-01 5.731137e+05 3.939912e+01 2.031028e-02 2.636909e-04
3.630758e+02 1.013205e+01 9.954007e-01 6.137804e+05 4.616257e+01 2.699983e-02 2.574921e-04
3.743955e+02 9.446762e+00 1.012505e+00 6.998577e+05 5.801898e+01 5.137563e-03 2.714396e-04
3.860681e+02 8.609441e+00 1.009143e+00 7.555032e+05 5.987281e+01 2.264977e-03 2.801418e-04
3.981047e+02 7.733710e+00 1.004749e+00 8.022108e+05 6.325454e+01 -1.448649e-02 2.584457e-04
4.105165e+02 6.865642e+00 1.012482e+00 8.806001e+05 7.230981e+01 -3.426903e-02 2.510548e-04
4.233152e+02 6.023763e+00 1.000759e+00 9.146291e+05 7.553875e+01 -1.035839e-02 2.608299e-04
4.365131e+02 5.209239e+00 1.000821e+00 1.011171e+06 8.117156e+01 8.139133e-03 2.387762e-04
4.501223e+02 4.422029e+00 1.003571e+00 1.069982e+06 8.541400e+01 1.340246e-02 2.501011e-04
4.641559e+02 3.668342e+00 9.929969e-01 1.106129e+06 8.749702e+01 -6.862462e-03 2.416372e-04
4.786270e+02 2.962918e+00 1.005092e+00 1.192622e+06 9.443362e+01 -2.224028e-03 2.548695e-04
4.935493e+02 2.319063e+00 1.003727e+00 1.245212e+06 9.873209e+01 2.923489e-03 2.363920e-04
5.089368e+02 1.832601e+00 9.864216e-01 1.291352e+06 1.029051e+02 1.957262e-02 2.492666e-04
5.248040e+02 1.605611e+00 9.793755e-01 1.285898e+06 1.023449e+02 3.043330e-02 2.416372e-04
5.411660e+02 1.562877e+00 9.992964e-01 1.336898e+06 1.064231e+02 1.174450e-02 2.425909e-04
5.580380e+02 1.567531e+00 9.948584e-01 1.380047e+06 1.097666e+02 -1.301628e-02 2.369881e-04
5.754362e+02 1.218842e+00 1.000212e+00 1.425228e+06 1.134052e+02 -8.921981e-03 2.551079e-04
5.933766e+02 1.644542e+00 1.002194e+00 1.415049e+06 1.126664e+02 -2.261698e-03 2.439022e-04
6.118765e+02 2.180383e+00 9.958647e-01 1.392424e+06 1.107375e+02 -4.037559e-03 2.574921e-04
6.309531e+02 2.803630e+00 1.008238e+00 1.359211e+06 1.079121e+02 -1.539570e-02 2.487898e-04
6.506245e+02 1.788709e+00 9.943482e-01 1.487892e+06 1.183712e+02 -1.161098e-04 2.623796e-04
6.709092e+02 9.068650e-01 9.951966e-01 1.593855e+06 1.267900e+02 -5.067825e-03 2.558231e-04
6.918263e+02 -4.895943e-01 9.980289e-01 1.753230e+06 1.395120e+02 6.052256e-04 2.419949e-04
7.133955e+02 -1.362730e+00 9.997175e-01 1.888133e+06 1.502232e+02 -1.019359e-03 2.416372e-04
7.356372e+02 -4.212015e+00 9.948723e-01 3.161741e+06 2.517449e+02 -1.590252e-04 2.301931e-04
7.585724e+02 -5.659389e+00 9.992768e-01 5.557962e+06 4.426799e+02 1.216638e-02 2.198219e-04
7.822225e+02 -1.193180e+01 9.997798e-01 2.216246e+07 1.759963e+03 -5.070746e-03 2.177954e-04
8.066101e+02 -7.302876e+00 9.928185e-01 1.253704e+07 9.971706e+02 -4.017055e-03 2.218485e-04
8.317580e+02 -4.276384e+00 9.995213e-01 1.484558e+07 1.181286e+03 -3.128052e-04 2.079010e-04
8.576899e+02 -4.769233e+00 1.002567e+00 9.537526e+06 7.596198e+02 -1.287860e-02 2.442598e-04
8.844303e+02 -6.943706e+00 9.969632e-01 1.103401e+07 8.775981e+02 7.616639e-03 2.231598e-04
9.120044e+02 -8.769929e+00 9.977537e-01 1.207594e+07 9.583317e+02 -7.511139e-03 2.313852e-04
9.404382e+02 -9.407365e+00 9.982480e-01 2.116449e+07 1.684730e+03 1.117539e-02 2.108812e-04
9.697585e+02 -1.198275e+01 9.968162e-01 3.131866e+07 2.484834e+03 -1.325488e-03 2.195835e-04
