#./overdamped_3d --dev=0 --amp=10.0 --omega=1.0 --force=0 --Dg=0.01 --block=256 --paths=65536 --periods=1000 --trans=100 --samples=100 --spp=400 --algorithm=euler --pav=1 --mode=moments --domain=1d --domainx=l:-2:3:200:1 --domainy=a:0:10:100:0 --domainz=D:-6:-1:100:1 --q=2 --eps=0 --phi=1.57079632679 --lambda=0 --zeta=0 --comp=0 --mean=1.0 --second=3.14 --skew=0.99 --distribution=s>> 1d_s_var_3.14_skew_0.99_l:-2:3:200:1_0.01_10.0_1.0.dat
#l <<v>> qnu(q) mu_q Dx Gx EBx
1.000000e-02 1.006411e+00 9.970807e-01 6.319446e+05 5.030060e+01 -8.346260e-03 1.854658e-02
1.059254e-02 1.002760e+00 9.896513e-01 5.802696e+05 4.615907e+01 1.398563e-03 1.733828e-02
1.122018e-02 9.957131e-01 9.866921e-01 5.492802e+05 4.375901e+01 -1.377946e-02 1.657069e-02
1.188502e-02 9.950945e-01 9.966645e-01 5.217999e+05 4.150347e+01 6.196499e-04 1.589084e-02
1.258925e-02 9.996409e-01 9.942015e-01 4.953210e+05 3.940135e+01 5.943060e-03 1.499879e-02
1.333521e-02 1.009649e+00 9.971470e-01 4.777018e+05 3.796418e+01 1.240635e-02 1.428735e-02
1.412537e-02 9.939843e-01 1.001004e+00 4.386368e+05 3.488867e+01 -4.938066e-03 1.362705e-02
1.496235e-02 1.000033e+00 1.003884e+00 4.254621e+05 3.387899e+01 -5.134344e-04 1.314199e-02
1.584893e-02 1.003641e+00 1.005313e+00 4.002274e+05 3.184149e+01 -1.984119e-02 1.228690e-02
1.678803e-02 9.926873e-01 1.003147e+00 3.673901e+05 2.924567e+01 -2.678406e-02 1.172471e-02
1.778278e-02 1.011056e+00 1.001360e+00 3.590398e+05 2.857945e+01 -1.708239e-02 1.096547e-02
1.883648e-02 9.897160e-01 1.012969e+00 3.342914e+05 2.659957e+01 -2.247524e-02 1.066649e-02
1.995261e-02 1.009421e+00 9.968522e-01 3.169508e+05 2.524261e+01 -7.802308e-03 9.808660e-03
2.113488e-02 9.917385e-01 9.985799e-01 2.907686e+05 2.314781e+01 -1.461279e-02 9.479284e-03
2.238719e-02 9.985525e-01 1.000341e+00 2.810429e+05 2.239851e+01 2.989054e-03 9.000778e-03
2.371372e-02 1.004289e+00 9.990575e-01 2.686493e+05 2.139329e+01 -1.934338e-02 8.613229e-03
2.511884e-02 9.863983e-01 9.999406e-01 2.429810e+05 1.938221e+01 -3.923649e-02 8.217692e-03
2.660723e-02 1.012222e+00 1.001580e+00 2.418943e+05 1.926921e+01 -4.925966e-03 7.724404e-03
2.818380e-02 9.986271e-01 1.006021e+00 2.249077e+05 1.792753e+01 -2.431512e-03 7.452488e-03
2.985379e-02 9.845891e-01 1.007861e+00 2.045038e+05 1.630351e+01 1.875997e-03 7.089972e-03
3.162274e-02 1.007438e+00 1.002207e+00 2.000668e+05 1.595496e+01 -5.815923e-03 6.594658e-03
3.349651e-02 1.011177e+00 9.953650e-01 1.902888e+05 1.507006e+01 3.990412e-03 6.336093e-03
3.548130e-02 9.826974e-01 1.003429e+00 1.720118e+05 1.367427e+01 1.310647e-02 6.203413e-03
3.758369e-02 9.848037e-01 9.919538e-01 1.614888e+05 1.285144e+01 1.575208e-02 5.813956e-03
3.981066e-02 1.015353e+00 1.006082e+00 1.661375e+05 1.321686e+01 1.844990e-02 5.608797e-03
4.216959e-02 1.019753e+00 1.017973e+00 1.607238e+05 1.268815e+01 8.852363e-03 5.490780e-03
4.466829e-02 9.863135e-01 1.005953e+00 1.434681e+05 1.142000e+01 3.110528e-03 5.408168e-03
4.731506e-02 9.745649e-01 1.012481e+00 1.318478e+05 1.046858e+01 6.550789e-03 5.171061e-03
5.011865e-02 9.874697e-01 1.009937e+00 1.263219e+05 1.005032e+01 5.012631e-03 4.873157e-03
5.308836e-02 1.021052e+00 1.010546e+00 1.274775e+05 1.011716e+01 1.975846e-02 4.509687e-03
5.623404e-02 1.042214e+00 1.003222e+00 1.246557e+05 9.826226e+00 9.551644e-03 4.247427e-03
5.956611e-02 1.001841e+00 1.011710e+00 1.109282e+05 8.769437e+00 1.256371e-02 4.274487e-03
6.309562e-02 9.745137e-01 1.008897e+00 1.002028e+05 7.962203e+00 3.373480e-02 4.208684e-03
6.683427e-02 9.638064e-01 9.994557e-01 9.108714e+04 7.284522e+00 1.627266e-02 4.054308e-03
7.079445e-02 9.708676e-01 9.970414e-01 8.650401e+04 6.899048e+00 -1.239759e-02 3.844619e-03
7.498927e-02 9.933625e-01 9.922296e-01 8.374505e+04 6.667637e+00 5.668402e-04 3.540993e-03
7.943267e-02 1.029109e+00 9.920678e-01 8.457526e+04 6.665091e+00 -9.549558e-03 3.325582e-03
8.413934e-02 1.072632e+00 9.947659e-01 8.569400e+04 6.758674e+00 9.852529e-03 3.118157e-03
8.912491e-02 1.046492e+00 9.963022e-01 7.931972e+04 6.247149e+00 -5.138457e-03 3.126383e-03
9.440588e-02 1.007886e+00 9.892495e-01 7.245902e+04 5.651274e+00 -1.887679e-02 3.144026e-03
9.999978e-02 9.767227e-01 1.004771e+00 6.723959e+04 5.337420e+00 -1.621103e-02 3.233075e-03
1.059251e-01 9.541592e-01 1.002389e+00 6.122584e+04 4.892105e+00 -1.456916e-02 3.219962e-03
1.122016e-01 9.408781e-01 1.000497e+00 5.624525e+04 4.540372e+00 -7.270277e-03 3.209472e-03
1.188499e-01 9.379053e-01 9.994459e-01 5.266545e+04 4.253256e+00 -1.708764e-02 3.107071e-03
1.258922e-01 9.452112e-01 9.933816e-01 4.931366e+04 3.975054e+00 -1.195008e-02 2.954125e-03
1.333518e-01 9.616923e-01 9.928135e-01 4.719399e+04 3.834679e+00 -2.347428e-02 2.773404e-03
1.412534e-01 9.862574e-01 1.006453e+00 4.665181e+04 3.692394e+00 -1.849109e-02 2.653122e-03
1.496232e-01 1.018930e+00 9.984091e-01 4.640191e+04 3.649741e+00 -1.611179e-02 2.487540e-03
1.584889e-01 1.058040e+00 9.981995e-01 4.613376e+04 3.614090e+00 -1.526809e-02 2.281189e-03
1.678800e-01 1.102013e+00 9.973648e-01 4.716359e+04 3.798392e+00 -1.573306e-02 2.143979e-03
1.778274e-01 1.148457e+00 9.979467e-01 4.772859e+04 3.740141e+00 -3.495997e-02 1.987338e-03
1.883644e-01 1.148895e+00 1.004001e+00 4.746300e+04 3.798710e+00 -3.024381e-02 1.983285e-03
1.995257e-01 1.112052e+00 9.984785e-01 4.502809e+04 3.615682e+00 -1.205432e-02 1.955628e-03
2.113483e-01 1.075408e+00 9.947399e-01 4.262812e+04 3.365172e+00 -9.328306e-03 1.913667e-03
2.238715e-01 1.040676e+00 9.908542e-01 4.069012e+04 3.156361e+00 -5.020559e-03 1.926661e-03
2.371367e-01 1.008013e+00 1.000107e+00 4.003698e+04 3.115617e+00 -2.457023e-02 1.951218e-03
2.511879e-01 9.770297e-01 9.951616e-01 3.856177e+04 3.044634e+00 1.868188e-02 1.976013e-03
2.660717e-01 9.478894e-01 1.001649e+00 3.735441e+04 3.051955e+00 1.027226e-03 2.016187e-03
2.818374e-01 9.211931e-01 1.002104e+00 3.595085e+04 2.941820e+00 1.249814e-02 2.021432e-03
2.985373e-01 8.965991e-01 9.977008e-01 3.490102e+04 2.862083e+00 -5.541265e-03 2.049804e-03
3.162267e-01 8.737846e-01 1.000518e+00 3.453078e+04 2.804787e+00 -9.526372e-03 2.076626e-03
3.349643e-01 8.533077e-01 9.961325e-01 3.305821e+04 2.649293e+00 -2.188283e-02 2.063155e-03
3.548122e-01 8.351418e-01 1.007127e+00 3.270692e+04 2.563031e+00 -3.423411e-02 2.132773e-03
3.758362e-01 8.189903e-01 1.005729e+00 3.235102e+04 2.502075e+00 -3.289944e-02 2.128243e-03
3.981059e-01 8.051069e-01 9.952248e-01 3.154121e+04 2.438731e+00 -2.125931e-02 2.124667e-03
4.216951e-01 7.932430e-01 1.001183e+00 3.112800e+04 2.376183e+00 -2.495140e-02 2.158284e-03
4.466822e-01 7.832156e-01 9.989311e-01 3.031714e+04 2.320956e+00 -1.457721e-02 2.139926e-03
4.731497e-01 7.754174e-01 9.883924e-01 2.942663e+04 2.259363e+00 -1.628757e-03 2.143383e-03
5.011857e-01 7.694180e-01 9.843155e-01 2.882180e+04 2.250928e+00 -4.093170e-03 2.102375e-03
5.308828e-01 7.654760e-01 9.877779e-01 2.895469e+04 2.245995e+00 1.743627e-02 2.114058e-03
5.623395e-01 7.634264e-01 9.906636e-01 2.867521e+04 2.221803e+00 4.680157e-04 2.102017e-03
5.956603e-01 7.627518e-01 9.969499e-01 2.913164e+04 2.288966e+00 -2.133060e-02 2.137899e-03
6.309554e-01 7.637351e-01 9.974234e-01 2.897062e+04 2.237718e+00 -8.339286e-03 2.130389e-03
6.683418e-01 7.670395e-01 1.003563e+00 2.911496e+04 2.284033e+00 -5.024374e-03 2.097726e-03
7.079436e-01 7.719824e-01 1.001397e+00 2.940099e+04 2.286261e+00 1.693845e-03 2.112627e-03
7.498919e-01 7.779745e-01 9.996591e-01 2.918038e+04 2.262706e+00 9.556532e-03 2.082348e-03
7.943258e-01 7.858464e-01 9.983169e-01 2.979255e+04 2.295173e+00 3.399622e-02 2.059937e-03
8.413925e-01 7.950212e-01 1.008872e+00 3.039355e+04 2.331461e+00 2.994776e-02 2.080321e-03
8.912482e-01 8.062131e-01 1.007385e+00 3.087415e+04 2.337190e+00 -5.287409e-03 2.041221e-03
9.440579e-01 8.191872e-01 1.003410e+00 3.158308e+04 2.403239e+00 -5.025923e-03 2.032876e-03
9.999969e-01 8.337780e-01 1.011716e+00 3.266309e+04 2.551731e+00 -7.223785e-03 2.023101e-03
1.059250e+00 8.499745e-01 1.013976e+00 3.317944e+04 2.614438e+00 -3.128529e-03 1.991034e-03
1.122015e+00 8.679523e-01 1.010161e+00 3.398365e+04 2.750356e+00 -1.729321e-02 2.001405e-03
1.188498e+00 8.873994e-01 1.012337e+00 3.470662e+04 2.791419e+00 -2.573085e-02 1.913428e-03
1.258922e+00 9.088941e-01 1.019957e+00 3.593409e+04 2.894073e+00 -4.634917e-03 1.891613e-03
1.333517e+00 9.321572e-01 1.021096e+00 3.675875e+04 2.974924e+00 8.673668e-03 1.863718e-03
1.412533e+00 9.563688e-01 1.019030e+00 3.740127e+04 3.034448e+00 2.817869e-03 1.797915e-03
1.496231e+00 9.826125e-01 1.008685e+00 3.785878e+04 2.975242e+00 -3.619075e-03 1.737237e-03
1.584888e+00 1.010504e+00 1.016237e+00 3.924612e+04 3.110842e+00 -2.736390e-03 1.706123e-03
1.678799e+00 1.040104e+00 1.025628e+00 4.088195e+04 3.139809e+00 5.313635e-03 1.712441e-03
1.778274e+00 1.071549e+00 1.007143e+00 4.161747e+04 3.347983e+00 2.485561e-02 1.639009e-03
1.883643e+00 1.103828e+00 1.008820e+00 4.279455e+04 3.456527e+00 3.897548e-03 1.606822e-03
1.995256e+00 1.137697e+00 1.005035e+00 4.406168e+04 3.521462e+00 -1.515806e-03 1.543403e-03
2.113483e+00 1.172476e+00 9.933836e-01 4.467565e+04 3.516051e+00 -2.092016e-02 1.481414e-03
2.238714e+00 1.208960e+00 9.923146e-01 4.605867e+04 3.737276e+00 -6.807983e-03 1.448035e-03
2.371367e+00 1.246196e+00 9.952074e-01 4.817867e+04 3.902161e+00 -3.736222e-02 1.393914e-03
2.511879e+00 1.284224e+00 1.003610e+00 5.059789e+04 4.029803e+00 -2.773821e-02 1.381755e-03
2.660717e+00 1.323371e+00 1.014028e+00 5.379869e+04 4.287634e+00 2.731085e-03 1.327991e-03
2.818375e+00 1.363157e+00 1.009239e+00 5.566620e+04 4.543555e+00 -2.252281e-03 1.281738e-03
2.985374e+00 1.403202e+00 9.981462e-01 5.724528e+04 4.555014e+00 -1.025021e-03 1.236439e-03
3.162268e+00 1.443154e+00 1.005565e+00 6.110696e+04 4.754276e+00 -1.126325e-02 1.196861e-03
3.349645e+00 1.482325e+00 1.000386e+00 6.378848e+04 4.988553e+00 -2.033812e-02 1.166105e-03
3.548123e+00 1.522093e+00 1.007465e+00 6.788338e+04 5.338693e+00 -1.784462e-02 1.151085e-03
3.758363e+00 1.561192e+00 9.975578e-01 6.957532e+04 5.509944e+00 -3.522307e-02 1.070499e-03
3.981059e+00 1.599566e+00 9.914560e-01 7.341129e+04 5.874727e+00 4.176259e-03 1.030087e-03
4.216952e+00 1.636262e+00 9.999348e-01 7.811174e+04 6.545088e+00 -4.851520e-03 1.023293e-03
4.466822e+00 1.672421e+00 9.979728e-01 8.211898e+04 6.762175e+00 -5.634129e-03 1.000285e-03
4.731497e+00 1.706773e+00 9.845543e-01 8.449791e+04 6.855758e+00 1.931381e-02 9.605885e-04
5.011856e+00 1.738688e+00 9.895865e-01 8.936094e+04 7.193803e+00 4.310250e-03 9.175539e-04
5.308826e+00 1.769019e+00 9.814803e-01 9.491788e+04 7.588507e+00 3.414750e-03 9.151697e-04
5.623394e+00 1.796792e+00 9.842768e-01 9.980467e+04 8.015042e+00 1.838613e-02 8.896589e-04
5.956601e+00 1.821922e+00 9.772214e-01 1.054164e+05 8.393831e+00 -1.894653e-02 8.709431e-04
6.309551e+00 1.843672e+00 9.768798e-01 1.131474e+05 8.926682e+00 -1.480019e-02 8.316040e-04
6.683415e+00 1.863039e+00 1.004242e+00 1.250332e+05 9.910896e+00 8.622766e-03 8.345842e-04
7.079432e+00 1.880039e+00 9.971631e-01 1.314184e+05 1.053988e+01 -4.764140e-03 8.009672e-04
7.498914e+00 1.892855e+00 9.991154e-01 1.406364e+05 1.124143e+01 -2.109885e-03 7.888079e-04
7.943253e+00 1.903475e+00 1.008658e+00 1.524453e+05 1.213397e+01 -1.415074e-03 7.631779e-04
8.413919e+00 1.910308e+00 1.008565e+00 1.610022e+05 1.288136e+01 -3.550929e-02 7.693768e-04
8.912475e+00 1.912912e+00 9.981942e-01 1.682043e+05 1.333846e+01 -4.058790e-02 7.330179e-04
9.440572e+00 1.913553e+00 9.939224e-01 1.783101e+05 1.423100e+01 -1.179534e-02 7.249117e-04
9.999960e+00 1.910728e+00 9.984108e-01 1.905415e+05 1.511717e+01 6.558895e-04 7.162094e-04
1.059250e+01 1.905005e+00 1.003397e+00 2.040245e+05 1.621343e+01 -9.525716e-03 7.128716e-04
1.122014e+01 1.896482e+00 9.952906e-01 2.131536e+05 1.694300e+01 1.230359e-02 7.094145e-04
1.188497e+01 1.884513e+00 9.993901e-01 2.293613e+05 1.833974e+01 -1.651388e-02 7.078648e-04
1.258920e+01 1.870333e+00 1.002907e+00 2.443357e+05 1.933032e+01 -1.615512e-02 6.935596e-04
1.333516e+01 1.855134e+00 9.949704e-01 2.569338e+05 2.040621e+01 -2.065605e-02 6.721020e-04
1.412532e+01 1.836430e+00 9.922326e-01 2.741111e+05 2.177112e+01 -3.070843e-02 6.642342e-04
1.496229e+01 1.816470e+00 9.916921e-01 2.876531e+05 2.290430e+01 -1.528299e-02 6.513596e-04
1.584886e+01 1.796517e+00 9.970900e-01 3.074242e+05 2.446148e+01 -4.600704e-03 6.598234e-04
1.678797e+01 1.774242e+00 1.014874e+00 3.373484e+05 2.696530e+01 -8.598566e-04 6.425381e-04
1.778272e+01 1.749698e+00 1.007011e+00 3.572812e+05 2.845181e+01 -7.546425e-03 6.461143e-04
1.883641e+01 1.724633e+00 1.006612e+00 3.731059e+05 2.973269e+01 7.035017e-03 6.450415e-04
1.995253e+01 1.699998e+00 1.006587e+00 3.976624e+05 3.168647e+01 -6.970584e-03 6.400347e-04
2.113479e+01 1.673545e+00 1.009095e+00 4.188730e+05 3.331304e+01 -1.732874e-02 6.265640e-04
2.238711e+01 1.648319e+00 1.005113e+00 4.437899e+05 3.529993e+01 2.421749e-02 6.130934e-04
2.371363e+01 1.622269e+00 9.966621e-01 4.705223e+05 3.744470e+01 -1.452386e-03 5.961657e-04
2.511875e+01 1.596761e+00 1.016726e+00 5.074198e+05 4.045337e+01 -1.691055e-02 6.214380e-04
2.660712e+01 1.569704e+00 9.958963e-01 5.222577e+05 4.158209e+01 -7.771254e-04 6.240606e-04
2.818369e+01 1.545962e+00 1.005970e+00 5.537129e+05 4.410056e+01 2.877772e-02 6.144047e-04
2.985368e+01 1.519906e+00 9.950665e-01 5.782944e+05 4.606517e+01 1.178563e-02 6.077290e-04
3.162262e+01 1.494516e+00 9.967293e-01 6.137282e+05 4.882874e+01 3.156698e-02 6.042719e-04
3.349638e+01 1.471157e+00 9.919296e-01 6.495980e+05 5.163113e+01 2.784526e-02 6.110668e-04
3.548116e+01 1.449081e+00 9.791488e-01 6.822617e+05 5.421836e+01 2.546942e-02 6.082058e-04
3.758355e+01 1.425411e+00 9.840511e-01 7.240478e+05 5.764146e+01 3.349590e-02 6.282330e-04
3.981051e+01 1.402803e+00 9.728130e-01 7.636922e+05 6.085257e+01 2.091682e-02 6.011724e-04
4.216943e+01 1.382101e+00 9.842958e-01 8.190089e+05 6.518541e+01 1.144516e-02 6.122589e-04
4.466813e+01 1.363716e+00 9.908675e-01 8.837559e+05 7.035221e+01 2.305984e-03 5.859137e-04
4.731487e+01 1.345138e+00 9.896164e-01 9.237352e+05 7.350730e+01 -4.823506e-03 5.974770e-04
5.011845e+01 1.327073e+00 1.010051e+00 1.016636e+06 8.096085e+01 2.755523e-02 5.794764e-04
5.308816e+01 1.307773e+00 9.882571e-01 1.041981e+06 8.298083e+01 3.630698e-02 6.000996e-04
5.623383e+01 1.288409e+00 1.009855e+00 1.129384e+06 8.978376e+01 1.332891e-02 5.836487e-04
5.956588e+01 1.269954e+00 9.828073e-01 1.150249e+06 9.154815e+01 -1.294911e-02 5.737543e-04
6.309538e+01 1.255531e+00 1.001531e+00 1.246611e+06 9.926175e+01 -1.864064e-02 5.365610e-04
6.683401e+01 1.241309e+00 1.015489e+00 1.344741e+06 1.069381e+02 -1.060796e-02 5.776882e-04
7.079417e+01 1.226424e+00 1.001008e+00 1.400887e+06 1.114333e+02 5.697489e-02 5.571842e-04
7.498899e+01 1.217249e+00 1.002119e+00 1.471244e+06 1.170613e+02 -5.037189e-03 5.879402e-04
7.943236e+01 1.203228e+00 9.988778e-01 1.596707e+06 1.270575e+02 1.080692e-02 5.519390e-04
8.413902e+01 1.193364e+00 9.990982e-01 1.646353e+06 1.310313e+02 -2.846861e-02 5.884171e-04
8.912457e+01 1.175367e+00 9.875150e-01 1.692662e+06 1.347294e+02 -1.414341e-02 5.621910e-04
9.440553e+01 1.165476e+00 9.830289e-01 1.849351e+06 1.471483e+02 -1.873225e-02 5.780458e-04
9.999940e+01 1.149886e+00 1.013555e+00 2.019884e+06 1.607264e+02 -2.128273e-02 5.694628e-04
1.059248e+02 1.139759e+00 1.000681e+00 2.102974e+06 1.673705e+02 3.329217e-02 5.726814e-04
1.122012e+02 1.132273e+00 9.835219e-01 2.174069e+06 1.730141e+02 -2.245909e-02 5.643368e-04
1.188496e+02 1.119215e+00 9.968193e-01 2.331269e+06 1.854973e+02 -2.989465e-02 5.788803e-04
1.258919e+02 1.110880e+00 1.020130e+00 2.582171e+06 2.054754e+02 1.584423e-02 5.683899e-04
1.333515e+02 1.105066e+00 1.002328e+00 2.612876e+06 2.078535e+02 -1.426589e-02 5.781651e-04
1.412531e+02 1.095227e+00 9.791793e-01 2.655456e+06 2.113976e+02 1.867461e-02 5.666018e-04
1.496229e+02 1.086643e+00 1.005885e+00 2.921800e+06 2.325206e+02 -3.625578e-02 5.689859e-04
1.584886e+02 1.083469e+00 1.002704e+00 3.075933e+06 2.447154e+02 -3.021419e-03 5.706549e-04
1.678797e+02 1.067654e+00 1.020394e+00 3.415895e+06 2.717848e+02 -4.899406e-02 5.582571e-04
1.778273e+02 1.065057e+00 9.949781e-01 3.370839e+06 2.682263e+02 3.213298e-02 5.528927e-04
1.883642e+02 1.065508e+00 1.002992e+00 3.697658e+06 2.941960e+02 1.656663e-02 5.340576e-04
1.995256e+02 1.056098e+00 1.000343e+00 3.966914e+06 3.156988e+02 4.206717e-02 5.589724e-04
2.113482e+02 1.051166e+00 1.013753e+00 4.319053e+06 3.437085e+02 -4.098409e-02 5.657673e-04
2.238714e+02 1.039864e+00 1.001528e+00 4.507104e+06 3.587314e+02 -3.260911e-02 5.601645e-04
2.371367e+02 1.031189e+00 1.004278e+00 4.634394e+06 3.687671e+02 -2.509838e-02 5.730391e-04
2.511880e+02 1.029799e+00 1.024886e+00 5.029502e+06 4.001798e+02 1.646054e-02 5.398989e-04
2.660719e+02 1.022484e+00 1.017934e+00 5.341460e+06 4.250907e+02 1.376629e-02 5.483627e-04
2.818377e+02 1.005549e+00 9.791700e-01 5.383518e+06 4.283977e+02 7.213521e-02 5.542040e-04
2.985377e+02 1.027715e+00 1.014977e+00 6.225876e+06 4.954248e+02 1.181495e-02 5.476475e-04
3.162272e+02 1.014403e+00 9.869608e-01 6.086519e+06 4.843454e+02 5.943036e-02 5.605221e-04
3.349650e+02 1.002782e+00 1.025863e+00 7.199287e+06 5.729476e+02 -4.485059e-02 5.378723e-04
3.548130e+02 9.994919e-01 1.008467e+00 7.128948e+06 5.672814e+02 -1.329184e-03 5.271435e-04
3.758370e+02 1.013842e+00 1.019634e+00 7.597586e+06 6.045781e+02 -2.283561e-02 5.643368e-04
3.981069e+02 9.935821e-01 1.004139e+00 7.834588e+06 6.234857e+02 1.213419e-02 5.352497e-04
4.216963e+02 9.980164e-01 9.812825e-01 8.381229e+06 6.669474e+02 3.859460e-02 5.635023e-04
4.466834e+02 9.862236e-01 1.001569e+00 9.236185e+06 7.350291e+02 -2.227509e-02 5.773306e-04
4.731512e+02 1.032218e+00 1.006367e+00 9.059027e+06 7.209330e+02 -3.275526e-02 5.419254e-04
5.011873e+02 1.003921e+00 9.467754e-01 9.211109e+06 7.330059e+02 8.154333e-02 5.486012e-04
5.308846e+02 9.861383e-01 9.822640e-01 1.061298e+07 8.445397e+02 -7.307202e-02 5.512238e-04
5.623416e+02 1.013799e+00 1.004210e+00 1.075353e+07 8.556937e+02 -3.560632e-02 5.425215e-04
5.956626e+02 9.877422e-01 9.615450e-01 1.113334e+07 8.859633e+02 -1.572472e-02 5.584955e-04
6.309579e+02 9.699197e-01 9.405440e-01 1.200848e+07 9.556340e+02 -6.494880e-02 5.444288e-04
6.683447e+02 9.565865e-01 9.740082e-01 1.325592e+07 1.054897e+03 -2.142143e-02 5.433559e-04
7.079468e+02 9.943047e-01 9.419320e-01 1.303900e+07 1.037630e+03 -1.876819e-02 5.905628e-04
7.498954e+02 1.058859e+00 9.974110e-01 1.539800e+07 1.225333e+03 -2.613717e-02 5.539656e-04
7.943297e+02 9.739577e-01 1.013065e+00 1.662324e+07 1.322806e+03 -4.405832e-02 5.524158e-04
8.413969e+02 1.044957e+00 9.631121e-01 1.553060e+07 1.235926e+03 -1.569903e-02 5.702972e-04
8.912530e+02 9.708819e-01 9.433956e-01 1.639241e+07 1.304467e+03 2.320886e-03 5.437136e-04
9.440632e+02 9.375917e-01 9.412379e-01 1.728781e+07 1.375710e+03 -9.735113e-02 5.700588e-04
